customer_id,product_id,product_name,product_category,order_date
11000,923,Touring Tire Tube,4,10/3/2013
"11000,707,""Sport-100 Helmet, Red"",4,10/3/2013"
11000,878,Fender Set - Mountain,4,6/20/2013
"11000,881,""Short-Sleeve Classic Jersey, S"",3,10/3/2013"
"11001,708,""Sport-100 Helmet, Black"",4,5/12/2014"
11001,872,Road Bottle Cage,4,5/12/2014
11001,870,Water Bottle - 30 oz.,4,5/12/2014
11001,871,Mountain Bottle Cage,4,6/18/2013
11001,712,AWC Logo Cap,3,6/18/2013
11003,873,Patch Kit/8 Patches,4,10/10/2013
11003,712,AWC Logo Cap,3,6/7/2013
11003,871,Mountain Bottle Cage,4,6/7/2013
11003,934,Touring Tire,4,10/10/2013
"11004,707,""Sport-100 Helmet, Red"",4,6/24/2013"
11004,878,Fender Set - Mountain,4,6/24/2013
11005,873,Patch Kit/8 Patches,4,6/25/2013
11005,921,Mountain Tire Tube,4,6/25/2013
11006,870,Water Bottle - 30 oz.,4,5/31/2013
"11007,707,""Sport-100 Helmet, Red"",4,8/19/2013"
11007,878,Fender Set - Mountain,4,6/23/2013
11007,930,HL Mountain Tire,4,6/23/2013
"11007,711,""Sport-100 Helmet, Blue"",4,6/23/2013"
11008,871,Mountain Bottle Cage,4,6/5/2013
11008,870,Water Bottle - 30 oz.,4,6/5/2013
"11008,707,""Sport-100 Helmet, Red"",4,8/2/2013"
"11009,708,""Sport-100 Helmet, Black"",4,10/9/2013"
11012,873,Patch Kit/8 Patches,4,3/17/2014
11012,921,Mountain Tire Tube,4,8/16/2013
"11012,708,""Sport-100 Helmet, Black"",4,8/16/2013"
11012,930,HL Mountain Tire,4,8/16/2013
11013,930,HL Mountain Tire,4,6/23/2014
11013,922,Road Tire Tube,4,9/13/2013
"11013,708,""Sport-100 Helmet, Black"",4,9/13/2013"
"11013,711,""Sport-100 Helmet, Blue"",4,6/23/2014"
11014,930,HL Mountain Tire,4,9/30/2013
"11014,859,""Half-Finger Gloves, M"",3,9/30/2013"
11014,921,Mountain Tire Tube,4,9/30/2013
"11014,708,""Sport-100 Helmet, Black"",4,9/30/2013"
11015,878,Fender Set - Mountain,4,6/20/2013
11016,930,HL Mountain Tire,4,7/12/2013
11018,872,Road Bottle Cage,4,3/26/2014
"11018,711,""Sport-100 Helmet, Blue"",4,3/26/2014"
11018,878,Fender Set - Mountain,4,6/18/2013
11019,930,HL Mountain Tire,4,12/23/2013
"11019,707,""Sport-100 Helmet, Red"",4,3/28/2014"
11019,873,Patch Kit/8 Patches,4,3/19/2014
11019,921,Mountain Tire Tube,4,3/19/2014
"11019,875,""Racing Socks, L"",3,8/13/2013"
"11019,711,""Sport-100 Helmet, Blue"",4,6/14/2014"
11019,923,Touring Tire Tube,4,6/14/2014
11019,928,LL Mountain Tire,4,2/8/2014
"11019,713,""Long-Sleeve Logo Jersey, S"",3,5/1/2014"
11019,876,Hitch Rack - 4-Bike,4,6/13/2014
11019,931,LL Road Tire,4,2/19/2014
11019,932,ML Road Tire,4,10/25/2013
11019,934,Touring Tire,4,5/2/2014
"11019,860,""Half-Finger Gloves, L"",3,6/14/2014"
11019,929,ML Mountain Tire,4,3/19/2014
11019,922,Road Tire Tube,4,10/25/2013
11021,878,Fender Set - Mountain,4,6/25/2013
11023,873,Patch Kit/8 Patches,4,6/16/2014
11023,922,Road Tire Tube,4,6/16/2014
"11023,883,""Short-Sleeve Classic Jersey, L"",3,7/20/2013"
11023,921,Mountain Tire Tube,4,7/20/2013
11024,930,HL Mountain Tire,4,11/27/2013
11024,877,Bike Wash - Dissolver,4,12/26/2013
11024,922,Road Tire Tube,4,12/26/2013
11024,921,Mountain Tire Tube,4,11/27/2013
11025,878,Fender Set - Mountain,4,6/22/2013
"11025,881,""Short-Sleeve Classic Jersey, S"",3,3/27/2014"
11026,923,Touring Tire Tube,4,3/17/2014
11026,934,Touring Tire,4,3/17/2014
11026,880,Hydration Pack - 70 oz.,4,8/27/2013
11027,934,Touring Tire,4,3/26/2014
"11027,883,""Short-Sleeve Classic Jersey, L"",3,10/23/2013"
11027,880,Hydration Pack - 70 oz.,4,10/23/2013
11027,873,Patch Kit/8 Patches,4,3/26/2014
11028,873,Patch Kit/8 Patches,4,10/13/2013
11029,870,Water Bottle - 30 oz.,4,4/13/2014
11029,872,Road Bottle Cage,4,4/13/2014
"11029,882,""Short-Sleeve Classic Jersey, M"",3,10/1/2013"
11031,872,Road Bottle Cage,4,4/15/2014
11031,870,Water Bottle - 30 oz.,4,4/15/2014
11032,712,AWC Logo Cap,3,4/10/2014
11032,871,Mountain Bottle Cage,4,1/11/2014
11032,921,Mountain Tire Tube,4,1/11/2014
11032,873,Patch Kit/8 Patches,4,1/11/2014
11032,870,Water Bottle - 30 oz.,4,1/11/2014
11033,712,AWC Logo Cap,3,4/7/2014
"11033,711,""Sport-100 Helmet, Blue"",4,1/1/2014"
11033,870,Water Bottle - 30 oz.,4,4/7/2014
11035,872,Road Bottle Cage,4,4/17/2014
11037,873,Patch Kit/8 Patches,4,6/22/2013
11037,871,Mountain Bottle Cage,4,6/22/2013
11037,921,Mountain Tire Tube,4,6/22/2013
11037,870,Water Bottle - 30 oz.,4,6/22/2013
11039,712,AWC Logo Cap,3,4/13/2014
11039,873,Patch Kit/8 Patches,4,2/20/2014
11039,934,Touring Tire,4,4/13/2014
11039,923,Touring Tire Tube,4,4/13/2014
11040,878,Fender Set - Mountain,4,9/3/2013
11041,878,Fender Set - Mountain,4,6/16/2013
11043,930,HL Mountain Tire,4,1/18/2014
11043,922,Road Tire Tube,4,10/8/2013
11044,870,Water Bottle - 30 oz.,4,4/10/2014
11044,872,Road Bottle Cage,4,4/10/2014
11044,930,HL Mountain Tire,4,4/6/2014
"11045,713,""Long-Sleeve Logo Jersey, S"",3,3/31/2014"
"11045,711,""Sport-100 Helmet, Blue"",4,9/10/2013"
11045,921,Mountain Tire Tube,4,9/10/2013
"11046,859,""Half-Finger Gloves, M"",3,3/31/2014"
11046,876,Hitch Rack - 4-Bike,4,4/14/2014
11048,871,Mountain Bottle Cage,4,5/27/2014
11048,712,AWC Logo Cap,3,5/27/2014
"11048,882,""Short-Sleeve Classic Jersey, M"",3,5/27/2014"
11048,870,Water Bottle - 30 oz.,4,5/27/2014
11049,922,Road Tire Tube,4,3/31/2014
11049,921,Mountain Tire Tube,4,8/9/2013
11049,930,HL Mountain Tire,4,8/9/2013
"11049,707,""Sport-100 Helmet, Red"",4,8/9/2013"
"11050,711,""Sport-100 Helmet, Blue"",4,4/21/2014"
"11050,866,""Classic Vest, L"",3,8/16/2013"
11051,921,Mountain Tire Tube,4,6/3/2014
"11051,711,""Sport-100 Helmet, Blue"",4,6/3/2014"
"11051,713,""Long-Sleeve Logo Jersey, S"",3,5/31/2014"
11051,712,AWC Logo Cap,3,5/31/2014
"11052,711,""Sport-100 Helmet, Blue"",4,10/27/2013"
11052,873,Patch Kit/8 Patches,4,6/23/2013
11052,930,HL Mountain Tire,4,6/23/2013
"11054,707,""Sport-100 Helmet, Red"",4,10/30/2013"
11054,880,Hydration Pack - 70 oz.,4,6/9/2013
11055,921,Mountain Tire Tube,4,7/7/2013
"11055,708,""Sport-100 Helmet, Black"",4,7/7/2013"
11055,870,Water Bottle - 30 oz.,4,11/7/2013
11055,930,HL Mountain Tire,4,7/7/2013
11056,870,Water Bottle - 30 oz.,4,7/6/2013
"11056,882,""Short-Sleeve Classic Jersey, M"",3,7/6/2013"
"11056,858,""Half-Finger Gloves, S"",3,7/6/2013"
11056,871,Mountain Bottle Cage,4,7/6/2013
"11058,881,""Short-Sleeve Classic Jersey, S"",3,11/4/2013"
11058,880,Hydration Pack - 70 oz.,4,6/6/2013
"11059,882,""Short-Sleeve Classic Jersey, M"",3,7/21/2013"
11059,871,Mountain Bottle Cage,4,8/11/2013
11059,872,Road Bottle Cage,4,7/21/2013
11059,712,AWC Logo Cap,3,7/21/2013
11060,872,Road Bottle Cage,4,11/25/2013
11060,870,Water Bottle - 30 oz.,4,11/25/2013
"11061,707,""Sport-100 Helmet, Red"",4,6/2/2013"
11061,871,Mountain Bottle Cage,4,6/2/2013
"11062,711,""Sport-100 Helmet, Blue"",4,6/9/2013"
"11063,883,""Short-Sleeve Classic Jersey, L"",3,6/14/2013"
11063,870,Water Bottle - 30 oz.,4,6/14/2013
11063,712,AWC Logo Cap,3,6/14/2013
11065,930,HL Mountain Tire,4,7/13/2013
11065,922,Road Tire Tube,4,6/12/2014
11065,879,All-Purpose Bike Stand,4,7/13/2013
"11066,711,""Sport-100 Helmet, Blue"",4,2/19/2014"
11066,922,Road Tire Tube,4,2/19/2014
11066,873,Patch Kit/8 Patches,4,10/31/2013
11066,921,Mountain Tire Tube,4,10/31/2013
11067,922,Road Tire Tube,4,1/18/2014
11067,921,Mountain Tire Tube,4,6/14/2014
11067,930,HL Mountain Tire,4,6/14/2014
"11067,711,""Sport-100 Helmet, Blue"",4,6/14/2014"
11068,928,LL Mountain Tire,4,3/10/2014
11068,878,Fender Set - Mountain,4,3/10/2014
"11068,860,""Half-Finger Gloves, L"",3,9/30/2013"
11068,871,Mountain Bottle Cage,4,12/20/2013
11068,872,Road Bottle Cage,4,9/30/2013
11068,877,Bike Wash - Dissolver,4,3/10/2014
11070,877,Bike Wash - Dissolver,4,6/11/2013
11070,930,HL Mountain Tire,4,6/11/2013
11070,873,Patch Kit/8 Patches,4,11/26/2013
11070,921,Mountain Tire Tube,4,6/11/2013
11071,870,Water Bottle - 30 oz.,4,5/3/2014
11071,928,LL Mountain Tire,4,8/1/2013
"11071,881,""Short-Sleeve Classic Jersey, S"",3,5/3/2014"
11071,871,Mountain Bottle Cage,4,8/18/2013
11072,872,Road Bottle Cage,4,11/15/2013
"11072,883,""Short-Sleeve Classic Jersey, L"",3,6/11/2013"
11072,878,Fender Set - Mountain,4,6/11/2013
11073,871,Mountain Bottle Cage,4,8/23/2013
11073,712,AWC Logo Cap,3,1/21/2014
"11073,708,""Sport-100 Helmet, Black"",4,8/23/2013"
"11073,883,""Short-Sleeve Classic Jersey, L"",3,8/23/2013"
"11073,711,""Sport-100 Helmet, Blue"",4,11/10/2013"
11073,921,Mountain Tire Tube,4,11/10/2013
11073,928,LL Mountain Tire,4,11/10/2013
11074,871,Mountain Bottle Cage,4,8/23/2013
11074,872,Road Bottle Cage,4,10/27/2013
11074,877,Bike Wash - Dissolver,4,10/6/2013
11074,928,LL Mountain Tire,4,10/6/2013
11074,870,Water Bottle - 30 oz.,4,8/23/2013
11075,872,Road Bottle Cage,4,11/24/2013
11077,880,Hydration Pack - 70 oz.,4,6/27/2013
11078,921,Mountain Tire Tube,4,10/22/2013
11078,879,All-Purpose Bike Stand,4,12/16/2013
"11078,867,""Women's Mountain Shorts, S"",3,3/5/2014"
"11078,708,""Sport-100 Helmet, Black"",4,3/15/2014"
11078,870,Water Bottle - 30 oz.,4,5/27/2014
11078,931,LL Road Tire,4,3/15/2014
11078,877,Bike Wash - Dissolver,4,8/7/2013
11078,876,Hitch Rack - 4-Bike,4,6/30/2014
11078,928,LL Mountain Tire,4,10/22/2013
"11078,874,""Racing Socks, M"",3,10/14/2013"
"11078,707,""Sport-100 Helmet, Red"",4,7/18/2013"
11078,923,Touring Tire Tube,4,12/19/2013
11078,934,Touring Tire,4,9/19/2013
11078,932,ML Road Tire,4,10/23/2013
11078,873,Patch Kit/8 Patches,4,12/19/2013
11078,878,Fender Set - Mountain,4,8/11/2013
11078,922,Road Tire Tube,4,3/15/2014
11078,929,ML Mountain Tire,4,8/11/2013
11079,870,Water Bottle - 30 oz.,4,1/31/2014
11079,872,Road Bottle Cage,4,1/31/2014
11079,928,LL Mountain Tire,4,6/3/2014
11079,712,AWC Logo Cap,3,1/31/2014
"11080,711,""Sport-100 Helmet, Blue"",4,11/23/2013"
11080,921,Mountain Tire Tube,4,6/15/2013
11080,930,HL Mountain Tire,4,6/15/2013
11081,922,Road Tire Tube,4,9/13/2013
11081,930,HL Mountain Tire,4,7/15/2013
11081,712,AWC Logo Cap,3,9/13/2013
"11081,881,""Short-Sleeve Classic Jersey, S"",3,9/13/2013"
11082,870,Water Bottle - 30 oz.,4,4/8/2014
11082,930,HL Mountain Tire,4,6/24/2013
"11082,859,""Half-Finger Gloves, M"",3,4/8/2014"
"11083,708,""Sport-100 Helmet, Black"",4,6/8/2013"
11083,921,Mountain Tire Tube,4,6/8/2013
11084,873,Patch Kit/8 Patches,4,6/6/2013
11084,872,Road Bottle Cage,4,4/23/2014
"11085,708,""Sport-100 Helmet, Black"",4,5/8/2014"
11085,922,Road Tire Tube,4,6/10/2014
"11085,713,""Long-Sleeve Logo Jersey, S"",3,6/10/2014"
11085,921,Mountain Tire Tube,4,5/8/2014
"11086,711,""Sport-100 Helmet, Blue"",4,5/23/2014"
11086,930,HL Mountain Tire,4,5/23/2014
"11086,858,""Half-Finger Gloves, S"",3,5/23/2014"
11086,922,Road Tire Tube,4,12/2/2013
11087,873,Patch Kit/8 Patches,4,1/9/2014
11087,879,All-Purpose Bike Stand,4,7/28/2013
11087,930,HL Mountain Tire,4,1/9/2014
11088,872,Road Bottle Cage,4,4/14/2014
"11088,858,""Half-Finger Gloves, S"",3,6/15/2013"
11088,870,Water Bottle - 30 oz.,4,4/14/2014
11088,878,Fender Set - Mountain,4,6/15/2013
"11089,708,""Sport-100 Helmet, Black"",4,5/31/2013"
"11089,711,""Sport-100 Helmet, Blue"",4,4/20/2014"
11089,878,Fender Set - Mountain,4,5/31/2013
"11089,875,""Racing Socks, L"",3,4/20/2014"
11090,712,AWC Logo Cap,3,4/23/2014
"11090,858,""Half-Finger Gloves, S"",3,6/29/2013"
11091,928,LL Mountain Tire,4,5/23/2014
11091,934,Touring Tire,4,8/9/2013
11091,876,Hitch Rack - 4-Bike,4,3/13/2014
"11091,708,""Sport-100 Helmet, Black"",4,1/3/2014"
11091,923,Touring Tire Tube,4,5/21/2014
"11091,858,""Half-Finger Gloves, S"",3,8/9/2013"
"11091,714,""Long-Sleeve Logo Jersey, M"",3,8/22/2013"
"11091,881,""Short-Sleeve Classic Jersey, S"",3,12/22/2013"
"11091,707,""Sport-100 Helmet, Red"",4,6/7/2014"
11091,922,Road Tire Tube,4,6/10/2014
11091,873,Patch Kit/8 Patches,4,5/23/2014
11091,930,HL Mountain Tire,4,4/8/2014
11091,872,Road Bottle Cage,4,7/1/2013
"11091,867,""Women's Mountain Shorts, S"",3,11/5/2013"
11091,931,LL Road Tire,4,1/5/2014
"11091,860,""Half-Finger Gloves, L"",3,3/13/2014"
11091,712,AWC Logo Cap,3,12/22/2013
11091,921,Mountain Tire Tube,4,1/3/2014
11091,929,ML Mountain Tire,4,12/1/2013
"11091,859,""Half-Finger Gloves, M"",3,8/22/2013"
11092,872,Road Bottle Cage,4,11/21/2013
"11093,711,""Sport-100 Helmet, Blue"",4,6/9/2013"
11093,878,Fender Set - Mountain,4,6/9/2013
"11093,707,""Sport-100 Helmet, Red"",4,11/8/2013"
11094,870,Water Bottle - 30 oz.,4,6/13/2014
11094,928,LL Mountain Tire,4,9/7/2013
11094,876,Hitch Rack - 4-Bike,4,1/21/2014
11094,871,Mountain Bottle Cage,4,6/13/2014
11094,712,AWC Logo Cap,3,6/13/2014
11094,921,Mountain Tire Tube,4,9/7/2013
11095,870,Water Bottle - 30 oz.,4,6/29/2013
"11095,882,""Short-Sleeve Classic Jersey, M"",3,6/29/2013"
"11095,708,""Sport-100 Helmet, Black"",4,11/25/2013"
"11097,707,""Sport-100 Helmet, Red"",4,12/24/2013"
"11098,884,""Short-Sleeve Classic Jersey, XL"",3,1/9/2014"
11098,870,Water Bottle - 30 oz.,4,3/18/2014
11098,928,LL Mountain Tire,4,7/14/2013
"11099,882,""Short-Sleeve Classic Jersey, M"",3,12/1/2013"
11099,871,Mountain Bottle Cage,4,8/6/2013
"11099,883,""Short-Sleeve Classic Jersey, L"",3,8/6/2013"
11099,870,Water Bottle - 30 oz.,4,12/1/2013
"11100,859,""Half-Finger Gloves, M"",3,8/23/2013"
11100,880,Hydration Pack - 70 oz.,4,8/23/2013
11100,872,Road Bottle Cage,4,1/7/2014
11101,876,Hitch Rack - 4-Bike,4,6/28/2013
11101,870,Water Bottle - 30 oz.,4,11/29/2013
11101,872,Road Bottle Cage,4,11/29/2013
11102,877,Bike Wash - Dissolver,4,12/16/2013
11102,880,Hydration Pack - 70 oz.,4,5/11/2014
11102,871,Mountain Bottle Cage,4,5/11/2014
11102,870,Water Bottle - 30 oz.,4,5/11/2014
"11103,707,""Sport-100 Helmet, Red"",4,11/6/2013"
11103,870,Water Bottle - 30 oz.,4,6/11/2013
"11103,859,""Half-Finger Gloves, M"",3,6/11/2013"
11103,871,Mountain Bottle Cage,4,6/11/2013
11104,930,HL Mountain Tire,4,6/24/2013
11104,921,Mountain Tire Tube,4,6/24/2013
11105,877,Bike Wash - Dissolver,4,11/5/2013
"11107,708,""Sport-100 Helmet, Black"",4,6/15/2013"
11107,878,Fender Set - Mountain,4,6/15/2013
11108,930,HL Mountain Tire,4,6/1/2013
11109,876,Hitch Rack - 4-Bike,4,6/13/2013
11109,930,HL Mountain Tire,4,6/13/2013
11109,712,AWC Logo Cap,3,11/24/2013
11109,878,Fender Set - Mountain,4,6/13/2013
11110,872,Road Bottle Cage,4,1/20/2014
11111,934,Touring Tire,4,1/22/2014
11111,923,Touring Tire Tube,4,1/22/2014
11111,870,Water Bottle - 30 oz.,4,8/12/2013
11111,871,Mountain Bottle Cage,4,8/12/2013
"11112,707,""Sport-100 Helmet, Red"",4,2/2/2014"
11112,879,All-Purpose Bike Stand,4,9/7/2013
11113,878,Fender Set - Mountain,4,7/12/2013
11113,870,Water Bottle - 30 oz.,4,7/4/2013
11113,877,Bike Wash - Dissolver,4,9/21/2013
"11113,708,""Sport-100 Helmet, Black"",4,7/4/2013"
11113,928,LL Mountain Tire,4,7/12/2013
11114,921,Mountain Tire Tube,4,5/28/2014
11114,928,LL Mountain Tire,4,5/28/2014
11114,871,Mountain Bottle Cage,4,12/24/2013
"11114,707,""Sport-100 Helmet, Red"",4,5/28/2014"
"11115,866,""Classic Vest, L"",3,6/4/2014"
11115,870,Water Bottle - 30 oz.,4,6/4/2014
11115,877,Bike Wash - Dissolver,4,5/24/2014
11115,928,LL Mountain Tire,4,7/13/2013
"11116,707,""Sport-100 Helmet, Red"",4,12/12/2013"
11116,873,Patch Kit/8 Patches,4,8/15/2013
11116,928,LL Mountain Tire,4,8/15/2013
11116,871,Mountain Bottle Cage,4,12/12/2013
"11116,866,""Classic Vest, L"",3,12/12/2013"
11117,870,Water Bottle - 30 oz.,4,6/1/2013
"11117,708,""Sport-100 Helmet, Black"",4,11/25/2013"
11117,871,Mountain Bottle Cage,4,6/1/2013
11117,712,AWC Logo Cap,3,6/1/2013
11118,871,Mountain Bottle Cage,4,12/10/2013
11118,880,Hydration Pack - 70 oz.,4,12/10/2013
11118,921,Mountain Tire Tube,4,4/12/2014
11118,870,Water Bottle - 30 oz.,4,12/10/2013
11119,873,Patch Kit/8 Patches,4,7/6/2013
11119,877,Bike Wash - Dissolver,4,7/6/2013
11119,928,LL Mountain Tire,4,7/6/2013
"11120,711,""Sport-100 Helmet, Blue"",4,9/27/2013"
11120,930,HL Mountain Tire,4,9/27/2013
11120,880,Hydration Pack - 70 oz.,4,2/19/2014
11120,921,Mountain Tire Tube,4,9/27/2013
11120,923,Touring Tire Tube,4,2/19/2014
11121,870,Water Bottle - 30 oz.,4,4/6/2014
11121,928,LL Mountain Tire,4,1/27/2014
11121,877,Bike Wash - Dissolver,4,1/27/2014
11121,873,Patch Kit/8 Patches,4,1/27/2014
11122,928,LL Mountain Tire,4,1/22/2014
11122,877,Bike Wash - Dissolver,4,7/24/2013
11123,871,Mountain Bottle Cage,4,6/27/2014
11123,870,Water Bottle - 30 oz.,4,6/27/2014
"11123,708,""Sport-100 Helmet, Black"",4,6/27/2014"
11123,921,Mountain Tire Tube,4,9/17/2013
11123,928,LL Mountain Tire,4,9/17/2013
"11124,708,""Sport-100 Helmet, Black"",4,11/18/2013"
11124,870,Water Bottle - 30 oz.,4,6/27/2013
"11125,858,""Half-Finger Gloves, S"",3,8/6/2013"
11125,873,Patch Kit/8 Patches,4,12/3/2013
11125,928,LL Mountain Tire,4,12/3/2013
11125,871,Mountain Bottle Cage,4,8/6/2013
11125,921,Mountain Tire Tube,4,12/3/2013
11126,934,Touring Tire,4,4/5/2014
11126,923,Touring Tire Tube,4,4/5/2014
11126,878,Fender Set - Mountain,4,9/23/2013
11127,922,Road Tire Tube,4,9/10/2013
11127,930,HL Mountain Tire,4,3/3/2014
"11128,713,""Long-Sleeve Logo Jersey, S"",3,11/19/2013"
11128,921,Mountain Tire Tube,4,1/12/2014
11128,871,Mountain Bottle Cage,4,1/12/2014
"11128,711,""Sport-100 Helmet, Blue"",4,1/12/2014"
11128,870,Water Bottle - 30 oz.,4,1/12/2014
11130,873,Patch Kit/8 Patches,4,5/11/2014
11131,930,HL Mountain Tire,4,4/26/2014
11131,870,Water Bottle - 30 oz.,4,3/20/2014
11131,921,Mountain Tire Tube,4,5/7/2014
11131,928,LL Mountain Tire,4,5/7/2014
11131,878,Fender Set - Mountain,4,4/26/2014
"11131,714,""Long-Sleeve Logo Jersey, M"",3,6/25/2014"
11131,712,AWC Logo Cap,3,3/20/2014
11132,921,Mountain Tire Tube,4,9/9/2013
11132,930,HL Mountain Tire,4,9/9/2013
11132,870,Water Bottle - 30 oz.,4,9/9/2013
11132,871,Mountain Bottle Cage,4,9/9/2013
11133,930,HL Mountain Tire,4,6/1/2014
11133,871,Mountain Bottle Cage,4,6/1/2014
11133,870,Water Bottle - 30 oz.,4,6/1/2014
11135,871,Mountain Bottle Cage,4,9/18/2013
11136,878,Fender Set - Mountain,4,6/5/2013
11137,873,Patch Kit/8 Patches,4,6/22/2014
11137,879,All-Purpose Bike Stand,4,12/31/2013
11137,922,Road Tire Tube,4,6/22/2014
11138,930,HL Mountain Tire,4,6/2/2014
11138,922,Road Tire Tube,4,2/19/2014
11138,921,Mountain Tire Tube,4,6/2/2014
11139,928,LL Mountain Tire,4,3/19/2014
"11139,714,""Long-Sleeve Logo Jersey, M"",3,2/14/2014"
11140,930,HL Mountain Tire,4,8/19/2013
"11141,707,""Sport-100 Helmet, Red"",4,2/28/2014"
11141,922,Road Tire Tube,4,10/16/2013
11141,930,HL Mountain Tire,4,2/28/2014
"11141,711,""Sport-100 Helmet, Blue"",4,10/16/2013"
11142,872,Road Bottle Cage,4,11/23/2013
11142,880,Hydration Pack - 70 oz.,4,11/23/2013
11142,934,Touring Tire,4,9/22/2013
11142,922,Road Tire Tube,4,6/15/2014
"11142,883,""Short-Sleeve Classic Jersey, L"",3,1/9/2014"
"11142,711,""Sport-100 Helmet, Blue"",4,3/11/2014"
"11142,708,""Sport-100 Helmet, Black"",4,6/15/2014"
11142,921,Mountain Tire Tube,4,6/3/2014
11142,870,Water Bottle - 30 oz.,4,11/23/2013
11142,931,LL Road Tire,4,5/13/2014
11142,930,HL Mountain Tire,4,6/3/2014
11142,928,LL Mountain Tire,4,3/11/2014
11142,932,ML Road Tire,4,5/15/2014
"11142,715,""Long-Sleeve Logo Jersey, L"",3,2/21/2014"
"11142,868,""Women's Mountain Shorts, M"",3,5/6/2014"
"11142,859,""Half-Finger Gloves, M"",3,9/20/2013"
11142,876,Hitch Rack - 4-Bike,4,5/18/2014
11142,923,Touring Tire Tube,4,2/20/2014
11143,873,Patch Kit/8 Patches,4,5/21/2014
11143,922,Road Tire Tube,4,5/21/2014
11143,921,Mountain Tire Tube,4,11/15/2013
11144,880,Hydration Pack - 70 oz.,4,6/27/2013
11145,870,Water Bottle - 30 oz.,4,6/27/2013
11146,871,Mountain Bottle Cage,4,7/8/2013
11146,921,Mountain Tire Tube,4,2/15/2014
11146,712,AWC Logo Cap,3,7/8/2013
11146,870,Water Bottle - 30 oz.,4,7/8/2013
"11147,707,""Sport-100 Helmet, Red"",4,9/29/2013"
11147,878,Fender Set - Mountain,4,9/29/2013
"11147,859,""Half-Finger Gloves, M"",3,3/18/2014"
11148,921,Mountain Tire Tube,4,5/5/2014
11148,873,Patch Kit/8 Patches,4,4/9/2014
"11148,707,""Sport-100 Helmet, Red"",4,5/5/2014"
11148,928,LL Mountain Tire,4,4/9/2014
11149,712,AWC Logo Cap,3,5/1/2014
11149,921,Mountain Tire Tube,4,11/4/2013
11149,928,LL Mountain Tire,4,3/28/2014
11150,712,AWC Logo Cap,3,12/15/2013
"11150,882,""Short-Sleeve Classic Jersey, M"",3,8/27/2013"
11150,928,LL Mountain Tire,4,8/27/2013
11150,921,Mountain Tire Tube,4,11/9/2013
"11150,707,""Sport-100 Helmet, Red"",4,8/27/2013"
11151,712,AWC Logo Cap,3,3/22/2014
11151,873,Patch Kit/8 Patches,4,9/15/2013
"11153,864,""Classic Vest, S"",3,8/29/2013"
11153,873,Patch Kit/8 Patches,4,8/29/2013
11153,921,Mountain Tire Tube,4,8/29/2013
11153,922,Road Tire Tube,4,8/29/2013
11156,880,Hydration Pack - 70 oz.,4,6/10/2013
11156,921,Mountain Tire Tube,4,6/10/2013
11157,873,Patch Kit/8 Patches,4,12/24/2013
11157,922,Road Tire Tube,4,12/24/2013
"11158,882,""Short-Sleeve Classic Jersey, M"",3,6/21/2013"
11159,922,Road Tire Tube,4,2/8/2014
11159,873,Patch Kit/8 Patches,4,4/9/2014
11159,921,Mountain Tire Tube,4,4/9/2014
11161,922,Road Tire Tube,4,4/13/2014
"11161,711,""Sport-100 Helmet, Blue"",4,4/13/2014"
11161,930,HL Mountain Tire,4,11/1/2013
11161,871,Mountain Bottle Cage,4,11/1/2013
11163,922,Road Tire Tube,4,10/1/2013
11163,930,HL Mountain Tire,4,1/5/2014
11163,873,Patch Kit/8 Patches,4,1/5/2014
11164,873,Patch Kit/8 Patches,4,9/27/2013
11164,921,Mountain Tire Tube,4,1/5/2014
"11164,865,""Classic Vest, M"",3,1/5/2014"
"11164,707,""Sport-100 Helmet, Red"",4,1/5/2014"
11165,922,Road Tire Tube,4,10/25/2013
"11165,866,""Classic Vest, L"",3,10/25/2013"
11166,921,Mountain Tire Tube,4,5/8/2014
"11166,708,""Sport-100 Helmet, Black"",4,3/16/2014"
"11166,875,""Racing Socks, L"",3,3/16/2014"
11166,930,HL Mountain Tire,4,5/8/2014
11167,930,HL Mountain Tire,4,6/9/2013
11168,878,Fender Set - Mountain,4,6/17/2013
11168,930,HL Mountain Tire,4,6/17/2013
11168,921,Mountain Tire Tube,4,6/17/2013
11168,873,Patch Kit/8 Patches,4,6/17/2013
"11169,708,""Sport-100 Helmet, Black"",4,10/26/2013"
11169,873,Patch Kit/8 Patches,4,2/24/2014
11169,921,Mountain Tire Tube,4,2/24/2014
11169,922,Road Tire Tube,4,10/26/2013
"11170,713,""Long-Sleeve Logo Jersey, S"",3,5/31/2014"
11170,922,Road Tire Tube,4,5/31/2014
11170,878,Fender Set - Mountain,4,1/26/2014
11170,930,HL Mountain Tire,4,1/26/2014
"11170,707,""Sport-100 Helmet, Red"",4,5/31/2014"
11171,878,Fender Set - Mountain,4,6/18/2013
11171,870,Water Bottle - 30 oz.,4,4/9/2014
11171,871,Mountain Bottle Cage,4,6/18/2013
11171,872,Road Bottle Cage,4,4/9/2014
11172,922,Road Tire Tube,4,10/3/2013
11172,930,HL Mountain Tire,4,6/13/2014
11172,870,Water Bottle - 30 oz.,4,6/13/2014
11172,871,Mountain Bottle Cage,4,6/13/2014
"11173,865,""Classic Vest, M"",3,5/26/2014"
11173,930,HL Mountain Tire,4,8/2/2013
11174,921,Mountain Tire Tube,4,12/13/2013
11174,930,HL Mountain Tire,4,12/13/2013
11174,922,Road Tire Tube,4,12/25/2013
11175,923,Touring Tire Tube,4,4/5/2014
11175,934,Touring Tire,4,4/5/2014
11175,878,Fender Set - Mountain,4,6/24/2013
11175,872,Road Bottle Cage,4,4/5/2014
11176,921,Mountain Tire Tube,4,3/29/2014
11176,877,Bike Wash - Dissolver,4,11/13/2013
"11176,711,""Sport-100 Helmet, Blue"",4,3/31/2014"
"11176,713,""Long-Sleeve Logo Jersey, S"",3,3/29/2014"
11176,923,Touring Tire Tube,4,6/14/2014
11176,870,Water Bottle - 30 oz.,4,2/4/2014
11176,934,Touring Tire,4,10/12/2013
11176,931,LL Road Tire,4,4/23/2014
11176,922,Road Tire Tube,4,6/17/2014
11176,933,HL Road Tire,4,6/17/2014
11176,928,LL Mountain Tire,4,6/29/2014
11176,876,Hitch Rack - 4-Bike,4,8/1/2013
"11176,708,""Sport-100 Helmet, Black"",4,3/29/2014"
11176,872,Road Bottle Cage,4,8/19/2013
11176,930,HL Mountain Tire,4,7/16/2013
11176,712,AWC Logo Cap,3,4/14/2014
"11176,875,""Racing Socks, L"",3,7/16/2013"
11176,932,ML Road Tire,4,1/16/2014
11176,929,ML Mountain Tire,4,2/28/2014
"11176,860,""Half-Finger Gloves, L"",3,1/4/2014"
11176,878,Fender Set - Mountain,4,7/16/2013
"11177,884,""Short-Sleeve Classic Jersey, XL"",3,3/16/2014"
11177,922,Road Tire Tube,4,8/29/2013
11177,930,HL Mountain Tire,4,3/16/2014
11177,873,Patch Kit/8 Patches,4,8/29/2013
"11178,864,""Classic Vest, S"",3,7/24/2013"
11178,921,Mountain Tire Tube,4,10/26/2013
"11178,708,""Sport-100 Helmet, Black"",4,7/24/2013"
11178,873,Patch Kit/8 Patches,4,10/26/2013
11179,878,Fender Set - Mountain,4,8/12/2013
11179,922,Road Tire Tube,4,6/11/2014
11179,930,HL Mountain Tire,4,8/12/2013
11179,921,Mountain Tire Tube,4,8/12/2013
"11180,708,""Sport-100 Helmet, Black"",4,8/17/2013"
11180,921,Mountain Tire Tube,4,2/25/2014
"11180,707,""Sport-100 Helmet, Red"",4,2/25/2014"
"11180,858,""Half-Finger Gloves, S"",3,2/25/2014"
11181,922,Road Tire Tube,4,12/11/2013
11181,930,HL Mountain Tire,4,10/7/2013
11182,921,Mountain Tire Tube,4,1/28/2014
"11182,708,""Sport-100 Helmet, Black"",4,6/7/2014"
11182,922,Road Tire Tube,4,6/7/2014
11182,873,Patch Kit/8 Patches,4,1/28/2014
11183,930,HL Mountain Tire,4,11/13/2013
11183,922,Road Tire Tube,4,9/30/2013
11183,921,Mountain Tire Tube,4,11/13/2013
11184,873,Patch Kit/8 Patches,4,3/11/2014
11184,921,Mountain Tire Tube,4,1/10/2014
11184,878,Fender Set - Mountain,4,1/10/2014
11184,930,HL Mountain Tire,4,1/10/2014
"11185,859,""Half-Finger Gloves, M"",3,1/11/2014"
11185,712,AWC Logo Cap,3,12/30/2013
"11185,882,""Short-Sleeve Classic Jersey, M"",3,6/28/2014"
11185,872,Road Bottle Cage,4,1/3/2014
"11185,707,""Sport-100 Helmet, Red"",4,6/2/2014"
11185,929,ML Mountain Tire,4,8/17/2013
11185,879,All-Purpose Bike Stand,4,2/9/2014
"11185,713,""Long-Sleeve Logo Jersey, S"",3,5/15/2014"
11185,921,Mountain Tire Tube,4,4/1/2014
"11185,708,""Sport-100 Helmet, Black"",4,1/12/2014"
"11185,711,""Sport-100 Helmet, Blue"",4,4/1/2014"
11185,870,Water Bottle - 30 oz.,4,1/9/2014
11185,933,HL Road Tire,4,3/1/2014
11185,928,LL Mountain Tire,4,4/1/2014
"11185,864,""Classic Vest, S"",3,6/2/2014"
11185,932,ML Road Tire,4,3/14/2014
11185,877,Bike Wash - Dissolver,4,3/30/2014
11185,931,LL Road Tire,4,6/28/2014
"11185,865,""Classic Vest, M"",3,1/9/2014"
11185,934,Touring Tire,4,10/17/2013
11185,923,Touring Tire Tube,4,4/20/2014
11185,922,Road Tire Tube,4,6/28/2014
"11185,881,""Short-Sleeve Classic Jersey, S"",3,12/30/2013"
11186,922,Road Tire Tube,4,3/20/2014
11186,873,Patch Kit/8 Patches,4,6/9/2014
11187,921,Mountain Tire Tube,4,1/6/2014
"11187,864,""Classic Vest, S"",3,9/3/2013"
11187,922,Road Tire Tube,4,9/3/2013
11188,873,Patch Kit/8 Patches,4,6/23/2014
11188,930,HL Mountain Tire,4,4/3/2014
"11188,707,""Sport-100 Helmet, Red"",4,4/3/2014"
11188,922,Road Tire Tube,4,6/23/2014
11189,921,Mountain Tire Tube,4,7/8/2013
11189,878,Fender Set - Mountain,4,7/8/2013
11189,930,HL Mountain Tire,4,7/8/2013
11190,921,Mountain Tire Tube,4,6/18/2014
11190,922,Road Tire Tube,4,1/28/2014
11190,930,HL Mountain Tire,4,6/18/2014
11191,930,HL Mountain Tire,4,6/12/2013
"11191,884,""Short-Sleeve Classic Jersey, XL"",3,4/8/2014"
11191,712,AWC Logo Cap,3,4/8/2014
11192,922,Road Tire Tube,4,11/23/2013
11192,930,HL Mountain Tire,4,2/25/2014
"11192,711,""Sport-100 Helmet, Blue"",4,11/23/2013"
"11192,708,""Sport-100 Helmet, Black"",4,2/25/2014"
11193,930,HL Mountain Tire,4,7/28/2013
11193,922,Road Tire Tube,4,1/18/2014
11194,921,Mountain Tire Tube,4,8/13/2013
11194,922,Road Tire Tube,4,5/10/2014
11194,873,Patch Kit/8 Patches,4,8/13/2013
"11194,707,""Sport-100 Helmet, Red"",4,5/10/2014"
11195,922,Road Tire Tube,4,9/14/2013
11195,930,HL Mountain Tire,4,3/24/2014
11195,873,Patch Kit/8 Patches,4,9/14/2013
"11195,711,""Sport-100 Helmet, Blue"",4,3/24/2014"
11196,921,Mountain Tire Tube,4,2/24/2014
11196,876,Hitch Rack - 4-Bike,4,2/24/2014
11196,873,Patch Kit/8 Patches,4,8/3/2013
11197,930,HL Mountain Tire,4,10/2/2013
11197,922,Road Tire Tube,4,12/20/2013
11197,873,Patch Kit/8 Patches,4,12/20/2013
11197,879,All-Purpose Bike Stand,4,12/20/2013
"11198,858,""Half-Finger Gloves, S"",3,7/8/2013"
"11198,708,""Sport-100 Helmet, Black"",4,7/8/2013"
11198,930,HL Mountain Tire,4,7/16/2013
"11199,866,""Classic Vest, L"",3,3/19/2014"
11199,878,Fender Set - Mountain,4,3/19/2014
11199,930,HL Mountain Tire,4,3/19/2014
11199,921,Mountain Tire Tube,4,3/19/2014
"11200,860,""Half-Finger Gloves, L"",3,11/21/2013"
11200,712,AWC Logo Cap,3,8/14/2013
11200,871,Mountain Bottle Cage,4,9/11/2013
11200,922,Road Tire Tube,4,2/12/2014
11200,928,LL Mountain Tire,4,3/23/2014
11200,873,Patch Kit/8 Patches,4,6/22/2014
11200,921,Mountain Tire Tube,4,6/11/2014
11200,879,All-Purpose Bike Stand,4,6/11/2014
"11200,708,""Sport-100 Helmet, Black"",4,5/20/2014"
"11200,859,""Half-Finger Gloves, M"",3,1/2/2014"
11200,933,HL Road Tire,4,4/10/2014
11200,931,LL Road Tire,4,12/22/2013
"11200,858,""Half-Finger Gloves, S"",3,7/24/2013"
"11200,711,""Sport-100 Helmet, Blue"",4,8/11/2013"
11200,929,ML Mountain Tire,4,6/11/2014
11200,923,Touring Tire Tube,4,5/20/2014
11200,934,Touring Tire,4,1/27/2014
"11200,881,""Short-Sleeve Classic Jersey, S"",3,9/30/2013"
11200,930,HL Mountain Tire,4,10/12/2013
11200,872,Road Bottle Cage,4,8/14/2013
11201,922,Road Tire Tube,4,2/9/2014
"11201,715,""Long-Sleeve Logo Jersey, L"",3,2/9/2014"
11201,930,HL Mountain Tire,4,12/1/2013
"11201,708,""Sport-100 Helmet, Black"",4,2/9/2014"
11202,930,HL Mountain Tire,4,2/21/2014
11202,922,Road Tire Tube,4,2/15/2014
11203,932,ML Road Tire,4,4/23/2014
11203,877,Bike Wash - Dissolver,4,1/2/2014
11203,876,Hitch Rack - 4-Bike,4,11/24/2013
11203,923,Touring Tire Tube,4,3/14/2014
11203,928,LL Mountain Tire,4,11/24/2013
11203,873,Patch Kit/8 Patches,4,4/23/2014
"11203,881,""Short-Sleeve Classic Jersey, S"",3,9/6/2013"
11203,921,Mountain Tire Tube,4,11/24/2013
"11203,715,""Long-Sleeve Logo Jersey, L"",3,3/1/2014"
11203,870,Water Bottle - 30 oz.,4,3/2/2014
11203,934,Touring Tire,4,3/14/2014
"11203,711,""Sport-100 Helmet, Blue"",4,9/6/2013"
"11203,884,""Short-Sleeve Classic Jersey, XL"",3,3/2/2014"
"11203,882,""Short-Sleeve Classic Jersey, M"",3,8/25/2013"
11203,929,ML Mountain Tire,4,9/11/2013
11204,930,HL Mountain Tire,4,4/12/2014
11204,873,Patch Kit/8 Patches,4,1/9/2014
11204,921,Mountain Tire Tube,4,4/12/2014
11205,873,Patch Kit/8 Patches,4,3/10/2014
11206,930,HL Mountain Tire,4,10/11/2013
11206,873,Patch Kit/8 Patches,4,10/30/2013
11206,921,Mountain Tire Tube,4,10/11/2013
11207,930,HL Mountain Tire,4,7/3/2013
11207,873,Patch Kit/8 Patches,4,3/20/2014
"11207,711,""Sport-100 Helmet, Blue"",4,7/3/2013"
11208,930,HL Mountain Tire,4,8/4/2013
11208,878,Fender Set - Mountain,4,8/4/2013
11208,880,Hydration Pack - 70 oz.,4,8/4/2013
11208,870,Water Bottle - 30 oz.,4,8/4/2013
11208,871,Mountain Bottle Cage,4,8/4/2013
11209,930,HL Mountain Tire,4,6/24/2014
"11210,859,""Half-Finger Gloves, M"",3,2/6/2014"
11210,922,Road Tire Tube,4,2/6/2014
11210,921,Mountain Tire Tube,4,10/6/2013
11210,930,HL Mountain Tire,4,10/6/2013
"11211,882,""Short-Sleeve Classic Jersey, M"",3,9/1/2013"
11211,930,HL Mountain Tire,4,12/14/2013
11211,929,ML Mountain Tire,4,4/12/2014
"11211,707,""Sport-100 Helmet, Red"",4,3/5/2014"
11211,872,Road Bottle Cage,4,1/2/2014
11211,873,Patch Kit/8 Patches,4,4/26/2014
"11211,711,""Sport-100 Helmet, Blue"",4,4/12/2014"
11211,931,LL Road Tire,4,3/31/2014
"11211,860,""Half-Finger Gloves, L"",3,7/4/2013"
11211,922,Road Tire Tube,4,3/5/2014
11211,876,Hitch Rack - 4-Bike,4,12/1/2013
11211,877,Bike Wash - Dissolver,4,5/3/2014
"11211,708,""Sport-100 Helmet, Black"",4,1/26/2014"
11211,870,Water Bottle - 30 oz.,4,1/2/2014
"11211,715,""Long-Sleeve Logo Jersey, L"",3,9/6/2013"
11211,932,ML Road Tire,4,4/26/2014
11211,928,LL Mountain Tire,4,5/3/2014
"11212,859,""Half-Finger Gloves, M"",3,5/15/2014"
11212,931,LL Road Tire,4,9/28/2013
11212,870,Water Bottle - 30 oz.,4,2/3/2014
"11212,707,""Sport-100 Helmet, Red"",4,6/19/2014"
11212,876,Hitch Rack - 4-Bike,4,2/10/2014
"11212,708,""Sport-100 Helmet, Black"",4,5/15/2014"
"11212,869,""Women's Mountain Shorts, L"",3,7/2/2013"
11212,923,Touring Tire Tube,4,1/20/2014
11212,928,LL Mountain Tire,4,6/13/2014
11212,921,Mountain Tire Tube,4,2/10/2014
"11212,711,""Sport-100 Helmet, Blue"",4,2/10/2014"
11212,932,ML Road Tire,4,5/15/2014
11212,873,Patch Kit/8 Patches,4,6/13/2014
"11212,716,""Long-Sleeve Logo Jersey, XL"",3,1/20/2014"
11212,929,ML Mountain Tire,4,2/10/2014
11212,930,HL Mountain Tire,4,7/11/2013
11213,930,HL Mountain Tire,4,2/9/2014
"11213,707,""Sport-100 Helmet, Red"",4,2/9/2014"
11213,873,Patch Kit/8 Patches,4,8/28/2013
11214,930,HL Mountain Tire,4,4/21/2014
11214,876,Hitch Rack - 4-Bike,4,4/21/2014
11214,921,Mountain Tire Tube,4,4/21/2014
11215,930,HL Mountain Tire,4,2/12/2014
11215,929,ML Mountain Tire,4,8/4/2013
11215,932,ML Road Tire,4,10/24/2013
11215,872,Road Bottle Cage,4,7/18/2013
11215,870,Water Bottle - 30 oz.,4,7/18/2013
"11215,860,""Half-Finger Gloves, L"",3,12/3/2013"
"11215,713,""Long-Sleeve Logo Jersey, S"",3,8/29/2013"
11215,923,Touring Tire Tube,4,10/1/2013
11215,928,LL Mountain Tire,4,5/17/2014
11215,921,Mountain Tire Tube,4,2/12/2014
11215,922,Road Tire Tube,4,10/29/2013
"11215,714,""Long-Sleeve Logo Jersey, M"",3,2/7/2014"
"11215,708,""Sport-100 Helmet, Black"",4,2/12/2014"
11215,712,AWC Logo Cap,3,4/22/2014
"11215,867,""Women's Mountain Shorts, S"",3,12/3/2013"
11215,876,Hitch Rack - 4-Bike,4,4/22/2014
"11216,707,""Sport-100 Helmet, Red"",4,7/8/2013"
11216,921,Mountain Tire Tube,4,7/8/2013
11218,930,HL Mountain Tire,4,6/6/2014
11219,873,Patch Kit/8 Patches,4,6/26/2014
11220,930,HL Mountain Tire,4,8/14/2013
11220,873,Patch Kit/8 Patches,4,5/15/2014
11220,877,Bike Wash - Dissolver,4,5/15/2014
11221,873,Patch Kit/8 Patches,4,3/19/2014
11221,921,Mountain Tire Tube,4,3/19/2014
11221,930,HL Mountain Tire,4,3/19/2014
11222,930,HL Mountain Tire,4,4/30/2014
11222,922,Road Tire Tube,4,4/3/2014
11222,712,AWC Logo Cap,3,4/3/2014
11222,876,Hitch Rack - 4-Bike,4,4/3/2014
11223,878,Fender Set - Mountain,4,12/6/2013
11223,930,HL Mountain Tire,4,10/8/2013
11223,932,ML Road Tire,4,4/29/2014
"11223,883,""Short-Sleeve Classic Jersey, L"",3,9/7/2013"
11223,871,Mountain Bottle Cage,4,12/6/2013
11223,923,Touring Tire Tube,4,2/5/2014
"11223,860,""Half-Finger Gloves, L"",3,12/25/2013"
11223,870,Water Bottle - 30 oz.,4,5/14/2014
"11223,716,""Long-Sleeve Logo Jersey, XL"",3,12/15/2013"
11223,928,LL Mountain Tire,4,6/8/2014
11223,873,Patch Kit/8 Patches,4,4/13/2014
"11223,707,""Sport-100 Helmet, Red"",4,3/12/2014"
"11223,708,""Sport-100 Helmet, Black"",4,8/26/2013"
"11223,714,""Long-Sleeve Logo Jersey, M"",3,12/27/2013"
"11223,859,""Half-Finger Gloves, M"",3,6/8/2014"
"11223,858,""Half-Finger Gloves, S"",3,12/27/2013"
"11223,711,""Sport-100 Helmet, Blue"",4,4/24/2014"
11223,934,Touring Tire,4,10/8/2013
11223,931,LL Road Tire,4,3/20/2014
11223,712,AWC Logo Cap,3,10/12/2013
"11224,707,""Sport-100 Helmet, Red"",4,6/29/2013"
11225,712,AWC Logo Cap,3,2/6/2014
11225,930,HL Mountain Tire,4,2/6/2014
11225,873,Patch Kit/8 Patches,4,11/22/2013
11225,921,Mountain Tire Tube,4,2/6/2014
11226,930,HL Mountain Tire,4,8/31/2013
11227,871,Mountain Bottle Cage,4,7/13/2013
11227,878,Fender Set - Mountain,4,7/13/2013
"11228,708,""Sport-100 Helmet, Black"",4,6/19/2014"
11228,921,Mountain Tire Tube,4,6/19/2014
11228,873,Patch Kit/8 Patches,4,3/27/2014
11229,930,HL Mountain Tire,4,12/27/2013
11229,922,Road Tire Tube,4,6/27/2014
"11229,707,""Sport-100 Helmet, Red"",4,6/27/2014"
11229,873,Patch Kit/8 Patches,4,12/27/2013
11230,922,Road Tire Tube,4,12/16/2013
11230,873,Patch Kit/8 Patches,4,5/11/2014
11230,921,Mountain Tire Tube,4,5/11/2014
11230,877,Bike Wash - Dissolver,4,12/16/2013
11231,921,Mountain Tire Tube,4,7/13/2013
11231,873,Patch Kit/8 Patches,4,4/14/2014
11231,930,HL Mountain Tire,4,7/13/2013
11232,930,HL Mountain Tire,4,4/15/2014
11233,712,AWC Logo Cap,3,7/11/2013
11233,930,HL Mountain Tire,4,7/11/2013
"11233,714,""Long-Sleeve Logo Jersey, M"",3,7/11/2013"
"11233,860,""Half-Finger Gloves, L"",3,11/8/2013"
11233,878,Fender Set - Mountain,4,7/11/2013
11234,873,Patch Kit/8 Patches,4,2/19/2014
11234,930,HL Mountain Tire,4,2/19/2014
"11234,711,""Sport-100 Helmet, Blue"",4,7/11/2013"
"11235,859,""Half-Finger Gloves, M"",3,6/7/2014"
11235,921,Mountain Tire Tube,4,12/4/2013
"11235,711,""Sport-100 Helmet, Blue"",4,6/7/2014"
11235,930,HL Mountain Tire,4,12/4/2013
11236,930,HL Mountain Tire,4,3/5/2014
11236,922,Road Tire Tube,4,6/8/2014
"11236,711,""Sport-100 Helmet, Blue"",4,3/5/2014"
"11236,708,""Sport-100 Helmet, Black"",4,6/8/2014"
"11237,707,""Sport-100 Helmet, Red"",4,2/1/2014"
"11238,707,""Sport-100 Helmet, Red"",4,8/12/2013"
11238,872,Road Bottle Cage,4,9/30/2013
11238,870,Water Bottle - 30 oz.,4,9/30/2013
"11238,711,""Sport-100 Helmet, Blue"",4,6/23/2013"
11239,712,AWC Logo Cap,3,6/13/2013
11239,873,Patch Kit/8 Patches,4,10/28/2013
11239,871,Mountain Bottle Cage,4,6/13/2013
"11239,711,""Sport-100 Helmet, Blue"",4,6/13/2013"
11239,931,LL Road Tire,4,10/28/2013
11240,872,Road Bottle Cage,4,10/13/2013
"11240,860,""Half-Finger Gloves, L"",3,10/13/2013"
"11240,874,""Racing Socks, M"",3,10/8/2013"
11240,870,Water Bottle - 30 oz.,4,10/13/2013
"11241,860,""Half-Finger Gloves, L"",3,9/4/2013"
11241,712,AWC Logo Cap,3,3/31/2014
11241,873,Patch Kit/8 Patches,4,1/19/2014
11241,921,Mountain Tire Tube,4,9/4/2013
11241,879,All-Purpose Bike Stand,4,1/19/2014
11241,872,Road Bottle Cage,4,11/29/2013
"11241,707,""Sport-100 Helmet, Red"",4,10/12/2013"
"11241,711,""Sport-100 Helmet, Blue"",4,3/31/2014"
11241,934,Touring Tire,4,1/19/2014
11241,928,LL Mountain Tire,4,9/4/2013
11242,871,Mountain Bottle Cage,4,10/26/2013
11242,872,Road Bottle Cage,4,4/20/2014
11242,870,Water Bottle - 30 oz.,4,4/20/2014
"11242,707,""Sport-100 Helmet, Red"",4,5/6/2014"
"11243,707,""Sport-100 Helmet, Red"",4,6/14/2013"
11243,930,HL Mountain Tire,4,6/14/2013
11243,872,Road Bottle Cage,4,11/9/2013
"11243,708,""Sport-100 Helmet, Black"",4,11/9/2013"
11244,922,Road Tire Tube,4,12/19/2013
"11244,707,""Sport-100 Helmet, Red"",4,12/19/2013"
11244,923,Touring Tire Tube,4,8/24/2013
11244,934,Touring Tire,4,8/24/2013
11244,931,LL Road Tire,4,12/19/2013
11245,872,Road Bottle Cage,4,5/13/2014
11245,871,Mountain Bottle Cage,4,5/30/2013
11245,934,Touring Tire,4,2/16/2014
11245,923,Touring Tire Tube,4,2/16/2014
11246,871,Mountain Bottle Cage,4,6/25/2013
11246,877,Bike Wash - Dissolver,4,5/22/2014
11247,872,Road Bottle Cage,4,1/17/2014
11247,873,Patch Kit/8 Patches,4,6/13/2013
11247,870,Water Bottle - 30 oz.,4,1/17/2014
11247,877,Bike Wash - Dissolver,4,6/13/2013
11247,930,HL Mountain Tire,4,6/13/2013
11248,870,Water Bottle - 30 oz.,4,12/14/2013
"11248,860,""Half-Finger Gloves, L"",3,12/14/2013"
11249,871,Mountain Bottle Cage,4,6/3/2013
11249,712,AWC Logo Cap,3,9/13/2013
11249,870,Water Bottle - 30 oz.,4,6/3/2013
11249,923,Touring Tire Tube,4,2/15/2014
11249,934,Touring Tire,4,2/15/2014
"11250,707,""Sport-100 Helmet, Red"",4,11/28/2013"
11250,922,Road Tire Tube,4,1/6/2014
"11250,858,""Half-Finger Gloves, S"",3,1/6/2014"
11250,871,Mountain Bottle Cage,4,7/11/2013
11251,870,Water Bottle - 30 oz.,4,3/20/2014
11251,871,Mountain Bottle Cage,4,3/20/2014
11252,872,Road Bottle Cage,4,5/20/2014
11252,878,Fender Set - Mountain,4,6/28/2013
11252,870,Water Bottle - 30 oz.,4,5/20/2014
11253,932,ML Road Tire,4,4/24/2014
11253,873,Patch Kit/8 Patches,4,12/11/2013
"11253,708,""Sport-100 Helmet, Black"",4,4/30/2014"
11253,923,Touring Tire Tube,4,4/30/2014
11253,921,Mountain Tire Tube,4,11/4/2013
"11253,859,""Half-Finger Gloves, M"",3,3/18/2014"
11253,870,Water Bottle - 30 oz.,4,3/20/2014
11253,928,LL Mountain Tire,4,9/2/2013
"11253,867,""Women's Mountain Shorts, S"",3,3/18/2014"
11253,931,LL Road Tire,4,11/29/2013
11253,929,ML Mountain Tire,4,11/4/2013
11253,922,Road Tire Tube,4,4/24/2014
11254,922,Road Tire Tube,4,5/16/2014
11254,870,Water Bottle - 30 oz.,4,4/25/2014
11254,930,HL Mountain Tire,4,4/25/2014
11254,878,Fender Set - Mountain,4,4/25/2014
"11254,866,""Classic Vest, L"",3,4/25/2014"
11254,871,Mountain Bottle Cage,4,4/25/2014
11254,921,Mountain Tire Tube,4,4/25/2014
11255,921,Mountain Tire Tube,4,7/26/2013
"11255,707,""Sport-100 Helmet, Red"",4,8/31/2013"
"11255,711,""Sport-100 Helmet, Blue"",4,7/26/2013"
11255,922,Road Tire Tube,4,8/31/2013
11256,873,Patch Kit/8 Patches,4,3/18/2014
11256,922,Road Tire Tube,4,9/15/2013
"11256,708,""Sport-100 Helmet, Black"",4,9/15/2013"
11256,921,Mountain Tire Tube,4,3/18/2014
11257,873,Patch Kit/8 Patches,4,6/2/2013
"11257,707,""Sport-100 Helmet, Red"",4,5/16/2014"
11258,922,Road Tire Tube,4,10/21/2013
11258,930,HL Mountain Tire,4,12/15/2013
11258,877,Bike Wash - Dissolver,4,10/21/2013
11259,876,Hitch Rack - 4-Bike,4,6/17/2013
11260,922,Road Tire Tube,4,11/23/2013
11260,921,Mountain Tire Tube,4,7/8/2013
11260,930,HL Mountain Tire,4,7/8/2013
"11260,711,""Sport-100 Helmet, Blue"",4,11/23/2013"
11262,877,Bike Wash - Dissolver,4,5/18/2014
11262,871,Mountain Bottle Cage,4,8/11/2013
11262,928,LL Mountain Tire,4,6/9/2014
11262,873,Patch Kit/8 Patches,4,6/9/2014
11262,921,Mountain Tire Tube,4,5/9/2014
"11262,713,""Long-Sleeve Logo Jersey, S"",3,11/12/2013"
11262,712,AWC Logo Cap,3,2/10/2014
11262,934,Touring Tire,4,2/10/2014
11262,931,LL Road Tire,4,5/5/2014
"11262,711,""Sport-100 Helmet, Blue"",4,6/24/2014"
"11262,859,""Half-Finger Gloves, M"",3,11/29/2013"
"11262,708,""Sport-100 Helmet, Black"",4,8/11/2013"
11262,923,Touring Tire Tube,4,2/10/2014
"11262,881,""Short-Sleeve Classic Jersey, S"",3,6/15/2014"
11262,870,Water Bottle - 30 oz.,4,3/25/2014
"11262,858,""Half-Finger Gloves, S"",3,5/9/2014"
"11262,707,""Sport-100 Helmet, Red"",4,5/9/2014"
11262,932,ML Road Tire,4,1/8/2014
11262,922,Road Tire Tube,4,5/5/2014
11262,933,HL Road Tire,4,2/14/2014
11263,930,HL Mountain Tire,4,5/30/2013
11263,872,Road Bottle Cage,4,5/12/2014
11263,870,Water Bottle - 30 oz.,4,5/12/2014
"11263,858,""Half-Finger Gloves, S"",3,5/12/2014"
11264,712,AWC Logo Cap,3,6/4/2013
"11264,713,""Long-Sleeve Logo Jersey, S"",3,6/4/2013"
11264,870,Water Bottle - 30 oz.,4,5/2/2014
11264,878,Fender Set - Mountain,4,6/4/2013
11265,878,Fender Set - Mountain,4,6/5/2013
11266,870,Water Bottle - 30 oz.,4,6/22/2013
11266,871,Mountain Bottle Cage,4,6/22/2013
11267,880,Hydration Pack - 70 oz.,4,6/9/2013
11267,871,Mountain Bottle Cage,4,6/9/2013
11268,873,Patch Kit/8 Patches,4,10/29/2013
11268,878,Fender Set - Mountain,4,4/18/2014
11268,922,Road Tire Tube,4,10/29/2013
11268,930,HL Mountain Tire,4,4/18/2014
11269,873,Patch Kit/8 Patches,4,1/22/2014
11269,921,Mountain Tire Tube,4,2/10/2014
11270,878,Fender Set - Mountain,4,6/9/2013
"11270,883,""Short-Sleeve Classic Jersey, L"",3,6/9/2013"
"11271,707,""Sport-100 Helmet, Red"",4,6/24/2013"
11271,921,Mountain Tire Tube,4,6/24/2013
11272,878,Fender Set - Mountain,4,6/15/2013
11273,879,All-Purpose Bike Stand,4,10/23/2013
11273,921,Mountain Tire Tube,4,10/14/2013
11273,870,Water Bottle - 30 oz.,4,10/14/2013
11273,878,Fender Set - Mountain,4,10/14/2013
"11273,708,""Sport-100 Helmet, Black"",4,10/14/2013"
11273,871,Mountain Bottle Cage,4,10/14/2013
11274,870,Water Bottle - 30 oz.,4,7/27/2013
11275,878,Fender Set - Mountain,4,6/14/2013
11276,877,Bike Wash - Dissolver,4,6/20/2014
11276,934,Touring Tire,4,6/24/2014
11276,928,LL Mountain Tire,4,6/1/2014
11276,871,Mountain Bottle Cage,4,4/5/2014
11276,922,Road Tire Tube,4,6/1/2014
11276,921,Mountain Tire Tube,4,6/1/2014
11276,712,AWC Logo Cap,3,1/16/2014
11276,931,LL Road Tire,4,12/26/2013
11276,932,ML Road Tire,4,1/17/2014
11276,923,Touring Tire Tube,4,6/24/2014
"11276,711,""Sport-100 Helmet, Blue"",4,4/10/2014"
"11276,708,""Sport-100 Helmet, Black"",4,1/16/2014"
11276,933,HL Road Tire,4,5/26/2014
11276,930,HL Mountain Tire,4,4/17/2014
11276,870,Water Bottle - 30 oz.,4,4/25/2014
11276,872,Road Bottle Cage,4,10/19/2013
"11276,882,""Short-Sleeve Classic Jersey, M"",3,1/15/2014"
11277,873,Patch Kit/8 Patches,4,6/18/2014
11277,934,Touring Tire,4,1/9/2014
11277,871,Mountain Bottle Cage,4,11/2/2013
11277,931,LL Road Tire,4,6/9/2014
11277,933,HL Road Tire,4,6/16/2014
"11277,860,""Half-Finger Gloves, L"",3,12/16/2013"
11277,930,HL Mountain Tire,4,7/23/2013
"11277,865,""Classic Vest, M"",3,2/21/2014"
11277,878,Fender Set - Mountain,4,12/4/2013
11277,922,Road Tire Tube,4,6/16/2014
"11277,711,""Sport-100 Helmet, Blue"",4,6/16/2014"
"11277,713,""Long-Sleeve Logo Jersey, S"",3,4/8/2014"
11277,929,ML Mountain Tire,4,2/21/2014
11277,880,Hydration Pack - 70 oz.,4,1/9/2014
"11277,881,""Short-Sleeve Classic Jersey, S"",3,10/16/2013"
"11277,707,""Sport-100 Helmet, Red"",4,3/27/2014"
11277,876,Hitch Rack - 4-Bike,4,10/10/2013
11277,923,Touring Tire Tube,4,1/9/2014
11277,928,LL Mountain Tire,4,6/18/2014
11277,877,Bike Wash - Dissolver,4,4/25/2014
11279,930,HL Mountain Tire,4,11/22/2013
11279,873,Patch Kit/8 Patches,4,11/22/2013
11280,873,Patch Kit/8 Patches,4,1/8/2014
"11280,707,""Sport-100 Helmet, Red"",4,12/1/2013"
11280,921,Mountain Tire Tube,4,12/1/2013
11281,870,Water Bottle - 30 oz.,4,6/13/2013
11281,877,Bike Wash - Dissolver,4,6/13/2013
11282,921,Mountain Tire Tube,4,6/4/2013
11282,878,Fender Set - Mountain,4,6/4/2013
11282,930,HL Mountain Tire,4,6/4/2013
11283,921,Mountain Tire Tube,4,10/29/2013
11283,930,HL Mountain Tire,4,10/29/2013
11284,873,Patch Kit/8 Patches,4,10/2/2013
11284,930,HL Mountain Tire,4,10/2/2013
11285,921,Mountain Tire Tube,4,12/27/2013
"11285,865,""Classic Vest, M"",3,12/27/2013"
11285,930,HL Mountain Tire,4,12/27/2013
11285,873,Patch Kit/8 Patches,4,3/28/2014
11286,878,Fender Set - Mountain,4,6/22/2013
11286,712,AWC Logo Cap,3,6/22/2013
11287,877,Bike Wash - Dissolver,4,4/1/2014
11287,921,Mountain Tire Tube,4,6/14/2014
11287,923,Touring Tire Tube,4,4/15/2014
11287,870,Water Bottle - 30 oz.,4,4/25/2014
"11287,858,""Half-Finger Gloves, S"",3,7/1/2013"
11287,712,AWC Logo Cap,3,12/29/2013
11287,934,Touring Tire,4,4/15/2014
11287,928,LL Mountain Tire,4,6/14/2014
11287,931,LL Road Tire,4,3/14/2014
11287,932,ML Road Tire,4,12/21/2013
"11287,711,""Sport-100 Helmet, Blue"",4,6/30/2014"
"11287,859,""Half-Finger Gloves, M"",3,1/3/2014"
11287,871,Mountain Bottle Cage,4,10/6/2013
"11287,707,""Sport-100 Helmet, Red"",4,4/13/2014"
11287,873,Patch Kit/8 Patches,4,6/5/2014
11287,880,Hydration Pack - 70 oz.,4,4/25/2014
11287,933,HL Road Tire,4,6/5/2014
11287,922,Road Tire Tube,4,6/30/2014
11288,930,HL Mountain Tire,4,1/21/2014
"11288,707,""Sport-100 Helmet, Red"",4,1/21/2014"
11288,873,Patch Kit/8 Patches,4,8/5/2013
11289,877,Bike Wash - Dissolver,4,6/18/2013
11289,878,Fender Set - Mountain,4,6/18/2013
11292,878,Fender Set - Mountain,4,6/2/2013
11292,871,Mountain Bottle Cage,4,6/2/2013
"11293,708,""Sport-100 Helmet, Black"",4,7/27/2013"
11293,921,Mountain Tire Tube,4,7/27/2013
11293,930,HL Mountain Tire,4,7/27/2013
11293,873,Patch Kit/8 Patches,4,8/15/2013
11294,921,Mountain Tire Tube,4,6/5/2014
11294,873,Patch Kit/8 Patches,4,2/25/2014
11295,930,HL Mountain Tire,4,6/11/2013
11295,876,Hitch Rack - 4-Bike,4,6/11/2013
11296,873,Patch Kit/8 Patches,4,7/1/2013
11297,930,HL Mountain Tire,4,7/23/2013
"11297,711,""Sport-100 Helmet, Blue"",4,7/23/2013"
11298,871,Mountain Bottle Cage,4,7/24/2013
11298,712,AWC Logo Cap,3,7/24/2013
11299,876,Hitch Rack - 4-Bike,4,7/27/2013
11300,873,Patch Kit/8 Patches,4,3/28/2014
11300,934,Touring Tire,4,5/18/2014
11300,928,LL Mountain Tire,4,5/21/2014
11300,879,All-Purpose Bike Stand,4,3/28/2014
11300,921,Mountain Tire Tube,4,5/21/2014
11300,923,Touring Tire Tube,4,6/2/2014
"11300,864,""Classic Vest, S"",3,12/27/2013"
"11300,858,""Half-Finger Gloves, S"",3,1/7/2014"
"11300,708,""Sport-100 Helmet, Black"",4,12/6/2013"
11300,712,AWC Logo Cap,3,11/14/2013
11300,933,HL Road Tire,4,1/17/2014
11300,931,LL Road Tire,4,1/14/2014
"11300,882,""Short-Sleeve Classic Jersey, M"",3,5/21/2014"
"11300,707,""Sport-100 Helmet, Red"",4,4/16/2014"
"11300,881,""Short-Sleeve Classic Jersey, S"",3,2/8/2014"
11300,929,ML Mountain Tire,4,7/4/2013
"11300,716,""Long-Sleeve Logo Jersey, XL"",3,8/14/2013"
"11300,859,""Half-Finger Gloves, M"",3,10/21/2013"
"11300,711,""Sport-100 Helmet, Blue"",4,12/27/2013"
11300,922,Road Tire Tube,4,2/21/2014
11300,930,HL Mountain Tire,4,1/17/2014
11300,871,Mountain Bottle Cage,4,5/21/2014
11301,921,Mountain Tire Tube,4,3/13/2014
"11301,708,""Sport-100 Helmet, Black"",4,3/13/2014"
"11301,881,""Short-Sleeve Classic Jersey, S"",3,3/13/2014"
11301,930,HL Mountain Tire,4,3/13/2014
11302,930,HL Mountain Tire,4,7/5/2013
11302,878,Fender Set - Mountain,4,7/5/2013
11304,877,Bike Wash - Dissolver,4,8/20/2013
11304,878,Fender Set - Mountain,4,8/20/2013
11304,930,HL Mountain Tire,4,8/20/2013
11304,873,Patch Kit/8 Patches,4,9/22/2013
11305,873,Patch Kit/8 Patches,4,8/25/2013
"11305,708,""Sport-100 Helmet, Black"",4,1/4/2014"
11305,921,Mountain Tire Tube,4,1/4/2014
11306,873,Patch Kit/8 Patches,4,11/30/2013
11306,930,HL Mountain Tire,4,2/7/2014
11307,878,Fender Set - Mountain,4,7/11/2013
"11307,874,""Racing Socks, M"",3,7/11/2013"
11308,878,Fender Set - Mountain,4,2/7/2014
11308,930,HL Mountain Tire,4,2/7/2014
"11308,707,""Sport-100 Helmet, Red"",4,2/7/2014"
11309,930,HL Mountain Tire,4,12/9/2013
11309,873,Patch Kit/8 Patches,4,6/7/2014
11310,930,HL Mountain Tire,4,5/26/2014
11310,921,Mountain Tire Tube,4,5/26/2014
"11310,707,""Sport-100 Helmet, Red"",4,5/26/2014"
11311,930,HL Mountain Tire,4,9/18/2013
"11311,711,""Sport-100 Helmet, Blue"",4,9/18/2013"
11311,873,Patch Kit/8 Patches,4,2/13/2014
11312,921,Mountain Tire Tube,4,11/2/2013
11312,873,Patch Kit/8 Patches,4,10/17/2013
11313,930,HL Mountain Tire,4,10/7/2013
11313,873,Patch Kit/8 Patches,4,4/28/2014
11314,877,Bike Wash - Dissolver,4,5/5/2014
11314,873,Patch Kit/8 Patches,4,5/5/2014
11315,921,Mountain Tire Tube,4,10/20/2013
11315,930,HL Mountain Tire,4,10/20/2013
11318,930,HL Mountain Tire,4,3/19/2014
11318,873,Patch Kit/8 Patches,4,4/10/2014
"11319,708,""Sport-100 Helmet, Black"",4,7/27/2013"
11320,878,Fender Set - Mountain,4,1/19/2014
11320,877,Bike Wash - Dissolver,4,1/19/2014
11320,873,Patch Kit/8 Patches,4,11/15/2013
11320,930,HL Mountain Tire,4,1/19/2014
11321,873,Patch Kit/8 Patches,4,7/26/2013
11322,930,HL Mountain Tire,4,8/24/2013
11322,873,Patch Kit/8 Patches,4,10/21/2013
11323,930,HL Mountain Tire,4,7/2/2013
11323,873,Patch Kit/8 Patches,4,7/2/2013
11323,879,All-Purpose Bike Stand,4,7/2/2013
"11324,716,""Long-Sleeve Logo Jersey, XL"",3,7/8/2013"
11325,878,Fender Set - Mountain,4,7/3/2013
"11325,882,""Short-Sleeve Classic Jersey, M"",3,7/3/2013"
11325,871,Mountain Bottle Cage,4,7/3/2013
11325,880,Hydration Pack - 70 oz.,4,7/3/2013
11326,930,HL Mountain Tire,4,7/23/2013
11326,921,Mountain Tire Tube,4,7/23/2013
11327,930,HL Mountain Tire,4,7/4/2013
11327,873,Patch Kit/8 Patches,4,7/4/2013
11328,870,Water Bottle - 30 oz.,4,9/7/2013
"11330,708,""Sport-100 Helmet, Black"",4,11/4/2013"
"11330,711,""Sport-100 Helmet, Blue"",4,5/13/2014"
11330,870,Water Bottle - 30 oz.,4,3/12/2014
"11330,716,""Long-Sleeve Logo Jersey, XL"",3,3/24/2014"
11330,932,ML Road Tire,4,5/16/2014
"11330,859,""Half-Finger Gloves, M"",3,4/1/2014"
11330,928,LL Mountain Tire,4,6/24/2014
11330,871,Mountain Bottle Cage,4,7/15/2013
11330,873,Patch Kit/8 Patches,4,5/3/2014
"11330,707,""Sport-100 Helmet, Red"",4,5/1/2014"
11330,921,Mountain Tire Tube,4,12/21/2013
"11330,713,""Long-Sleeve Logo Jersey, S"",3,10/16/2013"
"11330,858,""Half-Finger Gloves, S"",3,11/15/2013"
11330,923,Touring Tire Tube,4,2/4/2014
11330,712,AWC Logo Cap,3,2/25/2014
11330,876,Hitch Rack - 4-Bike,4,7/26/2013
11330,931,LL Road Tire,4,5/1/2014
11330,934,Touring Tire,4,2/4/2014
11330,877,Bike Wash - Dissolver,4,10/11/2013
"11331,716,""Long-Sleeve Logo Jersey, XL"",3,4/5/2014"
11331,870,Water Bottle - 30 oz.,4,5/5/2014
"11331,858,""Half-Finger Gloves, S"",3,8/8/2013"
11331,933,HL Road Tire,4,12/3/2013
11331,932,ML Road Tire,4,1/5/2014
11331,930,HL Mountain Tire,4,12/16/2013
11331,929,ML Mountain Tire,4,10/23/2013
11331,928,LL Mountain Tire,4,4/13/2014
11331,872,Road Bottle Cage,4,8/31/2013
11331,880,Hydration Pack - 70 oz.,4,7/31/2013
"11331,708,""Sport-100 Helmet, Black"",4,6/26/2014"
"11331,882,""Short-Sleeve Classic Jersey, M"",3,5/5/2014"
"11331,883,""Short-Sleeve Classic Jersey, L"",3,8/31/2013"
11331,712,AWC Logo Cap,3,5/5/2014
11331,922,Road Tire Tube,4,6/26/2014
11331,873,Patch Kit/8 Patches,4,4/7/2014
11331,877,Bike Wash - Dissolver,4,12/25/2013
11331,931,LL Road Tire,4,11/2/2013
11331,876,Hitch Rack - 4-Bike,4,10/16/2013
11333,878,Fender Set - Mountain,4,6/7/2013
"11333,711,""Sport-100 Helmet, Blue"",4,12/14/2013"
"11334,711,""Sport-100 Helmet, Blue"",4,12/27/2013"
11334,871,Mountain Bottle Cage,4,6/3/2013
11335,878,Fender Set - Mountain,4,6/6/2013
11336,871,Mountain Bottle Cage,4,6/7/2013
"11336,708,""Sport-100 Helmet, Black"",4,6/7/2013"
11337,871,Mountain Bottle Cage,4,6/21/2013
11337,870,Water Bottle - 30 oz.,4,12/19/2013
"11337,883,""Short-Sleeve Classic Jersey, L"",3,6/21/2013"
"11338,707,""Sport-100 Helmet, Red"",4,6/1/2013"
11338,870,Water Bottle - 30 oz.,4,6/1/2013
11340,870,Water Bottle - 30 oz.,4,6/4/2013
"11340,884,""Short-Sleeve Classic Jersey, XL"",3,6/4/2013"
"11341,711,""Sport-100 Helmet, Blue"",4,6/5/2013"
"11341,708,""Sport-100 Helmet, Black"",4,12/19/2013"
11341,712,AWC Logo Cap,3,6/5/2013
11341,934,Touring Tire,4,12/19/2013
11342,872,Road Bottle Cage,4,12/12/2013
"11342,708,""Sport-100 Helmet, Black"",4,12/12/2013"
11343,712,AWC Logo Cap,3,12/24/2013
"11343,711,""Sport-100 Helmet, Blue"",4,12/24/2013"
11343,872,Road Bottle Cage,4,12/24/2013
"11343,707,""Sport-100 Helmet, Red"",4,7/30/2013"
11344,870,Water Bottle - 30 oz.,4,12/23/2013
11344,872,Road Bottle Cage,4,12/23/2013
11344,873,Patch Kit/8 Patches,4,7/3/2013
"11346,713,""Long-Sleeve Logo Jersey, S"",3,7/14/2013"
11346,921,Mountain Tire Tube,4,7/14/2013
"11346,708,""Sport-100 Helmet, Black"",4,7/14/2013"
"11346,875,""Racing Socks, L"",3,7/14/2013"
11347,870,Water Bottle - 30 oz.,4,8/16/2013
"11348,883,""Short-Sleeve Classic Jersey, L"",3,8/31/2013"
11348,870,Water Bottle - 30 oz.,4,8/31/2013
"11349,882,""Short-Sleeve Classic Jersey, M"",3,6/15/2014"
11349,870,Water Bottle - 30 oz.,4,6/15/2014
"11350,859,""Half-Finger Gloves, M"",3,7/8/2013"
11350,872,Road Bottle Cage,4,7/8/2013
11351,872,Road Bottle Cage,4,1/28/2014
11352,872,Road Bottle Cage,4,10/1/2013
11353,871,Mountain Bottle Cage,4,7/22/2013
"11353,874,""Racing Socks, M"",3,1/8/2014"
11354,872,Road Bottle Cage,4,5/5/2014
11354,870,Water Bottle - 30 oz.,4,5/5/2014
11355,870,Water Bottle - 30 oz.,4,2/26/2014
"11356,707,""Sport-100 Helmet, Red"",4,4/2/2014"
"11356,869,""Women's Mountain Shorts, L"",3,11/4/2013"
11356,872,Road Bottle Cage,4,4/2/2014
11356,870,Water Bottle - 30 oz.,4,4/2/2014
11357,878,Fender Set - Mountain,4,11/14/2013
11358,712,AWC Logo Cap,3,11/9/2013
11358,872,Road Bottle Cage,4,4/16/2014
11358,880,Hydration Pack - 70 oz.,4,4/16/2014
"11358,869,""Women's Mountain Shorts, L"",3,11/9/2013"
11359,878,Fender Set - Mountain,4,12/28/2013
11359,872,Road Bottle Cage,4,5/6/2014
11359,873,Patch Kit/8 Patches,4,5/6/2014
"11359,707,""Sport-100 Helmet, Red"",4,12/28/2013"
11360,712,AWC Logo Cap,3,1/28/2014
"11360,708,""Sport-100 Helmet, Black"",4,5/24/2014"
"11361,708,""Sport-100 Helmet, Black"",4,3/3/2014"
11361,921,Mountain Tire Tube,4,3/3/2014
"11361,715,""Long-Sleeve Logo Jersey, L"",3,4/26/2014"
"11362,713,""Long-Sleeve Logo Jersey, S"",3,2/24/2014"
11362,928,LL Mountain Tire,4,8/29/2013
"11363,867,""Women's Mountain Shorts, S"",3,1/30/2014"
11365,872,Road Bottle Cage,4,5/24/2014
"11365,882,""Short-Sleeve Classic Jersey, M"",3,3/18/2014"
11365,870,Water Bottle - 30 oz.,4,5/24/2014
11366,873,Patch Kit/8 Patches,4,1/15/2014
"11366,716,""Long-Sleeve Logo Jersey, XL"",3,11/24/2013"
"11367,875,""Racing Socks, L"",3,12/7/2013"
11367,928,LL Mountain Tire,4,4/27/2014
"11367,714,""Long-Sleeve Logo Jersey, M"",3,12/7/2013"
11368,921,Mountain Tire Tube,4,3/24/2014
11368,929,ML Mountain Tire,4,3/24/2014
"11368,716,""Long-Sleeve Logo Jersey, XL"",3,5/3/2014"
"11368,860,""Half-Finger Gloves, L"",3,5/3/2014"
11368,878,Fender Set - Mountain,4,3/24/2014
"11368,884,""Short-Sleeve Classic Jersey, XL"",3,3/24/2014"
"11369,707,""Sport-100 Helmet, Red"",4,5/29/2014"
11369,712,AWC Logo Cap,3,12/5/2013
11369,928,LL Mountain Tire,4,5/29/2014
"11370,716,""Long-Sleeve Logo Jersey, XL"",3,3/3/2014"
11370,921,Mountain Tire Tube,4,12/13/2013
11371,928,LL Mountain Tire,4,5/30/2014
"11372,869,""Women's Mountain Shorts, L"",3,3/11/2014"
"11373,858,""Half-Finger Gloves, S"",3,1/27/2014"
11373,870,Water Bottle - 30 oz.,4,1/27/2014
11374,923,Touring Tire Tube,4,9/15/2013
"11374,707,""Sport-100 Helmet, Red"",4,9/15/2013"
11375,872,Road Bottle Cage,4,3/19/2014
"11376,859,""Half-Finger Gloves, M"",3,3/17/2014"
11377,934,Touring Tire,4,7/31/2013
11377,923,Touring Tire Tube,4,7/31/2013
11378,871,Mountain Bottle Cage,4,7/17/2013
11379,878,Fender Set - Mountain,4,7/29/2013
11380,871,Mountain Bottle Cage,4,7/6/2013
11380,870,Water Bottle - 30 oz.,4,7/6/2013
11380,877,Bike Wash - Dissolver,4,7/6/2013
"11381,708,""Sport-100 Helmet, Black"",4,1/18/2014"
11383,870,Water Bottle - 30 oz.,4,6/3/2014
11383,872,Road Bottle Cage,4,6/3/2014
11384,872,Road Bottle Cage,4,1/2/2014
"11384,711,""Sport-100 Helmet, Blue"",4,1/2/2014"
11385,872,Road Bottle Cage,4,12/6/2013
11386,923,Touring Tire Tube,4,4/4/2014
11386,934,Touring Tire,4,4/4/2014
"11387,707,""Sport-100 Helmet, Red"",4,6/22/2013"
11387,870,Water Bottle - 30 oz.,4,9/1/2013
11388,877,Bike Wash - Dissolver,4,6/10/2013
"11388,884,""Short-Sleeve Classic Jersey, XL"",3,9/26/2013"
11388,870,Water Bottle - 30 oz.,4,6/10/2013
11389,934,Touring Tire,4,4/19/2014
"11389,707,""Sport-100 Helmet, Red"",4,4/19/2014"
11390,872,Road Bottle Cage,4,4/9/2014
11390,870,Water Bottle - 30 oz.,4,4/9/2014
11391,934,Touring Tire,4,3/28/2014
11393,872,Road Bottle Cage,4,12/16/2013
11394,871,Mountain Bottle Cage,4,7/5/2013
11394,877,Bike Wash - Dissolver,4,7/5/2013
11394,870,Water Bottle - 30 oz.,4,7/5/2013
11397,870,Water Bottle - 30 oz.,4,12/7/2013
11397,872,Road Bottle Cage,4,12/7/2013
11399,870,Water Bottle - 30 oz.,4,9/13/2013
"11400,715,""Long-Sleeve Logo Jersey, L"",3,12/19/2013"
11400,712,AWC Logo Cap,3,12/19/2013
11400,871,Mountain Bottle Cage,4,6/1/2013
"11401,711,""Sport-100 Helmet, Blue"",4,8/8/2013"
"11401,860,""Half-Finger Gloves, L"",3,6/24/2013"
11402,871,Mountain Bottle Cage,4,6/2/2013
"11402,711,""Sport-100 Helmet, Blue"",4,9/2/2013"
11402,880,Hydration Pack - 70 oz.,4,6/2/2013
11402,872,Road Bottle Cage,4,9/2/2013
11403,873,Patch Kit/8 Patches,4,10/28/2013
11403,712,AWC Logo Cap,3,6/20/2013
"11403,882,""Short-Sleeve Classic Jersey, M"",3,6/20/2013"
11403,931,LL Road Tire,4,10/28/2013
11404,923,Touring Tire Tube,4,7/13/2013
11406,712,AWC Logo Cap,3,7/12/2013
11406,878,Fender Set - Mountain,4,7/12/2013
11406,870,Water Bottle - 30 oz.,4,7/12/2013
11408,922,Road Tire Tube,4,8/5/2013
11408,712,AWC Logo Cap,3,8/5/2013
11409,930,HL Mountain Tire,4,6/30/2013
"11409,707,""Sport-100 Helmet, Red"",4,6/30/2013"
11410,930,HL Mountain Tire,4,7/7/2013
"11410,715,""Long-Sleeve Logo Jersey, L"",3,7/7/2013"
11411,872,Road Bottle Cage,4,1/4/2014
"11411,860,""Half-Finger Gloves, L"",3,1/4/2014"
"11412,708,""Sport-100 Helmet, Black"",4,7/11/2013"
11412,712,AWC Logo Cap,3,3/13/2014
"11412,711,""Sport-100 Helmet, Blue"",4,9/9/2013"
11412,871,Mountain Bottle Cage,4,7/11/2013
"11413,713,""Long-Sleeve Logo Jersey, S"",3,12/31/2013"
11413,878,Fender Set - Mountain,4,7/25/2013
"11413,865,""Classic Vest, M"",3,2/5/2014"
11413,923,Touring Tire Tube,4,12/31/2013
11414,931,LL Road Tire,4,2/6/2014
11414,712,AWC Logo Cap,3,7/12/2013
"11414,708,""Sport-100 Helmet, Black"",4,7/12/2013"
"11414,707,""Sport-100 Helmet, Red"",4,2/15/2014"
11415,870,Water Bottle - 30 oz.,4,1/16/2014
"11416,711,""Sport-100 Helmet, Blue"",4,7/5/2013"
11417,878,Fender Set - Mountain,4,6/13/2013
11417,876,Hitch Rack - 4-Bike,4,6/13/2013
11417,712,AWC Logo Cap,3,11/2/2013
11417,870,Water Bottle - 30 oz.,4,4/3/2014
11417,871,Mountain Bottle Cage,4,11/2/2013
"11418,708,""Sport-100 Helmet, Black"",4,5/19/2014"
11419,870,Water Bottle - 30 oz.,4,11/27/2013
11419,931,LL Road Tire,4,8/12/2013
"11419,711,""Sport-100 Helmet, Blue"",4,11/27/2013"
11419,872,Road Bottle Cage,4,11/27/2013
11420,878,Fender Set - Mountain,4,7/1/2013
"11420,707,""Sport-100 Helmet, Red"",4,4/12/2014"
"11420,711,""Sport-100 Helmet, Blue"",4,1/3/2014"
11420,872,Road Bottle Cage,4,1/3/2014
11420,934,Touring Tire,4,5/1/2014
"11420,708,""Sport-100 Helmet, Black"",4,5/1/2014"
11420,870,Water Bottle - 30 oz.,4,1/3/2014
11422,872,Road Bottle Cage,4,4/5/2014
11422,870,Water Bottle - 30 oz.,4,4/5/2014
11422,930,HL Mountain Tire,4,7/6/2013
11422,712,AWC Logo Cap,3,4/5/2014
11423,712,AWC Logo Cap,3,3/22/2014
"11423,708,""Sport-100 Helmet, Black"",4,11/26/2013"
11423,932,ML Road Tire,4,11/26/2013
11423,878,Fender Set - Mountain,4,7/27/2013
11424,712,AWC Logo Cap,3,9/21/2013
11425,878,Fender Set - Mountain,4,7/16/2013
11425,934,Touring Tire,4,2/15/2014
"11425,711,""Sport-100 Helmet, Blue"",4,5/23/2014"
11425,876,Hitch Rack - 4-Bike,4,7/16/2013
11425,712,AWC Logo Cap,3,4/24/2014
11425,930,HL Mountain Tire,4,7/16/2013
"11425,707,""Sport-100 Helmet, Red"",4,12/8/2013"
"11427,711,""Sport-100 Helmet, Blue"",4,12/1/2013"
11427,923,Touring Tire Tube,4,3/22/2014
11427,934,Touring Tire,4,3/22/2014
11428,870,Water Bottle - 30 oz.,4,8/13/2013
11428,923,Touring Tire Tube,4,3/24/2014
"11428,711,""Sport-100 Helmet, Blue"",4,8/13/2013"
11428,712,AWC Logo Cap,3,8/13/2013
"11428,881,""Short-Sleeve Classic Jersey, S"",3,1/12/2014"
11428,934,Touring Tire,4,3/24/2014
"11429,711,""Sport-100 Helmet, Blue"",4,2/9/2014"
"11429,707,""Sport-100 Helmet, Red"",4,5/3/2014"
11429,872,Road Bottle Cage,4,5/3/2014
11429,877,Bike Wash - Dissolver,4,5/26/2014
11429,870,Water Bottle - 30 oz.,4,5/3/2014
11429,934,Touring Tire,4,5/26/2014
"11430,708,""Sport-100 Helmet, Black"",4,8/19/2013"
11431,870,Water Bottle - 30 oz.,4,3/2/2014
11431,872,Road Bottle Cage,4,3/2/2014
11431,930,HL Mountain Tire,4,8/10/2013
"11432,711,""Sport-100 Helmet, Blue"",4,2/8/2014"
11432,878,Fender Set - Mountain,4,5/27/2014
11432,871,Mountain Bottle Cage,4,7/15/2013
11432,870,Water Bottle - 30 oz.,4,5/1/2014
"11432,707,""Sport-100 Helmet, Red"",4,5/27/2014"
11432,923,Touring Tire Tube,4,10/3/2013
11432,934,Touring Tire,4,10/3/2013
"11433,882,""Short-Sleeve Classic Jersey, M"",3,12/28/2013"
11433,870,Water Bottle - 30 oz.,4,6/3/2013
11433,712,AWC Logo Cap,3,6/3/2013
11433,872,Road Bottle Cage,4,6/3/2013
11434,870,Water Bottle - 30 oz.,4,11/15/2013
11434,931,LL Road Tire,4,12/15/2013
"11434,707,""Sport-100 Helmet, Red"",4,11/15/2013"
11436,931,LL Road Tire,4,11/19/2013
"11436,883,""Short-Sleeve Classic Jersey, L"",3,10/22/2013"
11436,873,Patch Kit/8 Patches,4,11/19/2013
"11439,707,""Sport-100 Helmet, Red"",4,6/24/2013"
"11439,711,""Sport-100 Helmet, Blue"",4,3/22/2014"
"11439,708,""Sport-100 Helmet, Black"",4,8/8/2013"
11439,871,Mountain Bottle Cage,4,8/16/2013
"11440,882,""Short-Sleeve Classic Jersey, M"",3,8/27/2013"
"11441,711,""Sport-100 Helmet, Blue"",4,6/10/2014"
"11443,883,""Short-Sleeve Classic Jersey, L"",3,9/20/2013"
"11443,707,""Sport-100 Helmet, Red"",4,3/3/2014"
11443,930,HL Mountain Tire,4,9/20/2013
"11443,708,""Sport-100 Helmet, Black"",4,9/20/2013"
"11444,708,""Sport-100 Helmet, Black"",4,6/26/2013"
11445,872,Road Bottle Cage,4,11/28/2013
"11446,711,""Sport-100 Helmet, Blue"",4,11/21/2013"
11446,712,AWC Logo Cap,3,11/21/2013
11447,870,Water Bottle - 30 oz.,4,6/6/2013
11447,871,Mountain Bottle Cage,4,6/6/2013
"11448,881,""Short-Sleeve Classic Jersey, S"",3,11/21/2013"
11448,712,AWC Logo Cap,3,5/31/2013
11448,871,Mountain Bottle Cage,4,5/31/2013
11449,921,Mountain Tire Tube,4,6/1/2013
11449,930,HL Mountain Tire,4,6/1/2013
11449,712,AWC Logo Cap,3,11/24/2013
"11450,711,""Sport-100 Helmet, Blue"",4,11/17/2013"
"11450,875,""Racing Socks, L"",3,11/17/2013"
11450,930,HL Mountain Tire,4,6/27/2013
11450,873,Patch Kit/8 Patches,4,6/27/2013
"11451,708,""Sport-100 Helmet, Black"",4,6/29/2013"
11451,870,Water Bottle - 30 oz.,4,6/29/2013
11451,871,Mountain Bottle Cage,4,6/29/2013
"11451,707,""Sport-100 Helmet, Red"",4,11/5/2013"
11452,876,Hitch Rack - 4-Bike,4,6/15/2013
11453,880,Hydration Pack - 70 oz.,4,6/24/2013
11453,877,Bike Wash - Dissolver,4,6/24/2013
11455,712,AWC Logo Cap,3,10/31/2013
"11456,707,""Sport-100 Helmet, Red"",4,6/4/2013"
11456,872,Road Bottle Cage,4,10/31/2013
11456,878,Fender Set - Mountain,4,6/4/2013
11456,870,Water Bottle - 30 oz.,4,10/31/2013
"11456,708,""Sport-100 Helmet, Black"",4,10/31/2013"
"11457,715,""Long-Sleeve Logo Jersey, L"",3,7/11/2013"
11457,870,Water Bottle - 30 oz.,4,11/1/2013
"11457,859,""Half-Finger Gloves, M"",3,11/1/2013"
"11457,881,""Short-Sleeve Classic Jersey, S"",3,11/1/2013"
11458,712,AWC Logo Cap,3,8/30/2013
11458,928,LL Mountain Tire,4,6/20/2014
11458,871,Mountain Bottle Cage,4,8/30/2013
11458,870,Water Bottle - 30 oz.,4,8/30/2013
11458,877,Bike Wash - Dissolver,4,12/25/2013
"11459,711,""Sport-100 Helmet, Blue"",4,11/18/2013"
11460,934,Touring Tire,4,11/10/2013
11460,923,Touring Tire Tube,4,11/10/2013
"11462,707,""Sport-100 Helmet, Red"",4,12/25/2013"
11463,870,Water Bottle - 30 oz.,4,10/29/2013
11463,877,Bike Wash - Dissolver,4,8/5/2013
11463,871,Mountain Bottle Cage,4,10/29/2013
11464,871,Mountain Bottle Cage,4,8/13/2013
"11464,858,""Half-Finger Gloves, S"",3,8/13/2013"
11464,870,Water Bottle - 30 oz.,4,8/13/2013
"11466,707,""Sport-100 Helmet, Red"",4,11/5/2013"
11466,870,Water Bottle - 30 oz.,4,11/5/2013
11466,871,Mountain Bottle Cage,4,11/5/2013
11466,873,Patch Kit/8 Patches,4,10/22/2013
11466,921,Mountain Tire Tube,4,10/22/2013
11467,871,Mountain Bottle Cage,4,3/22/2014
11467,877,Bike Wash - Dissolver,4,6/4/2014
11467,870,Water Bottle - 30 oz.,4,3/22/2014
11469,931,LL Road Tire,4,1/9/2014
"11472,860,""Half-Finger Gloves, L"",3,3/28/2014"
11472,873,Patch Kit/8 Patches,4,9/15/2013
11473,712,AWC Logo Cap,3,11/2/2013
11474,922,Road Tire Tube,4,2/26/2014
"11474,859,""Half-Finger Gloves, M"",3,2/26/2014"
"11475,711,""Sport-100 Helmet, Blue"",4,9/23/2013"
11475,922,Road Tire Tube,4,9/23/2013
11475,712,AWC Logo Cap,3,9/23/2013
11479,930,HL Mountain Tire,4,7/25/2013
11479,873,Patch Kit/8 Patches,4,7/25/2013
11479,872,Road Bottle Cage,4,10/24/2013
11479,877,Bike Wash - Dissolver,4,7/25/2013
11480,871,Mountain Bottle Cage,4,7/9/2013
11480,870,Water Bottle - 30 oz.,4,12/25/2013
11481,880,Hydration Pack - 70 oz.,4,6/23/2013
11481,872,Road Bottle Cage,4,9/21/2013
11482,934,Touring Tire,4,2/10/2014
11484,872,Road Bottle Cage,4,8/30/2013
"11484,708,""Sport-100 Helmet, Black"",4,6/18/2013"
11485,870,Water Bottle - 30 oz.,4,7/15/2013
"11485,866,""Classic Vest, L"",3,7/15/2013"
"11485,711,""Sport-100 Helmet, Blue"",4,2/12/2014"
11488,873,Patch Kit/8 Patches,4,7/3/2013
"11489,858,""Half-Finger Gloves, S"",3,8/7/2013"
11489,871,Mountain Bottle Cage,4,8/7/2013
11489,712,AWC Logo Cap,3,2/28/2014
11491,871,Mountain Bottle Cage,4,8/7/2013
11491,934,Touring Tire,4,2/7/2014
"11491,711,""Sport-100 Helmet, Blue"",4,2/7/2014"
"11493,711,""Sport-100 Helmet, Blue"",4,7/23/2013"
11493,872,Road Bottle Cage,4,2/12/2014
11494,934,Touring Tire,4,3/2/2014
11495,872,Road Bottle Cage,4,3/28/2014
11496,712,AWC Logo Cap,3,7/5/2013
11496,871,Mountain Bottle Cage,4,7/5/2013
"11496,707,""Sport-100 Helmet, Red"",4,7/5/2013"
11498,712,AWC Logo Cap,3,2/7/2014
11498,923,Touring Tire Tube,4,8/27/2013
11498,928,LL Mountain Tire,4,10/26/2013
11498,873,Patch Kit/8 Patches,4,5/2/2014
11498,921,Mountain Tire Tube,4,4/13/2014
11498,932,ML Road Tire,4,12/4/2013
11498,870,Water Bottle - 30 oz.,4,2/7/2014
11498,931,LL Road Tire,4,9/23/2013
11498,877,Bike Wash - Dissolver,4,10/26/2013
"11498,858,""Half-Finger Gloves, S"",3,3/9/2014"
"11498,881,""Short-Sleeve Classic Jersey, S"",3,11/11/2013"
"11498,867,""Women's Mountain Shorts, S"",3,8/28/2013"
"11498,707,""Sport-100 Helmet, Red"",4,5/5/2014"
11498,880,Hydration Pack - 70 oz.,4,8/27/2013
11499,877,Bike Wash - Dissolver,4,9/6/2013
11499,921,Mountain Tire Tube,4,9/6/2013
11499,878,Fender Set - Mountain,4,9/6/2013
11499,930,HL Mountain Tire,4,9/6/2013
11500,928,LL Mountain Tire,4,1/18/2014
11500,873,Patch Kit/8 Patches,4,6/12/2014
11500,921,Mountain Tire Tube,4,7/13/2013
"11500,869,""Women's Mountain Shorts, L"",3,12/20/2013"
"11500,714,""Long-Sleeve Logo Jersey, M"",3,5/14/2014"
11500,931,LL Road Tire,4,3/23/2014
"11500,882,""Short-Sleeve Classic Jersey, M"",3,1/5/2014"
11500,712,AWC Logo Cap,3,4/30/2014
"11500,860,""Half-Finger Gloves, L"",3,12/20/2013"
11500,930,HL Mountain Tire,4,7/13/2013
11500,929,ML Mountain Tire,4,12/24/2013
"11500,711,""Sport-100 Helmet, Blue"",4,7/3/2013"
"11500,707,""Sport-100 Helmet, Red"",4,1/6/2014"
11500,870,Water Bottle - 30 oz.,4,3/16/2014
"11500,874,""Racing Socks, M"",3,7/13/2013"
11500,923,Touring Tire Tube,4,4/30/2014
"11500,716,""Long-Sleeve Logo Jersey, XL"",3,4/30/2014"
11500,922,Road Tire Tube,4,5/17/2014
"11501,883,""Short-Sleeve Classic Jersey, L"",3,1/16/2014"
11501,930,HL Mountain Tire,4,6/23/2014
11501,932,ML Road Tire,4,5/29/2014
11501,929,ML Mountain Tire,4,8/27/2013
11501,876,Hitch Rack - 4-Bike,4,6/20/2014
11501,923,Touring Tire Tube,4,12/12/2013
"11501,711,""Sport-100 Helmet, Blue"",4,2/27/2014"
11501,870,Water Bottle - 30 oz.,4,1/14/2014
"11501,708,""Sport-100 Helmet, Black"",4,6/23/2014"
11501,872,Road Bottle Cage,4,1/14/2014
"11501,866,""Classic Vest, L"",3,6/23/2014"
"11501,859,""Half-Finger Gloves, M"",3,4/11/2014"
11501,877,Bike Wash - Dissolver,4,6/24/2014
11501,921,Mountain Tire Tube,4,6/23/2014
11501,880,Hydration Pack - 70 oz.,4,12/12/2013
"11501,868,""Women's Mountain Shorts, M"",3,4/11/2014"
11501,928,LL Mountain Tire,4,9/27/2013
11501,922,Road Tire Tube,4,3/25/2014
"11502,883,""Short-Sleeve Classic Jersey, L"",3,1/11/2014"
"11502,708,""Sport-100 Helmet, Black"",4,6/29/2014"
"11502,882,""Short-Sleeve Classic Jersey, M"",3,12/11/2013"
"11502,711,""Sport-100 Helmet, Blue"",4,6/26/2014"
11502,929,ML Mountain Tire,4,11/8/2013
"11502,881,""Short-Sleeve Classic Jersey, S"",3,8/18/2013"
"11502,875,""Racing Socks, L"",3,4/23/2014"
11502,878,Fender Set - Mountain,4,10/6/2013
11502,930,HL Mountain Tire,4,10/6/2013
"11502,716,""Long-Sleeve Logo Jersey, XL"",3,6/26/2014"
11502,872,Road Bottle Cage,4,2/15/2014
11502,873,Patch Kit/8 Patches,4,3/12/2014
"11502,868,""Women's Mountain Shorts, M"",3,10/7/2013"
11502,923,Touring Tire Tube,4,6/29/2014
11502,921,Mountain Tire Tube,4,1/22/2014
11502,922,Road Tire Tube,4,6/26/2014
"11502,714,""Long-Sleeve Logo Jersey, M"",3,6/29/2014"
"11502,860,""Half-Finger Gloves, L"",3,2/15/2014"
11502,931,LL Road Tire,4,5/31/2014
11502,932,ML Road Tire,4,9/23/2013
11503,873,Patch Kit/8 Patches,4,5/10/2014
11503,930,HL Mountain Tire,4,10/26/2013
11504,930,HL Mountain Tire,4,10/3/2013
11504,873,Patch Kit/8 Patches,4,10/3/2013
11505,923,Touring Tire Tube,4,11/3/2013
11505,712,AWC Logo Cap,3,4/23/2014
11505,931,LL Road Tire,4,8/12/2013
11505,873,Patch Kit/8 Patches,4,3/8/2014
11505,877,Bike Wash - Dissolver,4,3/8/2014
"11505,711,""Sport-100 Helmet, Blue"",4,9/26/2013"
"11505,858,""Half-Finger Gloves, S"",3,9/1/2013"
"11505,715,""Long-Sleeve Logo Jersey, L"",3,5/26/2014"
11505,932,ML Road Tire,4,12/10/2013
"11505,867,""Women's Mountain Shorts, S"",3,9/12/2013"
"11505,716,""Long-Sleeve Logo Jersey, XL"",3,12/5/2013"
11505,928,LL Mountain Tire,4,8/27/2013
11505,870,Water Bottle - 30 oz.,4,10/1/2013
"11505,708,""Sport-100 Helmet, Black"",4,12/10/2013"
11505,921,Mountain Tire Tube,4,3/8/2014
11505,872,Road Bottle Cage,4,10/1/2013
"11505,714,""Long-Sleeve Logo Jersey, M"",3,1/28/2014"
11506,712,AWC Logo Cap,3,10/13/2013
"11506,869,""Women's Mountain Shorts, L"",3,12/30/2013"
11506,872,Road Bottle Cage,4,11/11/2013
11506,878,Fender Set - Mountain,4,8/8/2013
11506,932,ML Road Tire,4,6/24/2014
11506,922,Road Tire Tube,4,6/24/2014
"11506,875,""Racing Socks, L"",3,12/6/2013"
11506,877,Bike Wash - Dissolver,4,3/25/2014
"11506,858,""Half-Finger Gloves, S"",3,12/30/2013"
"11506,874,""Racing Socks, M"",3,6/24/2014"
"11506,707,""Sport-100 Helmet, Red"",4,2/9/2014"
11506,870,Water Bottle - 30 oz.,4,11/11/2013
11506,929,ML Mountain Tire,4,8/8/2013
11506,930,HL Mountain Tire,4,3/6/2014
"11506,883,""Short-Sleeve Classic Jersey, L"",3,1/21/2014"
11506,923,Touring Tire Tube,4,3/24/2014
11506,871,Mountain Bottle Cage,4,8/8/2013
11506,928,LL Mountain Tire,4,12/6/2013
11506,921,Mountain Tire Tube,4,12/6/2013
11507,877,Bike Wash - Dissolver,4,12/13/2013
11507,928,LL Mountain Tire,4,9/19/2013
11507,873,Patch Kit/8 Patches,4,6/22/2014
11507,921,Mountain Tire Tube,4,9/19/2013
11507,712,AWC Logo Cap,3,3/1/2014
"11507,868,""Women's Mountain Shorts, M"",3,5/19/2014"
11507,930,HL Mountain Tire,4,4/12/2014
11507,931,LL Road Tire,4,5/11/2014
"11507,707,""Sport-100 Helmet, Red"",4,10/23/2013"
"11507,858,""Half-Finger Gloves, S"",3,9/19/2013"
"11507,711,""Sport-100 Helmet, Blue"",4,10/21/2013"
11507,932,ML Road Tire,4,2/13/2014
11507,923,Touring Tire Tube,4,6/22/2014
"11507,883,""Short-Sleeve Classic Jersey, L"",3,12/20/2013"
11507,870,Water Bottle - 30 oz.,4,3/1/2014
"11507,715,""Long-Sleeve Logo Jersey, L"",3,5/19/2014"
11508,921,Mountain Tire Tube,4,10/2/2013
11508,930,HL Mountain Tire,4,10/2/2013
"11508,708,""Sport-100 Helmet, Black"",4,10/2/2013"
11509,873,Patch Kit/8 Patches,4,12/29/2013
11509,879,All-Purpose Bike Stand,4,12/29/2013
11510,921,Mountain Tire Tube,4,4/9/2014
11510,870,Water Bottle - 30 oz.,4,5/28/2014
11510,923,Touring Tire Tube,4,5/28/2014
"11510,713,""Long-Sleeve Logo Jersey, S"",3,5/25/2014"
"11510,860,""Half-Finger Gloves, L"",3,8/12/2013"
"11510,711,""Sport-100 Helmet, Blue"",4,4/9/2014"
11510,872,Road Bottle Cage,4,5/28/2014
11510,930,HL Mountain Tire,4,4/9/2014
11510,928,LL Mountain Tire,4,10/12/2013
11510,871,Mountain Bottle Cage,4,8/12/2013
"11510,874,""Racing Socks, M"",3,5/25/2014"
11513,929,ML Mountain Tire,4,11/8/2013
"11513,711,""Sport-100 Helmet, Blue"",4,11/8/2013"
11513,921,Mountain Tire Tube,4,11/8/2013
11514,921,Mountain Tire Tube,4,11/24/2013
"11515,708,""Sport-100 Helmet, Black"",4,9/20/2013"
11516,921,Mountain Tire Tube,4,11/16/2013
11516,873,Patch Kit/8 Patches,4,11/16/2013
"11517,859,""Half-Finger Gloves, M"",3,11/26/2013"
11517,930,HL Mountain Tire,4,11/26/2013
11517,921,Mountain Tire Tube,4,11/26/2013
"11517,711,""Sport-100 Helmet, Blue"",4,11/26/2013"
11518,873,Patch Kit/8 Patches,4,3/29/2014
11518,871,Mountain Bottle Cage,4,4/13/2014
11518,878,Fender Set - Mountain,4,4/13/2014
11518,930,HL Mountain Tire,4,4/13/2014
11519,712,AWC Logo Cap,3,12/31/2013
"11519,882,""Short-Sleeve Classic Jersey, M"",3,12/7/2013"
"11519,713,""Long-Sleeve Logo Jersey, S"",3,12/31/2013"
11519,929,ML Mountain Tire,4,9/8/2013
11519,921,Mountain Tire Tube,4,6/13/2014
"11519,708,""Sport-100 Helmet, Black"",4,3/29/2014"
11519,930,HL Mountain Tire,4,6/13/2014
"11519,869,""Women's Mountain Shorts, L"",3,11/21/2013"
11519,923,Touring Tire Tube,4,12/31/2013
11519,928,LL Mountain Tire,4,1/4/2014
"11519,874,""Racing Socks, M"",3,1/4/2014"
11519,932,ML Road Tire,4,3/29/2014
11519,877,Bike Wash - Dissolver,4,8/15/2013
11519,931,LL Road Tire,4,9/8/2013
"11519,711,""Sport-100 Helmet, Blue"",4,11/29/2013"
11519,922,Road Tire Tube,4,3/29/2014
"11520,864,""Classic Vest, S"",3,11/29/2013"
11520,872,Road Bottle Cage,4,11/2/2013
11520,931,LL Road Tire,4,2/8/2014
11520,922,Road Tire Tube,4,5/26/2014
11520,877,Bike Wash - Dissolver,4,10/22/2013
"11520,875,""Racing Socks, L"",3,7/25/2013"
"11520,858,""Half-Finger Gloves, S"",3,4/30/2014"
"11520,860,""Half-Finger Gloves, L"",3,8/19/2013"
11520,873,Patch Kit/8 Patches,4,5/26/2014
"11520,882,""Short-Sleeve Classic Jersey, M"",3,12/26/2013"
"11520,707,""Sport-100 Helmet, Red"",4,8/31/2013"
11520,929,ML Mountain Tire,4,11/29/2013
"11520,866,""Classic Vest, L"",3,5/26/2014"
"11520,716,""Long-Sleeve Logo Jersey, XL"",3,6/21/2014"
11520,930,HL Mountain Tire,4,8/31/2013
11520,923,Touring Tire Tube,4,5/26/2014
11520,712,AWC Logo Cap,3,2/8/2014
"11520,869,""Women's Mountain Shorts, L"",3,6/21/2014"
11520,928,LL Mountain Tire,4,4/30/2014
11521,873,Patch Kit/8 Patches,4,4/9/2014
11521,921,Mountain Tire Tube,4,4/9/2014
11522,870,Water Bottle - 30 oz.,4,7/4/2013
"11523,708,""Sport-100 Helmet, Black"",4,7/18/2013"
11524,921,Mountain Tire Tube,4,1/28/2014
11524,930,HL Mountain Tire,4,1/28/2014
11525,930,HL Mountain Tire,4,7/25/2013
"11526,708,""Sport-100 Helmet, Black"",4,7/6/2013"
11527,930,HL Mountain Tire,4,4/3/2014
11528,871,Mountain Bottle Cage,4,7/22/2013
11528,870,Water Bottle - 30 oz.,4,7/22/2013
11528,878,Fender Set - Mountain,4,7/22/2013
11529,878,Fender Set - Mountain,4,7/7/2013
11529,712,AWC Logo Cap,3,7/7/2013
11529,871,Mountain Bottle Cage,4,7/7/2013
11530,932,ML Road Tire,4,10/31/2013
11530,921,Mountain Tire Tube,4,11/30/2013
"11530,708,""Sport-100 Helmet, Black"",4,3/5/2014"
"11530,716,""Long-Sleeve Logo Jersey, XL"",3,6/1/2014"
11530,877,Bike Wash - Dissolver,4,10/2/2013
11530,931,LL Road Tire,4,7/26/2013
11530,712,AWC Logo Cap,3,10/28/2013
11530,928,LL Mountain Tire,4,2/22/2014
"11530,881,""Short-Sleeve Classic Jersey, S"",3,6/30/2013"
"11530,869,""Women's Mountain Shorts, L"",3,3/12/2014"
11530,923,Touring Tire Tube,4,3/5/2014
"11530,707,""Sport-100 Helmet, Red"",4,2/16/2014"
"11530,859,""Half-Finger Gloves, M"",3,2/16/2014"
11530,873,Patch Kit/8 Patches,4,2/22/2014
11532,921,Mountain Tire Tube,4,5/29/2014
11532,873,Patch Kit/8 Patches,4,5/29/2014
11533,930,HL Mountain Tire,4,6/12/2014
"11534,859,""Half-Finger Gloves, M"",3,7/17/2013"
"11535,875,""Racing Socks, L"",3,8/15/2013"
11535,871,Mountain Bottle Cage,4,8/15/2013
11535,870,Water Bottle - 30 oz.,4,8/15/2013
11536,930,HL Mountain Tire,4,8/21/2013
11536,873,Patch Kit/8 Patches,4,8/21/2013
"11539,859,""Half-Finger Gloves, M"",3,8/25/2013"
"11539,711,""Sport-100 Helmet, Blue"",4,8/25/2013"
11539,921,Mountain Tire Tube,4,8/25/2013
11540,878,Fender Set - Mountain,4,8/21/2013
11540,880,Hydration Pack - 70 oz.,4,8/21/2013
"11541,711,""Sport-100 Helmet, Blue"",4,9/13/2013"
11541,930,HL Mountain Tire,4,9/13/2013
"11542,874,""Racing Socks, M"",3,10/11/2013"
11542,922,Road Tire Tube,4,10/11/2013
"11544,884,""Short-Sleeve Classic Jersey, XL"",3,1/28/2014"
11546,870,Water Bottle - 30 oz.,4,8/12/2013
11546,871,Mountain Bottle Cage,4,8/12/2013
"11548,713,""Long-Sleeve Logo Jersey, S"",3,8/28/2013"
11548,870,Water Bottle - 30 oz.,4,4/13/2014
"11548,708,""Sport-100 Helmet, Black"",4,4/13/2014"
"11548,860,""Half-Finger Gloves, L"",3,8/28/2013"
"11549,713,""Long-Sleeve Logo Jersey, S"",3,5/14/2014"
11549,872,Road Bottle Cage,4,5/14/2014
11549,870,Water Bottle - 30 oz.,4,5/14/2014
"11549,707,""Sport-100 Helmet, Red"",4,5/14/2014"
11550,876,Hitch Rack - 4-Bike,4,8/16/2013
"11562,708,""Sport-100 Helmet, Black"",4,11/26/2013"
11566,923,Touring Tire Tube,4,6/9/2014
11566,870,Water Bottle - 30 oz.,4,8/30/2013
11566,934,Touring Tire,4,6/9/2014
11566,931,LL Road Tire,4,5/7/2014
"11566,860,""Half-Finger Gloves, L"",3,3/25/2014"
"11566,711,""Sport-100 Helmet, Blue"",4,11/7/2013"
11566,922,Road Tire Tube,4,5/7/2014
"11566,715,""Long-Sleeve Logo Jersey, L"",3,6/30/2013"
"11566,708,""Sport-100 Helmet, Black"",4,3/21/2014"
"11566,707,""Sport-100 Helmet, Red"",4,1/29/2014"
11566,873,Patch Kit/8 Patches,4,6/9/2014
11566,879,All-Purpose Bike Stand,4,7/8/2013
11568,872,Road Bottle Cage,4,2/20/2014
11571,873,Patch Kit/8 Patches,4,8/20/2013
11572,870,Water Bottle - 30 oz.,4,8/8/2013
"11572,707,""Sport-100 Helmet, Red"",4,8/8/2013"
11572,871,Mountain Bottle Cage,4,8/8/2013
11575,712,AWC Logo Cap,3,2/16/2014
11575,934,Touring Tire,4,2/16/2014
"11575,711,""Sport-100 Helmet, Blue"",4,2/16/2014"
11578,871,Mountain Bottle Cage,4,8/12/2013
"11579,707,""Sport-100 Helmet, Red"",4,12/31/2013"
11581,870,Water Bottle - 30 oz.,4,12/9/2013
11581,929,ML Mountain Tire,4,4/24/2014
11581,922,Road Tire Tube,4,8/16/2013
"11581,884,""Short-Sleeve Classic Jersey, XL"",3,12/9/2013"
11581,873,Patch Kit/8 Patches,4,8/16/2013
"11581,711,""Sport-100 Helmet, Blue"",4,4/24/2014"
11581,712,AWC Logo Cap,3,12/9/2013
11583,870,Water Bottle - 30 oz.,4,9/8/2013
11587,879,All-Purpose Bike Stand,4,9/9/2013
11587,873,Patch Kit/8 Patches,4,9/9/2013
11589,871,Mountain Bottle Cage,4,11/4/2013
11590,870,Water Bottle - 30 oz.,4,10/23/2013
"11594,711,""Sport-100 Helmet, Blue"",4,1/17/2014"
11596,870,Water Bottle - 30 oz.,4,3/3/2014
11596,871,Mountain Bottle Cage,4,3/3/2014
11598,876,Hitch Rack - 4-Bike,4,8/24/2013
11598,873,Patch Kit/8 Patches,4,8/24/2013
"11599,708,""Sport-100 Helmet, Black"",4,11/12/2013"
11599,870,Water Bottle - 30 oz.,4,11/12/2013
11599,712,AWC Logo Cap,3,11/12/2013
11601,712,AWC Logo Cap,3,11/7/2013
11601,871,Mountain Bottle Cage,4,11/7/2013
11601,870,Water Bottle - 30 oz.,4,11/7/2013
11603,872,Road Bottle Cage,4,3/10/2014
11604,872,Road Bottle Cage,4,3/18/2014
11604,712,AWC Logo Cap,3,8/12/2013
11604,871,Mountain Bottle Cage,4,8/12/2013
11606,870,Water Bottle - 30 oz.,4,11/28/2013
11606,712,AWC Logo Cap,3,11/28/2013
11607,871,Mountain Bottle Cage,4,11/10/2013
11609,923,Touring Tire Tube,4,4/25/2014
11609,934,Touring Tire,4,4/25/2014
11609,921,Mountain Tire Tube,4,8/19/2013
"11609,711,""Sport-100 Helmet, Blue"",4,4/25/2014"
11610,872,Road Bottle Cage,4,4/3/2014
11610,870,Water Bottle - 30 oz.,4,4/3/2014
11612,878,Fender Set - Mountain,4,9/17/2013
11612,871,Mountain Bottle Cage,4,9/17/2013
11613,870,Water Bottle - 30 oz.,4,9/24/2013
11614,870,Water Bottle - 30 oz.,4,9/5/2013
11614,871,Mountain Bottle Cage,4,9/5/2013
"11615,707,""Sport-100 Helmet, Red"",4,6/2/2013"
11615,870,Water Bottle - 30 oz.,4,9/13/2013
11615,878,Fender Set - Mountain,4,9/13/2013
11616,923,Touring Tire Tube,4,6/19/2013
11616,712,AWC Logo Cap,3,9/15/2013
11616,934,Touring Tire,4,6/19/2013
11616,870,Water Bottle - 30 oz.,4,9/15/2013
11616,871,Mountain Bottle Cage,4,9/15/2013
11617,930,HL Mountain Tire,4,9/7/2013
11618,871,Mountain Bottle Cage,4,7/12/2013
"11618,707,""Sport-100 Helmet, Red"",4,7/12/2013"
11619,928,LL Mountain Tire,4,10/2/2013
11619,877,Bike Wash - Dissolver,4,4/8/2014
11619,921,Mountain Tire Tube,4,10/2/2013
11619,712,AWC Logo Cap,3,9/30/2013
"11619,867,""Women's Mountain Shorts, S"",3,3/22/2014"
11619,931,LL Road Tire,4,1/10/2014
11619,932,ML Road Tire,4,12/26/2013
11619,929,ML Mountain Tire,4,11/21/2013
11619,930,HL Mountain Tire,4,4/12/2014
11619,923,Touring Tire Tube,4,4/8/2014
"11619,859,""Half-Finger Gloves, M"",3,9/8/2013"
11619,922,Road Tire Tube,4,5/4/2014
"11619,711,""Sport-100 Helmet, Blue"",4,2/23/2014"
"11619,713,""Long-Sleeve Logo Jersey, S"",3,3/22/2014"
11620,921,Mountain Tire Tube,4,7/11/2013
11620,873,Patch Kit/8 Patches,4,12/27/2013
11621,921,Mountain Tire Tube,4,4/1/2014
11621,712,AWC Logo Cap,3,4/1/2014
"11621,713,""Long-Sleeve Logo Jersey, S"",3,4/1/2014"
11621,873,Patch Kit/8 Patches,4,1/1/2014
"11622,860,""Half-Finger Gloves, L"",3,11/15/2013"
"11622,714,""Long-Sleeve Logo Jersey, M"",3,11/15/2013"
11622,878,Fender Set - Mountain,4,11/15/2013
11622,930,HL Mountain Tire,4,11/15/2013
11623,921,Mountain Tire Tube,4,9/26/2013
"11623,708,""Sport-100 Helmet, Black"",4,9/26/2013"
11625,921,Mountain Tire Tube,4,9/23/2013
11626,878,Fender Set - Mountain,4,9/7/2013
11627,930,HL Mountain Tire,4,4/11/2014
11627,873,Patch Kit/8 Patches,4,1/27/2014
11627,921,Mountain Tire Tube,4,4/11/2014
"11629,707,""Sport-100 Helmet, Red"",4,9/18/2013"
"11631,882,""Short-Sleeve Classic Jersey, M"",3,5/27/2014"
11631,929,ML Mountain Tire,4,7/25/2013
"11631,716,""Long-Sleeve Logo Jersey, XL"",3,8/31/2013"
11631,872,Road Bottle Cage,4,1/11/2014
"11631,713,""Long-Sleeve Logo Jersey, S"",3,7/25/2013"
11631,930,HL Mountain Tire,4,4/4/2014
11631,873,Patch Kit/8 Patches,4,2/3/2014
11631,870,Water Bottle - 30 oz.,4,1/11/2014
"11631,707,""Sport-100 Helmet, Red"",4,4/4/2014"
"11631,869,""Women's Mountain Shorts, L"",3,11/10/2013"
11631,922,Road Tire Tube,4,10/23/2013
11631,932,ML Road Tire,4,10/23/2013
11631,877,Bike Wash - Dissolver,4,10/23/2013
11631,878,Fender Set - Mountain,4,7/25/2013
"11631,859,""Half-Finger Gloves, M"",3,5/27/2014"
11631,921,Mountain Tire Tube,4,4/4/2014
11631,712,AWC Logo Cap,3,7/10/2013
11632,931,LL Road Tire,4,9/6/2013
11632,928,LL Mountain Tire,4,4/14/2014
11632,871,Mountain Bottle Cage,4,7/2/2013
11632,873,Patch Kit/8 Patches,4,4/14/2014
11632,879,All-Purpose Bike Stand,4,1/28/2014
"11632,711,""Sport-100 Helmet, Blue"",4,1/3/2014"
11632,876,Hitch Rack - 4-Bike,4,10/25/2013
11632,932,ML Road Tire,4,12/7/2013
11632,923,Touring Tire Tube,4,5/25/2014
11632,878,Fender Set - Mountain,4,7/2/2013
11632,870,Water Bottle - 30 oz.,4,6/5/2014
11632,921,Mountain Tire Tube,4,11/12/2013
"11632,715,""Long-Sleeve Logo Jersey, L"",3,9/27/2013"
"11632,707,""Sport-100 Helmet, Red"",4,5/25/2014"
"11632,708,""Sport-100 Helmet, Black"",4,11/12/2013"
11632,930,HL Mountain Tire,4,7/2/2013
"11632,858,""Half-Finger Gloves, S"",3,9/6/2013"
"11632,869,""Women's Mountain Shorts, L"",3,12/14/2013"
11633,921,Mountain Tire Tube,4,6/16/2014
11633,930,HL Mountain Tire,4,6/16/2014
"11633,708,""Sport-100 Helmet, Black"",4,6/16/2014"
11634,873,Patch Kit/8 Patches,4,9/26/2013
11635,921,Mountain Tire Tube,4,7/11/2013
11635,930,HL Mountain Tire,4,7/11/2013
11636,921,Mountain Tire Tube,4,2/11/2014
11636,930,HL Mountain Tire,4,2/11/2014
"11636,711,""Sport-100 Helmet, Blue"",4,2/11/2014"
11637,873,Patch Kit/8 Patches,4,7/18/2013
"11638,711,""Sport-100 Helmet, Blue"",4,3/21/2014"
11638,873,Patch Kit/8 Patches,4,3/21/2014
11638,930,HL Mountain Tire,4,3/21/2014
11639,873,Patch Kit/8 Patches,4,6/10/2014
"11639,708,""Sport-100 Helmet, Black"",4,4/11/2014"
11639,921,Mountain Tire Tube,4,4/11/2014
"11639,716,""Long-Sleeve Logo Jersey, XL"",3,4/11/2014"
11640,928,LL Mountain Tire,4,9/25/2013
11640,873,Patch Kit/8 Patches,4,5/31/2014
11640,877,Bike Wash - Dissolver,4,5/31/2014
"11640,884,""Short-Sleeve Classic Jersey, XL"",3,8/15/2013"
11640,712,AWC Logo Cap,3,9/25/2013
"11640,714,""Long-Sleeve Logo Jersey, M"",3,9/25/2013"
11640,930,HL Mountain Tire,4,5/31/2014
11640,929,ML Mountain Tire,4,4/21/2014
"11640,868,""Women's Mountain Shorts, M"",3,3/19/2014"
"11640,708,""Sport-100 Helmet, Black"",4,4/21/2014"
"11640,711,""Sport-100 Helmet, Blue"",4,9/25/2013"
"11641,708,""Sport-100 Helmet, Black"",4,9/12/2013"
"11641,858,""Half-Finger Gloves, S"",3,9/12/2013"
"11641,716,""Long-Sleeve Logo Jersey, XL"",3,9/12/2013"
11641,931,LL Road Tire,4,7/2/2013
11641,921,Mountain Tire Tube,4,11/11/2013
11641,928,LL Mountain Tire,4,11/11/2013
11641,930,HL Mountain Tire,4,1/18/2014
"11641,869,""Women's Mountain Shorts, L"",3,9/12/2013"
"11642,708,""Sport-100 Helmet, Black"",4,12/24/2013"
11642,928,LL Mountain Tire,4,7/12/2013
"11642,716,""Long-Sleeve Logo Jersey, XL"",3,12/3/2013"
"11642,859,""Half-Finger Gloves, M"",3,7/12/2013"
11642,930,HL Mountain Tire,4,12/24/2013
11642,922,Road Tire Tube,4,6/26/2014
"11642,869,""Women's Mountain Shorts, L"",3,5/26/2014"
11642,929,ML Mountain Tire,4,12/3/2013
11642,921,Mountain Tire Tube,4,12/24/2013
"11642,883,""Short-Sleeve Classic Jersey, L"",3,5/26/2014"
"11642,858,""Half-Finger Gloves, S"",3,12/3/2013"
11643,873,Patch Kit/8 Patches,4,12/4/2013
11643,930,HL Mountain Tire,4,9/21/2013
"11643,716,""Long-Sleeve Logo Jersey, XL"",3,9/21/2013"
11643,921,Mountain Tire Tube,4,9/21/2013
11644,921,Mountain Tire Tube,4,10/17/2013
11644,930,HL Mountain Tire,4,10/17/2013
"11645,883,""Short-Sleeve Classic Jersey, L"",3,4/12/2014"
11645,930,HL Mountain Tire,4,6/5/2014
"11645,859,""Half-Finger Gloves, M"",3,6/5/2014"
"11645,708,""Sport-100 Helmet, Black"",4,6/5/2014"
"11646,881,""Short-Sleeve Classic Jersey, S"",3,12/15/2013"
11646,930,HL Mountain Tire,4,12/25/2013
11647,870,Water Bottle - 30 oz.,4,7/18/2013
11647,878,Fender Set - Mountain,4,7/18/2013
11647,871,Mountain Bottle Cage,4,7/18/2013
"11648,884,""Short-Sleeve Classic Jersey, XL"",3,1/28/2014"
"11649,884,""Short-Sleeve Classic Jersey, XL"",3,9/5/2013"
11649,930,HL Mountain Tire,4,9/23/2013
11650,921,Mountain Tire Tube,4,7/18/2013
11650,930,HL Mountain Tire,4,7/18/2013
"11650,711,""Sport-100 Helmet, Blue"",4,7/18/2013"
11651,929,ML Mountain Tire,4,9/11/2013
11651,928,LL Mountain Tire,4,8/4/2013
11651,930,HL Mountain Tire,4,8/7/2013
"11651,711,""Sport-100 Helmet, Blue"",4,8/4/2013"
11651,921,Mountain Tire Tube,4,9/11/2013
11652,931,LL Road Tire,4,2/16/2014
"11652,883,""Short-Sleeve Classic Jersey, L"",3,1/21/2014"
11652,929,ML Mountain Tire,4,11/26/2013
"11652,711,""Sport-100 Helmet, Blue"",4,1/21/2014"
11652,930,HL Mountain Tire,4,5/20/2014
11652,712,AWC Logo Cap,3,5/18/2014
11652,873,Patch Kit/8 Patches,4,5/20/2014
11652,921,Mountain Tire Tube,4,1/21/2014
"11653,882,""Short-Sleeve Classic Jersey, M"",3,9/16/2013"
"11653,708,""Sport-100 Helmet, Black"",4,3/14/2014"
11653,921,Mountain Tire Tube,4,3/14/2014
"11653,713,""Long-Sleeve Logo Jersey, S"",3,3/14/2014"
11654,878,Fender Set - Mountain,4,9/24/2013
11655,877,Bike Wash - Dissolver,4,3/1/2014
11655,873,Patch Kit/8 Patches,4,3/1/2014
11655,921,Mountain Tire Tube,4,5/4/2014
11656,930,HL Mountain Tire,4,2/11/2014
11656,873,Patch Kit/8 Patches,4,6/14/2014
"11656,708,""Sport-100 Helmet, Black"",4,2/11/2014"
"11657,716,""Long-Sleeve Logo Jersey, XL"",3,10/25/2013"
"11657,711,""Sport-100 Helmet, Blue"",4,10/25/2013"
"11657,881,""Short-Sleeve Classic Jersey, S"",3,6/30/2014"
11657,921,Mountain Tire Tube,4,10/25/2013
11658,712,AWC Logo Cap,3,9/23/2013
"11658,874,""Racing Socks, M"",3,12/24/2013"
11658,921,Mountain Tire Tube,4,12/24/2013
"11658,882,""Short-Sleeve Classic Jersey, M"",3,9/23/2013"
11659,928,LL Mountain Tire,4,10/9/2013
11659,873,Patch Kit/8 Patches,4,5/2/2014
"11659,869,""Women's Mountain Shorts, L"",3,2/15/2014"
11659,921,Mountain Tire Tube,4,10/9/2013
"11659,875,""Racing Socks, L"",3,2/15/2014"
11659,931,LL Road Tire,4,6/8/2014
11659,930,HL Mountain Tire,4,5/2/2014
11660,877,Bike Wash - Dissolver,4,11/14/2013
11660,928,LL Mountain Tire,4,11/29/2013
"11660,869,""Women's Mountain Shorts, L"",3,1/16/2014"
11660,931,LL Road Tire,4,10/14/2013
11660,921,Mountain Tire Tube,4,11/29/2013
"11660,711,""Sport-100 Helmet, Blue"",4,11/29/2013"
"11660,859,""Half-Finger Gloves, M"",3,11/29/2013"
11660,930,HL Mountain Tire,4,11/14/2013
11661,873,Patch Kit/8 Patches,4,2/7/2014
11661,930,HL Mountain Tire,4,10/9/2013
11661,921,Mountain Tire Tube,4,2/7/2014
"11661,707,""Sport-100 Helmet, Red"",4,9/6/2013"
"11661,868,""Women's Mountain Shorts, M"",3,5/16/2014"
11661,929,ML Mountain Tire,4,9/6/2013
11661,931,LL Road Tire,4,3/16/2014
"11661,713,""Long-Sleeve Logo Jersey, S"",3,5/16/2014"
11662,873,Patch Kit/8 Patches,4,10/6/2013
11662,712,AWC Logo Cap,3,12/6/2013
"11662,882,""Short-Sleeve Classic Jersey, M"",3,12/6/2013"
11663,930,HL Mountain Tire,4,7/18/2013
11663,921,Mountain Tire Tube,4,7/18/2013
"11664,708,""Sport-100 Helmet, Black"",4,7/24/2013"
11664,921,Mountain Tire Tube,4,7/24/2013
"11665,707,""Sport-100 Helmet, Red"",4,7/17/2013"
"11666,707,""Sport-100 Helmet, Red"",4,7/10/2013"
11666,930,HL Mountain Tire,4,7/10/2013
"11667,882,""Short-Sleeve Classic Jersey, M"",3,12/4/2013"
11667,930,HL Mountain Tire,4,5/21/2014
11668,930,HL Mountain Tire,4,5/18/2014
"11668,884,""Short-Sleeve Classic Jersey, XL"",3,6/6/2014"
"11668,711,""Sport-100 Helmet, Blue"",4,5/18/2014"
"11669,882,""Short-Sleeve Classic Jersey, M"",3,1/18/2014"
11669,877,Bike Wash - Dissolver,4,1/19/2014
11669,921,Mountain Tire Tube,4,1/19/2014
11669,712,AWC Logo Cap,3,1/18/2014
"11670,884,""Short-Sleeve Classic Jersey, XL"",3,9/13/2013"
11670,930,HL Mountain Tire,4,2/18/2014
11670,873,Patch Kit/8 Patches,4,2/18/2014
"11671,715,""Long-Sleeve Logo Jersey, L"",3,9/8/2013"
11672,930,HL Mountain Tire,4,12/25/2013
"11672,859,""Half-Finger Gloves, M"",3,12/25/2013"
"11673,883,""Short-Sleeve Classic Jersey, L"",3,7/2/2013"
"11673,708,""Sport-100 Helmet, Black"",4,8/3/2013"
"11673,881,""Short-Sleeve Classic Jersey, S"",3,8/3/2013"
11673,712,AWC Logo Cap,3,8/3/2013
11674,873,Patch Kit/8 Patches,4,1/18/2014
11674,921,Mountain Tire Tube,4,1/18/2014
11674,930,HL Mountain Tire,4,1/18/2014
11676,873,Patch Kit/8 Patches,4,5/11/2014
11676,930,HL Mountain Tire,4,5/11/2014
"11677,714,""Long-Sleeve Logo Jersey, M"",3,2/4/2014"
"11677,860,""Half-Finger Gloves, L"",3,2/14/2014"
11677,921,Mountain Tire Tube,4,2/14/2014
11677,931,LL Road Tire,4,9/5/2013
"11677,707,""Sport-100 Helmet, Red"",4,2/14/2014"
11677,928,LL Mountain Tire,4,2/21/2014
11677,930,HL Mountain Tire,4,5/2/2014
11677,873,Patch Kit/8 Patches,4,2/21/2014
11679,878,Fender Set - Mountain,4,3/15/2014
"11679,882,""Short-Sleeve Classic Jersey, M"",3,5/1/2014"
11679,930,HL Mountain Tire,4,3/15/2014
11680,921,Mountain Tire Tube,4,2/1/2014
"11680,882,""Short-Sleeve Classic Jersey, M"",3,6/21/2014"
11681,930,HL Mountain Tire,4,4/27/2014
"11681,711,""Sport-100 Helmet, Blue"",4,4/27/2014"
"11681,881,""Short-Sleeve Classic Jersey, S"",3,8/7/2013"
11681,712,AWC Logo Cap,3,8/7/2013
11682,921,Mountain Tire Tube,4,2/5/2014
11682,879,All-Purpose Bike Stand,4,2/5/2014
"11682,884,""Short-Sleeve Classic Jersey, XL"",3,5/11/2014"
11683,870,Water Bottle - 30 oz.,4,7/10/2013
11683,712,AWC Logo Cap,3,7/10/2013
11684,930,HL Mountain Tire,4,5/14/2014
"11684,883,""Short-Sleeve Classic Jersey, L"",3,12/1/2013"
11685,921,Mountain Tire Tube,4,8/11/2013
11685,712,AWC Logo Cap,3,5/15/2014
"11685,883,""Short-Sleeve Classic Jersey, L"",3,5/15/2014"
11685,930,HL Mountain Tire,4,8/11/2013
"11686,881,""Short-Sleeve Classic Jersey, S"",3,8/8/2013"
11686,921,Mountain Tire Tube,4,9/24/2013
11686,930,HL Mountain Tire,4,9/24/2013
11687,712,AWC Logo Cap,3,11/21/2013
"11687,881,""Short-Sleeve Classic Jersey, S"",3,11/21/2013"
"11688,714,""Long-Sleeve Logo Jersey, M"",3,7/17/2013"
"11688,708,""Sport-100 Helmet, Black"",4,7/17/2013"
"11689,881,""Short-Sleeve Classic Jersey, S"",3,1/26/2014"
11690,878,Fender Set - Mountain,4,9/26/2013
"11691,884,""Short-Sleeve Classic Jersey, XL"",3,10/19/2013"
11691,878,Fender Set - Mountain,4,7/11/2013
11691,930,HL Mountain Tire,4,7/11/2013
11692,930,HL Mountain Tire,4,12/7/2013
"11692,884,""Short-Sleeve Classic Jersey, XL"",3,6/20/2014"
"11694,711,""Sport-100 Helmet, Blue"",4,9/11/2013"
"11694,881,""Short-Sleeve Classic Jersey, S"",3,2/28/2014"
11694,930,HL Mountain Tire,4,9/11/2013
"11695,711,""Sport-100 Helmet, Blue"",4,9/9/2013"
"11695,883,""Short-Sleeve Classic Jersey, L"",3,1/19/2014"
11695,930,HL Mountain Tire,4,9/9/2013
"11697,882,""Short-Sleeve Classic Jersey, M"",3,3/6/2014"
11697,930,HL Mountain Tire,4,1/7/2014
"11697,714,""Long-Sleeve Logo Jersey, M"",3,1/7/2014"
11697,921,Mountain Tire Tube,4,1/7/2014
"11698,869,""Women's Mountain Shorts, L"",3,9/25/2013"
11698,931,LL Road Tire,4,3/14/2014
11698,928,LL Mountain Tire,4,9/16/2013
"11698,858,""Half-Finger Gloves, S"",3,9/16/2013"
11698,929,ML Mountain Tire,4,6/16/2014
11699,712,AWC Logo Cap,3,10/29/2013
"11699,883,""Short-Sleeve Classic Jersey, L"",3,10/29/2013"
11699,873,Patch Kit/8 Patches,4,1/9/2014
11699,878,Fender Set - Mountain,4,1/9/2014
"11700,881,""Short-Sleeve Classic Jersey, S"",3,7/5/2013"
11700,712,AWC Logo Cap,3,7/5/2013
11700,921,Mountain Tire Tube,4,11/9/2013
"11700,711,""Sport-100 Helmet, Blue"",4,11/9/2013"
11701,930,HL Mountain Tire,4,10/4/2013
"11701,708,""Sport-100 Helmet, Black"",4,10/4/2013"
11701,921,Mountain Tire Tube,4,10/4/2013
11702,930,HL Mountain Tire,4,4/16/2014
11702,873,Patch Kit/8 Patches,4,4/16/2014
11702,921,Mountain Tire Tube,4,4/16/2014
11703,930,HL Mountain Tire,4,4/18/2014
11703,712,AWC Logo Cap,3,7/16/2013
"11703,881,""Short-Sleeve Classic Jersey, S"",3,7/16/2013"
"11704,881,""Short-Sleeve Classic Jersey, S"",3,12/17/2013"
11704,930,HL Mountain Tire,4,12/7/2013
11705,921,Mountain Tire Tube,4,10/27/2013
11705,873,Patch Kit/8 Patches,4,10/27/2013
11706,930,HL Mountain Tire,4,8/8/2013
11707,878,Fender Set - Mountain,4,10/24/2013
"11707,713,""Long-Sleeve Logo Jersey, S"",3,10/24/2013"
11708,877,Bike Wash - Dissolver,4,10/28/2013
11709,928,LL Mountain Tire,4,12/6/2013
11709,931,LL Road Tire,4,8/11/2013
"11709,858,""Half-Finger Gloves, S"",3,2/19/2014"
11709,930,HL Mountain Tire,4,2/19/2014
"11709,707,""Sport-100 Helmet, Red"",4,3/16/2014"
"11709,708,""Sport-100 Helmet, Black"",4,2/19/2014"
"11709,868,""Women's Mountain Shorts, M"",3,9/25/2013"
"11710,882,""Short-Sleeve Classic Jersey, M"",3,4/25/2014"
11710,930,HL Mountain Tire,4,5/14/2014
"11711,711,""Sport-100 Helmet, Blue"",4,11/14/2013"
11711,932,ML Road Tire,4,11/25/2013
"11711,708,""Sport-100 Helmet, Black"",4,3/15/2014"
"11711,882,""Short-Sleeve Classic Jersey, M"",3,6/28/2014"
11711,876,Hitch Rack - 4-Bike,4,5/19/2014
"11711,858,""Half-Finger Gloves, S"",3,1/31/2014"
"11711,716,""Long-Sleeve Logo Jersey, XL"",3,2/24/2014"
"11711,875,""Racing Socks, L"",3,8/9/2013"
11711,871,Mountain Bottle Cage,4,2/1/2014
11711,933,HL Road Tire,4,6/17/2014
"11711,865,""Classic Vest, M"",3,2/18/2014"
11711,922,Road Tire Tube,4,6/17/2014
11711,872,Road Bottle Cage,4,9/7/2013
11711,930,HL Mountain Tire,4,11/6/2013
11711,873,Patch Kit/8 Patches,4,1/13/2014
"11711,707,""Sport-100 Helmet, Red"",4,5/27/2014"
11711,931,LL Road Tire,4,5/7/2014
11711,929,ML Mountain Tire,4,8/9/2013
"11711,864,""Classic Vest, S"",3,3/15/2014"
11711,934,Touring Tire,4,11/14/2013
11711,923,Touring Tire Tube,4,6/23/2014
11712,871,Mountain Bottle Cage,4,8/9/2013
11712,873,Patch Kit/8 Patches,4,9/15/2013
11712,921,Mountain Tire Tube,4,10/25/2013
11712,870,Water Bottle - 30 oz.,4,9/15/2013
11712,877,Bike Wash - Dissolver,4,10/25/2013
11712,933,HL Road Tire,4,7/7/2013
"11713,882,""Short-Sleeve Classic Jersey, M"",3,12/7/2013"
"11713,884,""Short-Sleeve Classic Jersey, XL"",3,4/23/2014"
11713,930,HL Mountain Tire,4,12/7/2013
"11713,707,""Sport-100 Helmet, Red"",4,12/7/2013"
11714,921,Mountain Tire Tube,4,10/14/2013
"11714,883,""Short-Sleeve Classic Jersey, L"",3,7/21/2013"
"11715,713,""Long-Sleeve Logo Jersey, S"",3,5/28/2014"
"11715,883,""Short-Sleeve Classic Jersey, L"",3,6/1/2014"
11715,930,HL Mountain Tire,4,5/28/2014
11716,873,Patch Kit/8 Patches,4,10/31/2013
11716,921,Mountain Tire Tube,4,10/31/2013
"11716,883,""Short-Sleeve Classic Jersey, L"",3,6/15/2014"
11717,921,Mountain Tire Tube,4,5/30/2014
11717,930,HL Mountain Tire,4,5/30/2014
"11717,883,""Short-Sleeve Classic Jersey, L"",3,10/25/2013"
"11717,864,""Classic Vest, S"",3,5/30/2014"
11718,873,Patch Kit/8 Patches,4,8/6/2013
11718,930,HL Mountain Tire,4,8/6/2013
11718,712,AWC Logo Cap,3,8/21/2013
11719,921,Mountain Tire Tube,4,11/10/2013
11719,922,Road Tire Tube,4,11/29/2013
"11719,859,""Half-Finger Gloves, M"",3,9/26/2013"
"11719,708,""Sport-100 Helmet, Black"",4,11/29/2013"
11719,929,ML Mountain Tire,4,11/10/2013
"11719,867,""Women's Mountain Shorts, S"",3,9/26/2013"
11719,931,LL Road Tire,4,11/29/2013
11719,930,HL Mountain Tire,4,12/31/2013
11720,871,Mountain Bottle Cage,4,10/17/2013
11720,930,HL Mountain Tire,4,10/17/2013
"11720,881,""Short-Sleeve Classic Jersey, S"",3,12/24/2013"
11720,712,AWC Logo Cap,3,10/17/2013
11721,712,AWC Logo Cap,3,11/15/2013
11721,873,Patch Kit/8 Patches,4,3/19/2014
11721,921,Mountain Tire Tube,4,3/19/2014
11721,930,HL Mountain Tire,4,3/19/2014
"11722,707,""Sport-100 Helmet, Red"",4,4/11/2014"
11722,930,HL Mountain Tire,4,4/11/2014
"11722,882,""Short-Sleeve Classic Jersey, M"",3,12/30/2013"
"11722,859,""Half-Finger Gloves, M"",3,12/30/2013"
"11723,708,""Sport-100 Helmet, Black"",4,6/5/2014"
11723,870,Water Bottle - 30 oz.,4,6/5/2014
"11723,707,""Sport-100 Helmet, Red"",4,11/10/2013"
11723,871,Mountain Bottle Cage,4,11/10/2013
11723,921,Mountain Tire Tube,4,7/3/2013
11723,930,HL Mountain Tire,4,7/3/2013
"11724,874,""Racing Socks, M"",3,5/16/2014"
11724,930,HL Mountain Tire,4,7/15/2013
"11724,708,""Sport-100 Helmet, Black"",4,7/8/2013"
11724,929,ML Mountain Tire,4,12/21/2013
11724,870,Water Bottle - 30 oz.,4,5/16/2014
11724,873,Patch Kit/8 Patches,4,12/21/2013
11724,922,Road Tire Tube,4,7/8/2013
11724,921,Mountain Tire Tube,4,7/15/2013
11725,878,Fender Set - Mountain,4,9/1/2013
"11725,883,""Short-Sleeve Classic Jersey, L"",3,10/2/2013"
11725,930,HL Mountain Tire,4,9/1/2013
11725,921,Mountain Tire Tube,4,9/1/2013
11726,878,Fender Set - Mountain,4,5/9/2014
11726,930,HL Mountain Tire,4,5/9/2014
"11726,866,""Classic Vest, L"",3,5/9/2014"
11726,712,AWC Logo Cap,3,3/12/2014
"11726,884,""Short-Sleeve Classic Jersey, XL"",3,3/12/2014"
11727,880,Hydration Pack - 70 oz.,4,10/4/2013
11728,921,Mountain Tire Tube,4,4/8/2014
11728,930,HL Mountain Tire,4,4/8/2014
"11728,711,""Sport-100 Helmet, Blue"",4,11/11/2013"
"11729,711,""Sport-100 Helmet, Blue"",4,12/27/2013"
11729,930,HL Mountain Tire,4,12/27/2013
11729,921,Mountain Tire Tube,4,12/27/2013
"11729,715,""Long-Sleeve Logo Jersey, L"",3,12/27/2013"
11730,921,Mountain Tire Tube,4,10/11/2013
"11730,707,""Sport-100 Helmet, Red"",4,6/10/2014"
"11730,859,""Half-Finger Gloves, M"",3,10/11/2013"
11731,930,HL Mountain Tire,4,8/16/2013
11731,878,Fender Set - Mountain,4,8/16/2013
11731,921,Mountain Tire Tube,4,8/16/2013
"11731,711,""Sport-100 Helmet, Blue"",4,1/4/2014"
11732,921,Mountain Tire Tube,4,11/9/2013
"11732,711,""Sport-100 Helmet, Blue"",4,11/9/2013"
"11732,708,""Sport-100 Helmet, Black"",4,1/15/2014"
11732,930,HL Mountain Tire,4,11/9/2013
11733,921,Mountain Tire Tube,4,6/9/2014
11733,930,HL Mountain Tire,4,6/9/2014
"11733,711,""Sport-100 Helmet, Blue"",4,6/3/2014"
11734,873,Patch Kit/8 Patches,4,12/7/2013
"11734,707,""Sport-100 Helmet, Red"",4,11/21/2013"
11734,930,HL Mountain Tire,4,12/7/2013
"11735,711,""Sport-100 Helmet, Blue"",4,5/24/2014"
11735,921,Mountain Tire Tube,4,7/27/2013
11735,930,HL Mountain Tire,4,7/27/2013
11736,878,Fender Set - Mountain,4,5/6/2014
"11736,860,""Half-Finger Gloves, L"",3,3/19/2014"
11736,930,HL Mountain Tire,4,5/6/2014
"11736,715,""Long-Sleeve Logo Jersey, L"",3,5/6/2014"
"11737,708,""Sport-100 Helmet, Black"",4,7/17/2013"
11737,873,Patch Kit/8 Patches,4,12/17/2013
11737,921,Mountain Tire Tube,4,12/17/2013
11738,930,HL Mountain Tire,4,8/8/2013
"11738,707,""Sport-100 Helmet, Red"",4,11/11/2013"
11738,922,Road Tire Tube,4,7/23/2013
11738,929,ML Mountain Tire,4,11/11/2013
"11738,868,""Women's Mountain Shorts, M"",3,5/29/2014"
11738,931,LL Road Tire,4,7/23/2013
11738,873,Patch Kit/8 Patches,4,8/8/2013
"11738,860,""Half-Finger Gloves, L"",3,7/23/2013"
"11738,715,""Long-Sleeve Logo Jersey, L"",3,5/29/2014"
11739,870,Water Bottle - 30 oz.,4,9/16/2013
11739,921,Mountain Tire Tube,4,6/15/2013
11739,930,HL Mountain Tire,4,6/15/2013
11740,929,ML Mountain Tire,4,8/17/2013
"11740,707,""Sport-100 Helmet, Red"",4,6/20/2014"
11740,930,HL Mountain Tire,4,10/11/2013
11740,879,All-Purpose Bike Stand,4,8/7/2013
11740,873,Patch Kit/8 Patches,4,8/17/2013
"11740,714,""Long-Sleeve Logo Jersey, M"",3,1/31/2014"
11740,712,AWC Logo Cap,3,1/31/2014
11740,933,HL Road Tire,4,8/7/2013
11740,922,Road Tire Tube,4,8/7/2013
11741,879,All-Purpose Bike Stand,4,7/23/2013
11742,921,Mountain Tire Tube,4,10/22/2013
11742,930,HL Mountain Tire,4,10/22/2013
"11744,711,""Sport-100 Helmet, Blue"",4,1/27/2014"
11744,930,HL Mountain Tire,4,9/13/2013
"11745,711,""Sport-100 Helmet, Blue"",4,10/4/2013"
11745,871,Mountain Bottle Cage,4,10/4/2013
11746,873,Patch Kit/8 Patches,4,6/30/2013
11746,921,Mountain Tire Tube,4,6/30/2013
"11746,707,""Sport-100 Helmet, Red"",4,4/11/2014"
11747,878,Fender Set - Mountain,4,3/15/2014
11747,930,HL Mountain Tire,4,3/15/2014
11747,921,Mountain Tire Tube,4,3/15/2014
11748,870,Water Bottle - 30 oz.,4,12/8/2013
11748,712,AWC Logo Cap,3,4/3/2014
11748,921,Mountain Tire Tube,4,11/7/2013
11748,871,Mountain Bottle Cage,4,11/11/2013
11748,933,HL Road Tire,4,4/3/2014
11749,870,Water Bottle - 30 oz.,4,10/7/2013
11749,928,LL Mountain Tire,4,9/8/2013
11749,877,Bike Wash - Dissolver,4,6/2/2014
11750,870,Water Bottle - 30 oz.,4,3/3/2014
11750,872,Road Bottle Cage,4,3/3/2014
11751,878,Fender Set - Mountain,4,8/22/2013
"11751,883,""Short-Sleeve Classic Jersey, L"",3,8/22/2013"
11752,878,Fender Set - Mountain,4,5/8/2014
11752,921,Mountain Tire Tube,4,5/8/2014
11752,712,AWC Logo Cap,3,7/30/2013
11752,928,LL Mountain Tire,4,5/8/2014
"11752,881,""Short-Sleeve Classic Jersey, S"",3,7/30/2013"
11752,871,Mountain Bottle Cage,4,7/30/2013
11753,871,Mountain Bottle Cage,4,12/26/2013
11753,921,Mountain Tire Tube,4,3/17/2014
11753,877,Bike Wash - Dissolver,4,9/19/2013
"11754,860,""Half-Finger Gloves, L"",3,12/30/2013"
11755,712,AWC Logo Cap,3,1/17/2014
11755,873,Patch Kit/8 Patches,4,12/22/2013
11755,921,Mountain Tire Tube,4,12/22/2013
11756,870,Water Bottle - 30 oz.,4,10/5/2013
11756,712,AWC Logo Cap,3,3/27/2014
11757,873,Patch Kit/8 Patches,4,4/29/2014
"11757,859,""Half-Finger Gloves, M"",3,7/26/2013"
11757,928,LL Mountain Tire,4,4/29/2014
"11758,858,""Half-Finger Gloves, S"",3,8/30/2013"
11758,922,Road Tire Tube,4,2/9/2014
11758,928,LL Mountain Tire,4,4/26/2014
11760,712,AWC Logo Cap,3,4/21/2014
11760,921,Mountain Tire Tube,4,4/21/2014
11760,928,LL Mountain Tire,4,4/21/2014
11760,922,Road Tire Tube,4,9/2/2013
11760,880,Hydration Pack - 70 oz.,4,9/2/2013
"11760,866,""Classic Vest, L"",3,9/2/2013"
"11760,884,""Short-Sleeve Classic Jersey, XL"",3,4/21/2014"
11761,878,Fender Set - Mountain,4,8/12/2013
"11761,860,""Half-Finger Gloves, L"",3,8/12/2013"
11761,871,Mountain Bottle Cage,4,8/12/2013
11761,870,Water Bottle - 30 oz.,4,8/12/2013
11762,870,Water Bottle - 30 oz.,4,8/12/2013
11762,880,Hydration Pack - 70 oz.,4,8/12/2013
11762,871,Mountain Bottle Cage,4,8/12/2013
11763,922,Road Tire Tube,4,3/11/2014
"11763,858,""Half-Finger Gloves, S"",3,7/2/2013"
11763,873,Patch Kit/8 Patches,4,3/11/2014
11763,877,Bike Wash - Dissolver,4,4/14/2014
"11764,711,""Sport-100 Helmet, Blue"",4,8/28/2013"
11764,870,Water Bottle - 30 oz.,4,8/28/2013
"11765,707,""Sport-100 Helmet, Red"",4,12/26/2013"
"11766,883,""Short-Sleeve Classic Jersey, L"",3,12/10/2013"
"11766,858,""Half-Finger Gloves, S"",3,8/12/2013"
"11766,708,""Sport-100 Helmet, Black"",4,8/12/2013"
11766,712,AWC Logo Cap,3,12/10/2013
11766,921,Mountain Tire Tube,4,8/12/2013
11766,870,Water Bottle - 30 oz.,4,12/10/2013
"11767,858,""Half-Finger Gloves, S"",3,12/12/2013"
11767,878,Fender Set - Mountain,4,8/11/2013
"11767,707,""Sport-100 Helmet, Red"",4,12/12/2013"
11769,931,LL Road Tire,4,1/17/2014
"11769,865,""Classic Vest, M"",3,10/13/2013"
11769,712,AWC Logo Cap,3,9/28/2013
"11769,860,""Half-Finger Gloves, L"",3,1/28/2014"
11769,921,Mountain Tire Tube,4,2/18/2014
11769,922,Road Tire Tube,4,1/17/2014
"11769,708,""Sport-100 Helmet, Black"",4,1/28/2014"
11769,929,ML Mountain Tire,4,1/28/2014
11769,876,Hitch Rack - 4-Bike,4,2/18/2014
11769,930,HL Mountain Tire,4,10/13/2013
11769,928,LL Mountain Tire,4,2/18/2014
11770,873,Patch Kit/8 Patches,4,1/8/2014
11770,930,HL Mountain Tire,4,1/8/2014
"11770,711,""Sport-100 Helmet, Blue"",4,3/23/2014"
"11771,859,""Half-Finger Gloves, M"",3,12/24/2013"
"11771,711,""Sport-100 Helmet, Blue"",4,12/24/2013"
11772,870,Water Bottle - 30 oz.,4,10/15/2013
11773,878,Fender Set - Mountain,4,9/30/2013
11775,921,Mountain Tire Tube,4,11/3/2013
11776,878,Fender Set - Mountain,4,11/3/2013
11777,871,Mountain Bottle Cage,4,11/22/2013
11777,873,Patch Kit/8 Patches,4,11/22/2013
"11780,708,""Sport-100 Helmet, Black"",4,11/18/2013"
11780,921,Mountain Tire Tube,4,11/18/2013
11781,930,HL Mountain Tire,4,5/11/2014
"11781,708,""Sport-100 Helmet, Black"",4,5/11/2014"
"11781,711,""Sport-100 Helmet, Blue"",4,8/6/2013"
"11781,859,""Half-Finger Gloves, M"",3,8/6/2013"
"11782,708,""Sport-100 Helmet, Black"",4,1/2/2014"
11782,873,Patch Kit/8 Patches,4,2/16/2014
"11782,713,""Long-Sleeve Logo Jersey, S"",3,1/2/2014"
11782,921,Mountain Tire Tube,4,2/16/2014
11783,930,HL Mountain Tire,4,10/11/2013
11783,921,Mountain Tire Tube,4,10/11/2013
"11784,869,""Women's Mountain Shorts, L"",3,11/19/2013"
11784,921,Mountain Tire Tube,4,5/19/2014
11784,873,Patch Kit/8 Patches,4,3/21/2014
11784,922,Road Tire Tube,4,3/5/2014
11784,929,ML Mountain Tire,4,5/19/2014
11784,931,LL Road Tire,4,3/5/2014
11784,928,LL Mountain Tire,4,3/21/2014
11785,921,Mountain Tire Tube,4,1/31/2014
11785,930,HL Mountain Tire,4,1/31/2014
11786,878,Fender Set - Mountain,4,6/25/2014
"11786,711,""Sport-100 Helmet, Blue"",4,6/25/2014"
11787,921,Mountain Tire Tube,4,4/7/2014
"11787,708,""Sport-100 Helmet, Black"",4,4/7/2014"
11788,879,All-Purpose Bike Stand,4,10/9/2013
11788,930,HL Mountain Tire,4,10/9/2013
"11788,881,""Short-Sleeve Classic Jersey, S"",3,1/20/2014"
11788,873,Patch Kit/8 Patches,4,10/9/2013
"11789,711,""Sport-100 Helmet, Blue"",4,8/7/2013"
11789,873,Patch Kit/8 Patches,4,9/28/2013
11790,878,Fender Set - Mountain,4,8/11/2013
11790,930,HL Mountain Tire,4,8/11/2013
"11790,715,""Long-Sleeve Logo Jersey, L"",3,8/11/2013"
11790,921,Mountain Tire Tube,4,8/11/2013
11791,930,HL Mountain Tire,4,3/1/2014
"11791,707,""Sport-100 Helmet, Red"",4,5/3/2014"
"11792,708,""Sport-100 Helmet, Black"",4,11/30/2013"
11792,930,HL Mountain Tire,4,10/3/2013
11793,878,Fender Set - Mountain,4,7/7/2013
11793,930,HL Mountain Tire,4,7/7/2013
"11793,708,""Sport-100 Helmet, Black"",4,7/13/2013"
11794,930,HL Mountain Tire,4,4/30/2014
11794,921,Mountain Tire Tube,4,4/30/2014
"11794,707,""Sport-100 Helmet, Red"",4,6/30/2014"
11795,930,HL Mountain Tire,4,12/12/2013
"11795,708,""Sport-100 Helmet, Black"",4,4/27/2014"
11796,871,Mountain Bottle Cage,4,10/30/2013
"11796,707,""Sport-100 Helmet, Red"",4,10/30/2013"
"11796,713,""Long-Sleeve Logo Jersey, S"",3,10/30/2013"
11796,870,Water Bottle - 30 oz.,4,10/30/2013
11797,930,HL Mountain Tire,4,11/29/2013
"11797,858,""Half-Finger Gloves, S"",3,11/29/2013"
11797,921,Mountain Tire Tube,4,11/29/2013
11799,870,Water Bottle - 30 oz.,4,11/9/2013
11799,877,Bike Wash - Dissolver,4,11/9/2013
11800,921,Mountain Tire Tube,4,1/10/2014
11800,873,Patch Kit/8 Patches,4,1/10/2014
"11800,707,""Sport-100 Helmet, Red"",4,1/13/2014"
"11801,714,""Long-Sleeve Logo Jersey, M"",3,5/14/2014"
11801,930,HL Mountain Tire,4,6/2/2014
11802,921,Mountain Tire Tube,4,8/14/2013
11802,928,LL Mountain Tire,4,3/25/2014
11802,929,ML Mountain Tire,4,5/3/2014
"11802,875,""Racing Socks, L"",3,8/14/2013"
11802,922,Road Tire Tube,4,9/3/2013
11802,873,Patch Kit/8 Patches,4,5/3/2014
"11802,867,""Women's Mountain Shorts, S"",3,7/28/2013"
11802,931,LL Road Tire,4,9/3/2013
"11803,713,""Long-Sleeve Logo Jersey, S"",3,4/25/2014"
11803,930,HL Mountain Tire,4,12/29/2013
"11803,708,""Sport-100 Helmet, Black"",4,12/29/2013"
"11803,859,""Half-Finger Gloves, M"",3,4/25/2014"
"11804,711,""Sport-100 Helmet, Blue"",4,1/12/2014"
11804,930,HL Mountain Tire,4,1/12/2014
"11804,713,""Long-Sleeve Logo Jersey, S"",3,10/29/2013"
11804,712,AWC Logo Cap,3,10/29/2013
11805,921,Mountain Tire Tube,4,9/23/2013
"11805,707,""Sport-100 Helmet, Red"",4,9/23/2013"
"11805,884,""Short-Sleeve Classic Jersey, XL"",3,4/7/2014"
11806,873,Patch Kit/8 Patches,4,7/24/2013
11806,930,HL Mountain Tire,4,7/24/2013
"11806,881,""Short-Sleeve Classic Jersey, S"",3,3/5/2014"
11807,921,Mountain Tire Tube,4,9/13/2013
"11807,858,""Half-Finger Gloves, S"",3,9/13/2013"
"11807,707,""Sport-100 Helmet, Red"",4,9/13/2013"
"11807,882,""Short-Sleeve Classic Jersey, M"",3,2/12/2014"
11808,930,HL Mountain Tire,4,3/27/2014
11808,929,ML Mountain Tire,4,9/11/2013
11808,922,Road Tire Tube,4,8/26/2013
"11808,869,""Women's Mountain Shorts, L"",3,9/16/2013"
11808,928,LL Mountain Tire,4,12/21/2013
"11808,859,""Half-Finger Gloves, M"",3,9/16/2013"
11808,921,Mountain Tire Tube,4,3/27/2014
"11808,707,""Sport-100 Helmet, Red"",4,9/11/2013"
"11808,711,""Sport-100 Helmet, Blue"",4,12/21/2013"
11809,878,Fender Set - Mountain,4,11/10/2013
11810,930,HL Mountain Tire,4,11/24/2013
11810,921,Mountain Tire Tube,4,11/24/2013
11814,921,Mountain Tire Tube,4,2/8/2014
"11814,713,""Long-Sleeve Logo Jersey, S"",3,11/23/2013"
11814,873,Patch Kit/8 Patches,4,2/8/2014
11814,712,AWC Logo Cap,3,11/23/2013
11815,930,HL Mountain Tire,4,7/27/2013
11815,921,Mountain Tire Tube,4,7/27/2013
"11818,714,""Long-Sleeve Logo Jersey, M"",3,7/2/2013"
11818,878,Fender Set - Mountain,4,7/2/2013
11819,930,HL Mountain Tire,4,7/18/2013
11819,921,Mountain Tire Tube,4,7/18/2013
"11819,884,""Short-Sleeve Classic Jersey, XL"",3,6/18/2014"
11820,928,LL Mountain Tire,4,9/22/2013
11820,931,LL Road Tire,4,7/12/2013
"11820,711,""Sport-100 Helmet, Blue"",4,7/12/2013"
11820,930,HL Mountain Tire,4,11/7/2013
11820,929,ML Mountain Tire,4,5/8/2014
11820,873,Patch Kit/8 Patches,4,9/22/2013
11820,922,Road Tire Tube,4,7/12/2013
11821,870,Water Bottle - 30 oz.,4,12/30/2013
11821,921,Mountain Tire Tube,4,12/30/2013
"11821,715,""Long-Sleeve Logo Jersey, L"",3,2/3/2014"
11821,871,Mountain Bottle Cage,4,12/30/2013
11821,878,Fender Set - Mountain,4,12/30/2013
11822,873,Patch Kit/8 Patches,4,10/20/2013
11822,930,HL Mountain Tire,4,10/20/2013
"11823,708,""Sport-100 Helmet, Black"",4,6/25/2014"
11823,921,Mountain Tire Tube,4,6/25/2014
11823,870,Water Bottle - 30 oz.,4,6/16/2014
11823,712,AWC Logo Cap,3,6/16/2014
11823,877,Bike Wash - Dissolver,4,2/12/2014
11823,871,Mountain Bottle Cage,4,2/12/2014
11823,933,HL Road Tire,4,4/3/2014
11823,930,HL Mountain Tire,4,10/18/2013
11824,922,Road Tire Tube,4,2/26/2014
11824,929,ML Mountain Tire,4,8/18/2013
"11824,860,""Half-Finger Gloves, L"",3,2/26/2014"
"11824,708,""Sport-100 Helmet, Black"",4,8/18/2013"
11824,930,HL Mountain Tire,4,12/25/2013
11824,933,HL Road Tire,4,2/26/2014
11824,870,Water Bottle - 30 oz.,4,6/11/2014
"11824,881,""Short-Sleeve Classic Jersey, S"",3,6/11/2014"
11827,712,AWC Logo Cap,3,2/22/2014
11827,928,LL Mountain Tire,4,5/11/2014
11827,873,Patch Kit/8 Patches,4,2/22/2014
11827,879,All-Purpose Bike Stand,4,2/22/2014
"11827,711,""Sport-100 Helmet, Blue"",4,5/11/2014"
11827,921,Mountain Tire Tube,4,5/11/2014
11827,931,LL Road Tire,4,2/22/2014
11827,930,HL Mountain Tire,4,1/19/2014
"11827,858,""Half-Finger Gloves, S"",3,7/23/2013"
11828,930,HL Mountain Tire,4,9/19/2013
11828,921,Mountain Tire Tube,4,9/19/2013
11829,930,HL Mountain Tire,4,11/21/2013
"11829,882,""Short-Sleeve Classic Jersey, M"",3,8/13/2013"
11829,871,Mountain Bottle Cage,4,11/21/2013
11829,878,Fender Set - Mountain,4,11/21/2013
"11830,711,""Sport-100 Helmet, Blue"",4,7/2/2013"
"11832,715,""Long-Sleeve Logo Jersey, L"",3,2/9/2014"
"11832,707,""Sport-100 Helmet, Red"",4,7/21/2013"
11832,921,Mountain Tire Tube,4,7/21/2013
11833,870,Water Bottle - 30 oz.,4,11/12/2013
11833,933,HL Road Tire,4,1/26/2014
11833,929,ML Mountain Tire,4,4/30/2014
11833,930,HL Mountain Tire,4,2/23/2014
"11833,858,""Half-Finger Gloves, S"",3,2/23/2014"
"11833,714,""Long-Sleeve Logo Jersey, M"",3,1/26/2014"
11833,712,AWC Logo Cap,3,11/12/2013
11833,921,Mountain Tire Tube,4,4/30/2014
11835,878,Fender Set - Mountain,4,6/12/2013
"11835,711,""Sport-100 Helmet, Blue"",4,10/18/2013"
11835,934,Touring Tire,4,10/18/2013
11835,923,Touring Tire Tube,4,10/18/2013
"11836,707,""Sport-100 Helmet, Red"",4,8/24/2013"
"11837,711,""Sport-100 Helmet, Blue"",4,7/23/2013"
11837,871,Mountain Bottle Cage,4,7/23/2013
11838,930,HL Mountain Tire,4,10/31/2013
11838,873,Patch Kit/8 Patches,4,10/31/2013
11838,877,Bike Wash - Dissolver,4,10/31/2013
"11838,715,""Long-Sleeve Logo Jersey, L"",3,1/28/2014"
"11839,708,""Sport-100 Helmet, Black"",4,11/12/2013"
11840,873,Patch Kit/8 Patches,4,10/4/2013
11840,930,HL Mountain Tire,4,10/4/2013
11841,873,Patch Kit/8 Patches,4,4/8/2014
11841,928,LL Mountain Tire,4,3/17/2014
11841,878,Fender Set - Mountain,4,3/17/2014
"11841,711,""Sport-100 Helmet, Blue"",4,11/8/2013"
11841,921,Mountain Tire Tube,4,4/8/2014
11841,930,HL Mountain Tire,4,4/8/2014
"11841,869,""Women's Mountain Shorts, L"",3,10/20/2013"
11841,931,LL Road Tire,4,2/18/2014
11842,921,Mountain Tire Tube,4,10/12/2013
"11842,715,""Long-Sleeve Logo Jersey, L"",3,5/6/2014"
11842,712,AWC Logo Cap,3,5/6/2014
11843,873,Patch Kit/8 Patches,4,8/8/2013
11843,921,Mountain Tire Tube,4,8/8/2013
"11843,714,""Long-Sleeve Logo Jersey, M"",3,7/10/2013"
"11843,860,""Half-Finger Gloves, L"",3,7/10/2013"
"11844,714,""Long-Sleeve Logo Jersey, M"",3,3/7/2014"
11844,921,Mountain Tire Tube,4,6/13/2014
"11844,711,""Sport-100 Helmet, Blue"",4,6/13/2014"
11845,923,Touring Tire Tube,4,7/16/2013
"11845,711,""Sport-100 Helmet, Blue"",4,5/11/2014"
11845,921,Mountain Tire Tube,4,3/12/2014
11845,930,HL Mountain Tire,4,8/18/2013
11845,871,Mountain Bottle Cage,4,5/11/2014
11845,873,Patch Kit/8 Patches,4,8/18/2013
"11846,715,""Long-Sleeve Logo Jersey, L"",3,12/10/2013"
11847,930,HL Mountain Tire,4,11/28/2013
"11847,715,""Long-Sleeve Logo Jersey, L"",3,4/17/2014"
"11847,708,""Sport-100 Helmet, Black"",4,11/28/2013"
"11848,716,""Long-Sleeve Logo Jersey, XL"",3,12/27/2013"
11848,921,Mountain Tire Tube,4,5/8/2014
11848,873,Patch Kit/8 Patches,4,5/8/2014
11849,930,HL Mountain Tire,4,6/13/2014
"11849,714,""Long-Sleeve Logo Jersey, M"",3,4/29/2014"
11849,712,AWC Logo Cap,3,4/29/2014
11849,921,Mountain Tire Tube,4,6/13/2014
11850,930,HL Mountain Tire,4,9/8/2013
"11850,716,""Long-Sleeve Logo Jersey, XL"",3,11/3/2013"
"11850,859,""Half-Finger Gloves, M"",3,9/8/2013"
11850,921,Mountain Tire Tube,4,9/8/2013
"11851,715,""Long-Sleeve Logo Jersey, L"",3,11/16/2013"
11852,921,Mountain Tire Tube,4,12/10/2013
11852,930,HL Mountain Tire,4,12/10/2013
"11852,714,""Long-Sleeve Logo Jersey, M"",3,2/2/2014"
11853,921,Mountain Tire Tube,4,11/20/2013
11853,930,HL Mountain Tire,4,11/20/2013
11854,871,Mountain Bottle Cage,4,11/15/2013
11854,930,HL Mountain Tire,4,11/15/2013
11854,878,Fender Set - Mountain,4,11/15/2013
"11854,708,""Sport-100 Helmet, Black"",4,11/15/2013"
"11855,715,""Long-Sleeve Logo Jersey, L"",3,2/11/2014"
11855,921,Mountain Tire Tube,4,9/27/2013
11856,930,HL Mountain Tire,4,6/2/2014
"11856,713,""Long-Sleeve Logo Jersey, S"",3,5/1/2014"
11856,921,Mountain Tire Tube,4,6/2/2014
11856,712,AWC Logo Cap,3,5/1/2014
11857,921,Mountain Tire Tube,4,5/7/2014
"11857,707,""Sport-100 Helmet, Red"",4,5/7/2014"
"11857,714,""Long-Sleeve Logo Jersey, M"",3,3/8/2014"
11858,930,HL Mountain Tire,4,12/12/2013
11859,930,HL Mountain Tire,4,9/22/2013
"11859,707,""Sport-100 Helmet, Red"",4,5/3/2014"
"11860,711,""Sport-100 Helmet, Blue"",4,4/14/2014"
11861,933,HL Road Tire,4,4/29/2014
11861,922,Road Tire Tube,4,4/29/2014
"11861,881,""Short-Sleeve Classic Jersey, S"",3,11/8/2013"
"11861,866,""Classic Vest, L"",3,5/24/2014"
11861,871,Mountain Bottle Cage,4,4/30/2014
"11861,707,""Sport-100 Helmet, Red"",4,4/30/2014"
11861,873,Patch Kit/8 Patches,4,10/14/2013
11861,930,HL Mountain Tire,4,10/14/2013
11862,877,Bike Wash - Dissolver,4,10/16/2013
11862,879,All-Purpose Bike Stand,4,10/16/2013
11862,921,Mountain Tire Tube,4,3/25/2014
11862,873,Patch Kit/8 Patches,4,3/25/2014
11863,930,HL Mountain Tire,4,2/4/2014
11863,877,Bike Wash - Dissolver,4,2/3/2014
11864,921,Mountain Tire Tube,4,8/1/2013
11864,877,Bike Wash - Dissolver,4,11/6/2013
"11865,714,""Long-Sleeve Logo Jersey, M"",3,7/20/2013"
11865,878,Fender Set - Mountain,4,7/20/2013
11865,930,HL Mountain Tire,4,7/20/2013
11866,877,Bike Wash - Dissolver,4,7/21/2013
11867,921,Mountain Tire Tube,4,11/4/2013
11867,877,Bike Wash - Dissolver,4,3/25/2014
11867,930,HL Mountain Tire,4,11/4/2013
11868,871,Mountain Bottle Cage,4,10/3/2013
11868,930,HL Mountain Tire,4,7/5/2013
11868,929,ML Mountain Tire,4,5/19/2014
"11868,864,""Classic Vest, S"",3,5/19/2014"
11868,921,Mountain Tire Tube,4,7/5/2013
11868,933,HL Road Tire,4,4/1/2014
"11868,711,""Sport-100 Helmet, Blue"",4,4/1/2014"
11868,922,Road Tire Tube,4,4/1/2014
11869,930,HL Mountain Tire,4,12/10/2013
11869,929,ML Mountain Tire,4,8/20/2013
11869,922,Road Tire Tube,4,4/13/2014
11869,871,Mountain Bottle Cage,4,2/7/2014
11869,921,Mountain Tire Tube,4,8/20/2013
11869,933,HL Road Tire,4,4/13/2014
"11869,883,""Short-Sleeve Classic Jersey, L"",3,2/7/2014"
"11869,860,""Half-Finger Gloves, L"",3,6/18/2014"
11869,870,Water Bottle - 30 oz.,4,6/18/2014
11870,930,HL Mountain Tire,4,6/19/2014
11870,873,Patch Kit/8 Patches,4,6/19/2014
11870,876,Hitch Rack - 4-Bike,4,6/19/2014
"11870,715,""Long-Sleeve Logo Jersey, L"",3,6/19/2014"
"11871,711,""Sport-100 Helmet, Blue"",4,7/26/2013"
"11872,707,""Sport-100 Helmet, Red"",4,11/25/2013"
11872,930,HL Mountain Tire,4,11/25/2013
11873,870,Water Bottle - 30 oz.,4,11/6/2013
"11873,708,""Sport-100 Helmet, Black"",4,11/6/2013"
11874,878,Fender Set - Mountain,4,12/19/2013
11874,930,HL Mountain Tire,4,12/19/2013
11874,873,Patch Kit/8 Patches,4,12/19/2013
11874,877,Bike Wash - Dissolver,4,6/20/2014
11875,928,LL Mountain Tire,4,6/29/2014
11875,930,HL Mountain Tire,4,2/27/2014
11875,931,LL Road Tire,4,9/20/2013
11875,929,ML Mountain Tire,4,4/23/2014
"11875,707,""Sport-100 Helmet, Red"",4,2/27/2014"
11875,712,AWC Logo Cap,3,11/14/2013
11875,873,Patch Kit/8 Patches,4,6/29/2014
"11875,869,""Women's Mountain Shorts, L"",3,11/14/2013"
11876,877,Bike Wash - Dissolver,4,11/19/2013
11876,930,HL Mountain Tire,4,2/24/2014
11876,921,Mountain Tire Tube,4,2/24/2014
11877,930,HL Mountain Tire,4,3/7/2014
11878,877,Bike Wash - Dissolver,4,5/2/2014
"11878,708,""Sport-100 Helmet, Black"",4,5/14/2014"
11878,930,HL Mountain Tire,4,5/14/2014
"11879,711,""Sport-100 Helmet, Blue"",4,4/4/2014"
11879,930,HL Mountain Tire,4,4/4/2014
"11879,858,""Half-Finger Gloves, S"",3,4/4/2014"
11879,877,Bike Wash - Dissolver,4,7/30/2013
11880,921,Mountain Tire Tube,4,4/5/2014
11880,877,Bike Wash - Dissolver,4,9/10/2013
11880,873,Patch Kit/8 Patches,4,4/5/2014
11881,877,Bike Wash - Dissolver,4,5/19/2014
11881,870,Water Bottle - 30 oz.,4,5/4/2014
"11881,866,""Classic Vest, L"",3,5/4/2014"
11881,930,HL Mountain Tire,4,5/4/2014
11881,878,Fender Set - Mountain,4,5/4/2014
11882,921,Mountain Tire Tube,4,7/20/2013
11882,877,Bike Wash - Dissolver,4,12/12/2013
11883,921,Mountain Tire Tube,4,7/24/2013
11883,930,HL Mountain Tire,4,7/24/2013
"11883,707,""Sport-100 Helmet, Red"",4,4/16/2014"
11884,921,Mountain Tire Tube,4,7/20/2013
"11884,707,""Sport-100 Helmet, Red"",4,5/31/2014"
11886,873,Patch Kit/8 Patches,4,11/17/2013
11887,921,Mountain Tire Tube,4,11/27/2013
11887,877,Bike Wash - Dissolver,4,10/28/2013
"11887,707,""Sport-100 Helmet, Red"",4,11/27/2013"
"11888,707,""Sport-100 Helmet, Red"",4,8/18/2013"
11889,873,Patch Kit/8 Patches,4,7/26/2013
11889,877,Bike Wash - Dissolver,4,8/4/2013
11889,921,Mountain Tire Tube,4,7/26/2013
11890,878,Fender Set - Mountain,4,8/29/2013
11890,930,HL Mountain Tire,4,8/29/2013
"11890,858,""Half-Finger Gloves, S"",3,12/5/2013"
"11890,707,""Sport-100 Helmet, Red"",4,12/5/2013"
"11891,711,""Sport-100 Helmet, Blue"",4,8/7/2013"
"11891,707,""Sport-100 Helmet, Red"",4,11/30/2013"
11891,921,Mountain Tire Tube,4,8/7/2013
11892,870,Water Bottle - 30 oz.,4,8/28/2013
"11893,875,""Racing Socks, L"",3,12/23/2013"
11894,930,HL Mountain Tire,4,8/1/2013
11894,921,Mountain Tire Tube,4,8/1/2013
11894,923,Touring Tire Tube,4,12/6/2013
11894,934,Touring Tire,4,12/6/2013
11895,930,HL Mountain Tire,4,8/22/2013
11896,872,Road Bottle Cage,4,12/11/2013
11896,877,Bike Wash - Dissolver,4,12/11/2013
"11897,883,""Short-Sleeve Classic Jersey, L"",3,3/16/2014"
11898,921,Mountain Tire Tube,4,8/27/2013
"11898,708,""Sport-100 Helmet, Black"",4,8/27/2013"
"11899,707,""Sport-100 Helmet, Red"",4,12/8/2013"
11899,878,Fender Set - Mountain,4,8/5/2013
"11899,859,""Half-Finger Gloves, M"",3,8/5/2013"
11900,712,AWC Logo Cap,3,12/11/2013
"11900,711,""Sport-100 Helmet, Blue"",4,12/11/2013"
11900,880,Hydration Pack - 70 oz.,4,8/8/2013
11901,880,Hydration Pack - 70 oz.,4,4/11/2014
11901,923,Touring Tire Tube,4,4/11/2014
11902,873,Patch Kit/8 Patches,4,12/22/2013
11902,921,Mountain Tire Tube,4,12/22/2013
11902,922,Road Tire Tube,4,7/24/2013
"11902,859,""Half-Finger Gloves, M"",3,5/31/2014"
11904,878,Fender Set - Mountain,4,8/26/2013
"11904,711,""Sport-100 Helmet, Blue"",4,12/1/2013"
"11904,858,""Half-Finger Gloves, S"",3,8/26/2013"
11905,934,Touring Tire,4,12/6/2013
11905,877,Bike Wash - Dissolver,4,8/26/2013
11905,921,Mountain Tire Tube,4,8/26/2013
11906,878,Fender Set - Mountain,4,8/17/2013
11906,870,Water Bottle - 30 oz.,4,8/17/2013
"11906,711,""Sport-100 Helmet, Blue"",4,8/17/2013"
11907,873,Patch Kit/8 Patches,4,8/7/2013
"11909,708,""Sport-100 Helmet, Black"",4,1/1/2014"
11909,872,Road Bottle Cage,4,1/1/2014
11909,870,Water Bottle - 30 oz.,4,1/1/2014
11910,934,Touring Tire,4,1/3/2014
11911,922,Road Tire Tube,4,11/1/2013
11911,928,LL Mountain Tire,4,5/23/2014
"11911,859,""Half-Finger Gloves, M"",3,12/7/2013"
11912,870,Water Bottle - 30 oz.,4,4/24/2014
11912,872,Road Bottle Cage,4,4/24/2014
11913,873,Patch Kit/8 Patches,4,5/28/2014
11913,928,LL Mountain Tire,4,5/5/2014
11913,921,Mountain Tire Tube,4,5/28/2014
11914,870,Water Bottle - 30 oz.,4,1/23/2014
11914,877,Bike Wash - Dissolver,4,1/23/2014
"11914,711,""Sport-100 Helmet, Blue"",4,8/22/2013"
11914,880,Hydration Pack - 70 oz.,4,1/23/2014
11915,870,Water Bottle - 30 oz.,4,1/24/2014
11915,872,Road Bottle Cage,4,1/24/2014
"11915,708,""Sport-100 Helmet, Black"",4,8/4/2013"
11916,870,Water Bottle - 30 oz.,4,1/21/2014
"11916,865,""Classic Vest, M"",3,8/3/2013"
11916,878,Fender Set - Mountain,4,8/3/2013
11917,930,HL Mountain Tire,4,8/2/2013
11917,921,Mountain Tire Tube,4,8/2/2013
11918,878,Fender Set - Mountain,4,10/8/2013
11918,712,AWC Logo Cap,3,4/27/2014
11918,871,Mountain Bottle Cage,4,10/8/2013
11918,880,Hydration Pack - 70 oz.,4,10/8/2013
11919,921,Mountain Tire Tube,4,10/26/2013
11919,870,Water Bottle - 30 oz.,4,5/23/2014
11919,930,HL Mountain Tire,4,10/26/2013
"11919,866,""Classic Vest, L"",3,5/23/2014"
11920,930,HL Mountain Tire,4,10/26/2013
"11920,711,""Sport-100 Helmet, Blue"",4,5/13/2014"
11920,921,Mountain Tire Tube,4,10/26/2013
11921,873,Patch Kit/8 Patches,4,2/19/2014
11921,928,LL Mountain Tire,4,2/19/2014
11921,921,Mountain Tire Tube,4,3/22/2014
11921,712,AWC Logo Cap,3,4/25/2014
11922,880,Hydration Pack - 70 oz.,4,9/27/2013
11922,933,HL Road Tire,4,10/30/2013
11922,930,HL Mountain Tire,4,12/19/2013
11922,929,ML Mountain Tire,4,7/18/2013
11922,922,Road Tire Tube,4,10/30/2013
"11922,881,""Short-Sleeve Classic Jersey, S"",3,12/19/2013"
"11922,708,""Sport-100 Helmet, Black"",4,12/19/2013"
11922,921,Mountain Tire Tube,4,12/19/2013
11923,877,Bike Wash - Dissolver,4,6/11/2014
11924,712,AWC Logo Cap,3,11/19/2013
11924,870,Water Bottle - 30 oz.,4,11/19/2013
11925,871,Mountain Bottle Cage,4,11/19/2013
11925,870,Water Bottle - 30 oz.,4,11/19/2013
11926,877,Bike Wash - Dissolver,4,10/4/2013
11926,921,Mountain Tire Tube,4,11/18/2013
11927,712,AWC Logo Cap,3,6/30/2014
11927,930,HL Mountain Tire,4,6/11/2014
11928,921,Mountain Tire Tube,4,10/31/2013
11928,877,Bike Wash - Dissolver,4,5/15/2014
11929,872,Road Bottle Cage,4,5/1/2014
"11929,713,""Long-Sleeve Logo Jersey, S"",3,5/1/2014"
11929,871,Mountain Bottle Cage,4,5/19/2014
"11930,867,""Women's Mountain Shorts, S"",3,5/4/2014"
11931,930,HL Mountain Tire,4,4/5/2014
"11931,858,""Half-Finger Gloves, S"",3,4/5/2014"
"11931,707,""Sport-100 Helmet, Red"",4,4/5/2014"
"11931,713,""Long-Sleeve Logo Jersey, S"",3,7/19/2013"
"11931,708,""Sport-100 Helmet, Black"",4,7/19/2013"
"11932,707,""Sport-100 Helmet, Red"",4,12/25/2013"
11932,873,Patch Kit/8 Patches,4,9/29/2013
"11932,715,""Long-Sleeve Logo Jersey, L"",3,12/25/2013"
11932,921,Mountain Tire Tube,4,9/29/2013
"11934,715,""Long-Sleeve Logo Jersey, L"",3,11/10/2013"
11934,878,Fender Set - Mountain,4,11/10/2013
11936,921,Mountain Tire Tube,4,9/5/2013
11936,873,Patch Kit/8 Patches,4,9/5/2013
11937,871,Mountain Bottle Cage,4,12/2/2013
11938,877,Bike Wash - Dissolver,4,8/7/2013
11939,871,Mountain Bottle Cage,4,11/19/2013
"11939,866,""Classic Vest, L"",3,11/19/2013"
11940,930,HL Mountain Tire,4,5/27/2014
11941,921,Mountain Tire Tube,4,1/7/2014
11941,870,Water Bottle - 30 oz.,4,4/4/2014
11941,872,Road Bottle Cage,4,4/4/2014
11941,930,HL Mountain Tire,4,1/7/2014
11942,870,Water Bottle - 30 oz.,4,6/11/2013
"11942,711,""Sport-100 Helmet, Blue"",4,5/21/2014"
11943,872,Road Bottle Cage,4,5/15/2014
"11943,881,""Short-Sleeve Classic Jersey, S"",3,5/15/2014"
11943,712,AWC Logo Cap,3,5/15/2014
11944,870,Water Bottle - 30 oz.,4,5/22/2014
11944,871,Mountain Bottle Cage,4,7/28/2013
11944,880,Hydration Pack - 70 oz.,4,7/28/2013
11944,872,Road Bottle Cage,4,5/22/2014
11945,930,HL Mountain Tire,4,2/28/2014
11946,870,Water Bottle - 30 oz.,4,7/12/2013
11947,928,LL Mountain Tire,4,7/7/2013
"11947,708,""Sport-100 Helmet, Black"",4,7/7/2013"
"11948,716,""Long-Sleeve Logo Jersey, XL"",3,2/6/2014"
11948,928,LL Mountain Tire,4,3/8/2014
11948,921,Mountain Tire Tube,4,3/8/2014
11949,930,HL Mountain Tire,4,2/24/2014
"11950,708,""Sport-100 Helmet, Black"",4,7/20/2013"
11950,930,HL Mountain Tire,4,7/20/2013
11950,921,Mountain Tire Tube,4,7/20/2013
11951,870,Water Bottle - 30 oz.,4,1/20/2014
11951,871,Mountain Bottle Cage,4,1/20/2014
11951,921,Mountain Tire Tube,4,2/17/2014
11951,712,AWC Logo Cap,3,4/14/2014
"11952,883,""Short-Sleeve Classic Jersey, L"",3,8/11/2013"
11952,872,Road Bottle Cage,4,1/7/2014
11952,878,Fender Set - Mountain,4,8/11/2013
11953,921,Mountain Tire Tube,4,2/16/2014
11953,712,AWC Logo Cap,3,7/12/2013
11953,930,HL Mountain Tire,4,2/16/2014
11953,870,Water Bottle - 30 oz.,4,7/12/2013
11954,873,Patch Kit/8 Patches,4,11/18/2013
"11957,711,""Sport-100 Helmet, Blue"",4,7/15/2013"
11957,870,Water Bottle - 30 oz.,4,7/15/2013
11957,921,Mountain Tire Tube,4,6/10/2014
11957,873,Patch Kit/8 Patches,4,6/10/2014
11958,930,HL Mountain Tire,4,11/16/2013
"11958,714,""Long-Sleeve Logo Jersey, M"",3,4/12/2014"
11958,921,Mountain Tire Tube,4,11/16/2013
"11958,711,""Sport-100 Helmet, Blue"",4,4/12/2014"
11959,930,HL Mountain Tire,4,4/12/2014
"11959,711,""Sport-100 Helmet, Blue"",4,8/23/2013"
11959,921,Mountain Tire Tube,4,4/12/2014
11960,930,HL Mountain Tire,4,8/25/2013
11960,921,Mountain Tire Tube,4,8/25/2013
11961,930,HL Mountain Tire,4,3/10/2014
11961,873,Patch Kit/8 Patches,4,3/10/2014
11962,930,HL Mountain Tire,4,1/16/2014
11962,872,Road Bottle Cage,4,1/11/2014
11962,870,Water Bottle - 30 oz.,4,1/11/2014
11963,872,Road Bottle Cage,4,1/23/2014
"11964,859,""Half-Finger Gloves, M"",3,1/9/2014"
"11964,707,""Sport-100 Helmet, Red"",4,1/9/2014"
"11965,883,""Short-Sleeve Classic Jersey, L"",3,7/13/2013"
11965,873,Patch Kit/8 Patches,4,7/22/2013
11965,922,Road Tire Tube,4,7/13/2013
"11965,859,""Half-Finger Gloves, M"",3,5/3/2014"
"11966,859,""Half-Finger Gloves, M"",3,5/20/2014"
11966,873,Patch Kit/8 Patches,4,4/29/2014
11966,928,LL Mountain Tire,4,4/3/2014
11967,880,Hydration Pack - 70 oz.,4,8/27/2013
11967,712,AWC Logo Cap,3,8/27/2013
11969,870,Water Bottle - 30 oz.,4,1/16/2014
11969,880,Hydration Pack - 70 oz.,4,1/16/2014
11970,921,Mountain Tire Tube,4,2/21/2014
"11970,711,""Sport-100 Helmet, Blue"",4,2/21/2014"
"11971,708,""Sport-100 Helmet, Black"",4,4/27/2014"
11971,921,Mountain Tire Tube,4,9/15/2013
"11971,707,""Sport-100 Helmet, Red"",4,9/15/2013"
"11971,860,""Half-Finger Gloves, L"",3,4/27/2014"
11972,872,Road Bottle Cage,4,5/24/2014
11972,930,HL Mountain Tire,4,4/11/2014
11972,873,Patch Kit/8 Patches,4,4/11/2014
11972,870,Water Bottle - 30 oz.,4,5/24/2014
11973,921,Mountain Tire Tube,4,8/10/2013
11973,870,Water Bottle - 30 oz.,4,7/30/2013
"11973,711,""Sport-100 Helmet, Blue"",4,8/10/2013"
11973,872,Road Bottle Cage,4,7/30/2013
11974,930,HL Mountain Tire,4,5/7/2014
11974,872,Road Bottle Cage,4,4/1/2014
11974,870,Water Bottle - 30 oz.,4,4/1/2014
"11974,708,""Sport-100 Helmet, Black"",4,5/7/2014"
11975,930,HL Mountain Tire,4,12/17/2013
11975,876,Hitch Rack - 4-Bike,4,12/17/2013
11975,870,Water Bottle - 30 oz.,4,3/16/2014
11975,921,Mountain Tire Tube,4,12/17/2013
11976,878,Fender Set - Mountain,4,8/11/2013
11976,712,AWC Logo Cap,3,1/25/2014
11977,872,Road Bottle Cage,4,1/15/2014
"11977,874,""Racing Socks, M"",3,9/3/2013"
11977,878,Fender Set - Mountain,4,9/3/2013
"11977,864,""Classic Vest, S"",3,1/15/2014"
11978,921,Mountain Tire Tube,4,4/15/2014
11978,930,HL Mountain Tire,4,4/15/2014
"11979,866,""Classic Vest, L"",3,10/8/2013"
11979,872,Road Bottle Cage,4,10/8/2013
11979,873,Patch Kit/8 Patches,4,7/17/2013
11979,878,Fender Set - Mountain,4,7/17/2013
"11980,707,""Sport-100 Helmet, Red"",4,4/30/2014"
11980,921,Mountain Tire Tube,4,4/30/2014
11980,930,HL Mountain Tire,4,4/30/2014
11980,872,Road Bottle Cage,4,2/23/2014
11981,930,HL Mountain Tire,4,6/30/2014
11981,873,Patch Kit/8 Patches,4,6/30/2014
11981,870,Water Bottle - 30 oz.,4,9/9/2013
"11981,866,""Classic Vest, L"",3,9/9/2013"
"11982,882,""Short-Sleeve Classic Jersey, M"",3,1/17/2014"
11982,870,Water Bottle - 30 oz.,4,1/17/2014
11982,873,Patch Kit/8 Patches,4,3/4/2014
11982,930,HL Mountain Tire,4,3/4/2014
11984,870,Water Bottle - 30 oz.,4,10/6/2013
"11984,708,""Sport-100 Helmet, Black"",4,7/18/2013"
11984,872,Road Bottle Cage,4,10/6/2013
11985,930,HL Mountain Tire,4,6/7/2014
11985,921,Mountain Tire Tube,4,6/7/2014
11986,878,Fender Set - Mountain,4,9/20/2013
11986,930,HL Mountain Tire,4,9/20/2013
11986,880,Hydration Pack - 70 oz.,4,1/27/2014
11986,921,Mountain Tire Tube,4,9/20/2013
11986,873,Patch Kit/8 Patches,4,9/20/2013
11986,872,Road Bottle Cage,4,1/27/2014
11987,928,LL Mountain Tire,4,4/12/2014
"11987,711,""Sport-100 Helmet, Blue"",4,4/12/2014"
11987,879,All-Purpose Bike Stand,4,11/17/2013
11987,921,Mountain Tire Tube,4,4/12/2014
11987,922,Road Tire Tube,4,11/17/2013
11988,871,Mountain Bottle Cage,4,9/4/2013
11988,870,Water Bottle - 30 oz.,4,9/4/2013
"11989,866,""Classic Vest, L"",3,9/10/2013"
11990,870,Water Bottle - 30 oz.,4,9/17/2013
"11990,711,""Sport-100 Helmet, Blue"",4,1/22/2014"
"11991,711,""Sport-100 Helmet, Blue"",4,5/21/2014"
11991,870,Water Bottle - 30 oz.,4,5/21/2014
11992,712,AWC Logo Cap,3,5/13/2014
11993,873,Patch Kit/8 Patches,4,1/13/2014
11993,921,Mountain Tire Tube,4,1/13/2014
"11993,708,""Sport-100 Helmet, Black"",4,5/25/2014"
"11994,708,""Sport-100 Helmet, Black"",4,1/23/2014"
"11995,707,""Sport-100 Helmet, Red"",4,5/12/2014"
11995,878,Fender Set - Mountain,4,1/6/2014
"11995,858,""Half-Finger Gloves, S"",3,5/12/2014"
11996,872,Road Bottle Cage,4,7/6/2013
11996,880,Hydration Pack - 70 oz.,4,7/6/2013
11996,870,Water Bottle - 30 oz.,4,1/2/2014
11996,871,Mountain Bottle Cage,4,1/2/2014
"11996,708,""Sport-100 Helmet, Black"",4,1/2/2014"
"11997,884,""Short-Sleeve Classic Jersey, XL"",3,1/14/2014"
"11997,711,""Sport-100 Helmet, Blue"",4,7/25/2013"
11997,878,Fender Set - Mountain,4,1/14/2014
11998,921,Mountain Tire Tube,4,1/28/2014
11998,873,Patch Kit/8 Patches,4,1/28/2014
"11998,707,""Sport-100 Helmet, Red"",4,7/19/2013"
"11999,860,""Half-Finger Gloves, L"",3,8/28/2013"
11999,870,Water Bottle - 30 oz.,4,1/2/2014
"11999,707,""Sport-100 Helmet, Red"",4,8/28/2013"
11999,871,Mountain Bottle Cage,4,1/2/2014
12000,870,Water Bottle - 30 oz.,4,9/9/2013
12000,934,Touring Tire,4,1/15/2014
12000,923,Touring Tire Tube,4,1/15/2014
12000,871,Mountain Bottle Cage,4,9/9/2013
"12001,708,""Sport-100 Helmet, Black"",4,1/14/2014"
12001,870,Water Bottle - 30 oz.,4,9/16/2013
12001,712,AWC Logo Cap,3,9/16/2013
12002,930,HL Mountain Tire,4,9/9/2013
12002,934,Touring Tire,4,1/3/2014
"12003,882,""Short-Sleeve Classic Jersey, M"",3,1/10/2014"
"12003,860,""Half-Finger Gloves, L"",3,8/31/2013"
"12003,711,""Sport-100 Helmet, Blue"",4,1/10/2014"
12003,880,Hydration Pack - 70 oz.,4,8/31/2013
12005,921,Mountain Tire Tube,4,1/17/2014
"12005,711,""Sport-100 Helmet, Blue"",4,1/17/2014"
"12006,882,""Short-Sleeve Classic Jersey, M"",3,10/5/2013"
12006,873,Patch Kit/8 Patches,4,11/16/2013
12006,922,Road Tire Tube,4,10/5/2013
12006,928,LL Mountain Tire,4,11/16/2013
12007,871,Mountain Bottle Cage,4,2/21/2014
12007,934,Touring Tire,4,9/9/2013
"12007,708,""Sport-100 Helmet, Black"",4,2/21/2014"
12008,873,Patch Kit/8 Patches,4,11/10/2013
"12008,860,""Half-Finger Gloves, L"",3,5/21/2014"
12008,922,Road Tire Tube,4,11/10/2013
12008,928,LL Mountain Tire,4,5/21/2014
12009,878,Fender Set - Mountain,4,9/25/2013
"12009,708,""Sport-100 Helmet, Black"",4,9/25/2013"
"12009,711,""Sport-100 Helmet, Blue"",4,1/13/2014"
"12010,715,""Long-Sleeve Logo Jersey, L"",3,9/4/2013"
"12010,859,""Half-Finger Gloves, M"",3,1/6/2014"
12010,870,Water Bottle - 30 oz.,4,9/4/2013
12010,871,Mountain Bottle Cage,4,9/4/2013
"12011,866,""Classic Vest, L"",3,7/23/2013"
12011,871,Mountain Bottle Cage,4,7/23/2013
12012,712,AWC Logo Cap,3,7/16/2013
12012,921,Mountain Tire Tube,4,12/16/2013
12012,928,LL Mountain Tire,4,1/12/2014
12015,930,HL Mountain Tire,4,9/22/2013
12015,878,Fender Set - Mountain,4,9/22/2013
12016,870,Water Bottle - 30 oz.,4,11/1/2013
"12017,708,""Sport-100 Helmet, Black"",4,8/20/2013"
12018,930,HL Mountain Tire,4,2/24/2014
"12018,711,""Sport-100 Helmet, Blue"",4,2/24/2014"
12018,921,Mountain Tire Tube,4,2/24/2014
"12019,708,""Sport-100 Helmet, Black"",4,2/25/2014"
12019,930,HL Mountain Tire,4,2/25/2014
12020,921,Mountain Tire Tube,4,3/14/2014
12021,871,Mountain Bottle Cage,4,10/13/2013
12021,870,Water Bottle - 30 oz.,4,10/13/2013
12022,873,Patch Kit/8 Patches,4,1/16/2014
12022,872,Road Bottle Cage,4,2/2/2014
"12022,707,""Sport-100 Helmet, Red"",4,2/2/2014"
12022,930,HL Mountain Tire,4,1/16/2014
12024,930,HL Mountain Tire,4,1/17/2014
12024,921,Mountain Tire Tube,4,1/17/2014
12024,712,AWC Logo Cap,3,7/26/2013
12025,930,HL Mountain Tire,4,11/13/2013
12026,870,Water Bottle - 30 oz.,4,11/1/2013
"12026,866,""Classic Vest, L"",3,11/1/2013"
12027,871,Mountain Bottle Cage,4,12/26/2013
12028,930,HL Mountain Tire,4,2/26/2014
12029,871,Mountain Bottle Cage,4,1/2/2014
12029,930,HL Mountain Tire,4,1/2/2014
12029,921,Mountain Tire Tube,4,1/2/2014
"12030,713,""Long-Sleeve Logo Jersey, S"",3,12/26/2013"
12032,871,Mountain Bottle Cage,4,7/23/2013
12032,870,Water Bottle - 30 oz.,4,7/23/2013
12033,878,Fender Set - Mountain,4,12/13/2013
12034,921,Mountain Tire Tube,4,2/24/2014
12034,873,Patch Kit/8 Patches,4,6/22/2014
"12034,711,""Sport-100 Helmet, Blue"",4,2/23/2014"
12035,921,Mountain Tire Tube,4,9/19/2013
"12035,874,""Racing Socks, M"",3,9/19/2013"
12035,928,LL Mountain Tire,4,7/10/2013
12035,873,Patch Kit/8 Patches,4,10/14/2013
"12036,711,""Sport-100 Helmet, Blue"",4,3/10/2014"
12036,928,LL Mountain Tire,4,11/3/2013
12036,921,Mountain Tire Tube,4,3/10/2014
12037,921,Mountain Tire Tube,4,2/9/2014
12037,876,Hitch Rack - 4-Bike,4,2/9/2014
"12037,708,""Sport-100 Helmet, Black"",4,9/10/2013"
12037,930,HL Mountain Tire,4,2/9/2014
12038,873,Patch Kit/8 Patches,4,10/4/2013
"12038,858,""Half-Finger Gloves, S"",3,12/12/2013"
"12038,711,""Sport-100 Helmet, Blue"",4,12/12/2013"
12038,921,Mountain Tire Tube,4,12/12/2013
"12039,858,""Half-Finger Gloves, S"",3,1/6/2014"
12039,921,Mountain Tire Tube,4,9/2/2013
"12039,708,""Sport-100 Helmet, Black"",4,1/6/2014"
"12039,707,""Sport-100 Helmet, Red"",4,9/2/2013"
12040,930,HL Mountain Tire,4,7/16/2013
12040,873,Patch Kit/8 Patches,4,7/16/2013
12040,712,AWC Logo Cap,3,6/8/2014
"12041,711,""Sport-100 Helmet, Blue"",4,12/1/2013"
"12041,716,""Long-Sleeve Logo Jersey, XL"",3,12/1/2013"
12041,921,Mountain Tire Tube,4,12/1/2013
12042,878,Fender Set - Mountain,4,12/12/2013
12043,930,HL Mountain Tire,4,2/21/2014
12043,712,AWC Logo Cap,3,5/15/2014
12043,921,Mountain Tire Tube,4,2/21/2014
12044,878,Fender Set - Mountain,4,4/20/2014
12044,712,AWC Logo Cap,3,5/3/2014
12044,930,HL Mountain Tire,4,4/20/2014
12044,921,Mountain Tire Tube,4,4/20/2014
12045,878,Fender Set - Mountain,4,10/20/2013
12045,930,HL Mountain Tire,4,10/20/2013
12046,712,AWC Logo Cap,3,7/20/2013
12047,930,HL Mountain Tire,4,10/2/2013
12048,712,AWC Logo Cap,3,2/11/2014
12048,921,Mountain Tire Tube,4,4/28/2014
"12048,716,""Long-Sleeve Logo Jersey, XL"",3,2/11/2014"
"12048,707,""Sport-100 Helmet, Red"",4,4/28/2014"
12049,930,HL Mountain Tire,4,1/19/2014
"12049,714,""Long-Sleeve Logo Jersey, M"",3,4/11/2014"
12049,878,Fender Set - Mountain,4,1/19/2014
"12049,859,""Half-Finger Gloves, M"",3,4/11/2014"
12050,930,HL Mountain Tire,4,7/9/2013
12050,921,Mountain Tire Tube,4,7/9/2013
12050,878,Fender Set - Mountain,4,7/9/2013
12051,921,Mountain Tire Tube,4,7/26/2013
12051,930,HL Mountain Tire,4,7/26/2013
12052,873,Patch Kit/8 Patches,4,7/12/2013
12053,921,Mountain Tire Tube,4,7/2/2013
12053,930,HL Mountain Tire,4,7/2/2013
12054,876,Hitch Rack - 4-Bike,4,12/21/2013
"12054,707,""Sport-100 Helmet, Red"",4,5/19/2014"
12054,933,HL Road Tire,4,12/21/2013
12054,930,HL Mountain Tire,4,1/19/2014
12054,929,ML Mountain Tire,4,5/19/2014
12054,871,Mountain Bottle Cage,4,7/17/2013
12055,870,Water Bottle - 30 oz.,4,6/1/2014
12055,712,AWC Logo Cap,3,6/1/2014
12055,877,Bike Wash - Dissolver,4,6/18/2014
12055,871,Mountain Bottle Cage,4,6/1/2014
12055,873,Patch Kit/8 Patches,4,6/18/2014
12056,870,Water Bottle - 30 oz.,4,6/5/2014
12056,929,ML Mountain Tire,4,12/30/2013
"12056,884,""Short-Sleeve Classic Jersey, XL"",3,11/14/2013"
12056,930,HL Mountain Tire,4,5/14/2014
"12056,711,""Sport-100 Helmet, Blue"",4,6/5/2014"
"12056,708,""Sport-100 Helmet, Black"",4,12/30/2013"
12057,873,Patch Kit/8 Patches,4,12/7/2013
"12057,716,""Long-Sleeve Logo Jersey, XL"",3,7/29/2013"
12058,877,Bike Wash - Dissolver,4,7/6/2013
12059,878,Fender Set - Mountain,4,7/25/2013
"12060,875,""Racing Socks, L"",3,11/25/2013"
"12060,708,""Sport-100 Helmet, Black"",4,7/3/2013"
"12061,707,""Sport-100 Helmet, Red"",4,7/1/2013"
12061,930,HL Mountain Tire,4,7/1/2013
12061,871,Mountain Bottle Cage,4,3/1/2014
12061,929,ML Mountain Tire,4,7/10/2013
12061,873,Patch Kit/8 Patches,4,7/10/2013
12061,921,Mountain Tire Tube,4,7/10/2013
12062,930,HL Mountain Tire,4,7/27/2013
"12062,713,""Long-Sleeve Logo Jersey, S"",3,6/15/2014"
12063,930,HL Mountain Tire,4,4/15/2014
12064,877,Bike Wash - Dissolver,4,4/30/2014
12064,921,Mountain Tire Tube,4,4/30/2014
"12064,858,""Half-Finger Gloves, S"",3,8/18/2013"
"12064,714,""Long-Sleeve Logo Jersey, M"",3,8/18/2013"
12065,873,Patch Kit/8 Patches,4,9/1/2013
"12065,716,""Long-Sleeve Logo Jersey, XL"",3,8/6/2013"
12065,930,HL Mountain Tire,4,9/1/2013
"12066,716,""Long-Sleeve Logo Jersey, XL"",3,2/18/2014"
12067,921,Mountain Tire Tube,4,12/26/2013
12067,712,AWC Logo Cap,3,9/24/2013
"12067,716,""Long-Sleeve Logo Jersey, XL"",3,9/24/2013"
12067,930,HL Mountain Tire,4,12/26/2013
12068,930,HL Mountain Tire,4,4/28/2014
12068,712,AWC Logo Cap,3,12/5/2013
12069,878,Fender Set - Mountain,4,7/30/2013
12070,930,HL Mountain Tire,4,4/29/2014
"12071,711,""Sport-100 Helmet, Blue"",4,7/20/2013"
12071,921,Mountain Tire Tube,4,7/20/2013
12072,880,Hydration Pack - 70 oz.,4,8/12/2013
12072,877,Bike Wash - Dissolver,4,8/12/2013
12072,870,Water Bottle - 30 oz.,4,8/12/2013
"12073,711,""Sport-100 Helmet, Blue"",4,8/6/2013"
"12073,715,""Long-Sleeve Logo Jersey, L"",3,9/25/2013"
12073,921,Mountain Tire Tube,4,8/6/2013
12073,712,AWC Logo Cap,3,9/25/2013
12074,930,HL Mountain Tire,4,3/28/2014
"12074,882,""Short-Sleeve Classic Jersey, M"",3,1/11/2014"
12074,929,ML Mountain Tire,4,3/18/2014
12074,870,Water Bottle - 30 oz.,4,3/18/2014
"12074,860,""Half-Finger Gloves, L"",3,3/28/2014"
"12074,711,""Sport-100 Helmet, Blue"",4,3/28/2014"
12074,871,Mountain Bottle Cage,4,1/11/2014
"12074,708,""Sport-100 Helmet, Black"",4,3/18/2014"
12077,930,HL Mountain Tire,4,12/30/2013
12077,929,ML Mountain Tire,4,6/20/2014
"12077,858,""Half-Finger Gloves, S"",3,7/1/2013"
12077,873,Patch Kit/8 Patches,4,12/30/2013
12077,871,Mountain Bottle Cage,4,7/1/2013
12077,921,Mountain Tire Tube,4,12/30/2013
12077,870,Water Bottle - 30 oz.,4,7/24/2013
12078,880,Hydration Pack - 70 oz.,4,12/4/2013
12079,930,HL Mountain Tire,4,12/2/2013
12079,878,Fender Set - Mountain,4,12/2/2013
12079,871,Mountain Bottle Cage,4,12/2/2013
"12079,881,""Short-Sleeve Classic Jersey, S"",3,12/2/2013"
"12081,714,""Long-Sleeve Logo Jersey, M"",3,10/8/2013"
12082,870,Water Bottle - 30 oz.,4,8/25/2013
12084,870,Water Bottle - 30 oz.,4,12/19/2013
12084,871,Mountain Bottle Cage,4,12/19/2013
"12084,715,""Long-Sleeve Logo Jersey, L"",3,12/19/2013"
12085,930,HL Mountain Tire,4,1/24/2014
12085,921,Mountain Tire Tube,4,1/24/2014
"12085,860,""Half-Finger Gloves, L"",3,1/24/2014"
12085,712,AWC Logo Cap,3,11/21/2013
12087,930,HL Mountain Tire,4,6/17/2014
12087,921,Mountain Tire Tube,4,6/17/2014
"12087,716,""Long-Sleeve Logo Jersey, XL"",3,3/12/2014"
"12088,875,""Racing Socks, L"",3,5/28/2014"
12088,930,HL Mountain Tire,4,6/27/2014
12088,878,Fender Set - Mountain,4,6/27/2014
"12088,714,""Long-Sleeve Logo Jersey, M"",3,6/27/2014"
12089,712,AWC Logo Cap,3,11/19/2013
12090,878,Fender Set - Mountain,4,10/8/2013
12091,712,AWC Logo Cap,3,7/8/2013
"12091,708,""Sport-100 Helmet, Black"",4,2/2/2014"
12091,921,Mountain Tire Tube,4,2/2/2014
12092,930,HL Mountain Tire,4,11/3/2013
12092,921,Mountain Tire Tube,4,11/3/2013
12092,712,AWC Logo Cap,3,10/2/2013
12093,930,HL Mountain Tire,4,4/7/2014
12093,873,Patch Kit/8 Patches,4,4/7/2014
12094,930,HL Mountain Tire,4,12/25/2013
12094,878,Fender Set - Mountain,4,12/25/2013
12094,921,Mountain Tire Tube,4,12/25/2013
12095,712,AWC Logo Cap,3,1/3/2014
12095,921,Mountain Tire Tube,4,10/2/2013
12095,930,HL Mountain Tire,4,10/2/2013
12097,930,HL Mountain Tire,4,11/22/2013
12097,929,ML Mountain Tire,4,10/21/2013
12097,878,Fender Set - Mountain,4,11/22/2013
"12097,707,""Sport-100 Helmet, Red"",4,10/21/2013"
12097,873,Patch Kit/8 Patches,4,2/2/2014
12097,928,LL Mountain Tire,4,2/2/2014
"12097,869,""Women's Mountain Shorts, L"",3,6/21/2014"
12098,712,AWC Logo Cap,3,7/1/2013
"12098,707,""Sport-100 Helmet, Red"",4,5/13/2014"
12098,921,Mountain Tire Tube,4,5/13/2014
12099,712,AWC Logo Cap,3,4/7/2014
12100,930,HL Mountain Tire,4,1/13/2014
12100,878,Fender Set - Mountain,4,1/13/2014
12100,712,AWC Logo Cap,3,2/17/2014
"12101,713,""Long-Sleeve Logo Jersey, S"",3,8/14/2013"
12101,930,HL Mountain Tire,4,11/6/2013
12101,921,Mountain Tire Tube,4,11/6/2013
12102,878,Fender Set - Mountain,4,7/31/2013
"12103,859,""Half-Finger Gloves, M"",3,8/21/2013"
12103,921,Mountain Tire Tube,4,8/21/2013
12103,930,HL Mountain Tire,4,8/21/2013
12106,930,HL Mountain Tire,4,11/13/2013
12106,873,Patch Kit/8 Patches,4,3/14/2014
12106,929,ML Mountain Tire,4,3/14/2014
"12106,867,""Women's Mountain Shorts, S"",3,1/24/2014"
"12107,867,""Women's Mountain Shorts, S"",3,10/31/2013"
12107,921,Mountain Tire Tube,4,12/29/2013
12107,873,Patch Kit/8 Patches,4,7/31/2013
"12107,715,""Long-Sleeve Logo Jersey, L"",3,10/31/2013"
12107,928,LL Mountain Tire,4,7/31/2013
12108,930,HL Mountain Tire,4,12/8/2013
12108,877,Bike Wash - Dissolver,4,12/8/2013
12109,878,Fender Set - Mountain,4,12/13/2013
12110,871,Mountain Bottle Cage,4,12/27/2013
12111,921,Mountain Tire Tube,4,12/10/2013
12111,876,Hitch Rack - 4-Bike,4,2/23/2014
12111,930,HL Mountain Tire,4,12/10/2013
12112,878,Fender Set - Mountain,4,8/18/2013
12113,934,Touring Tire,4,11/1/2013
12113,923,Touring Tire Tube,4,11/1/2013
"12114,874,""Racing Socks, M"",3,8/2/2013"
12114,878,Fender Set - Mountain,4,8/2/2013
"12115,716,""Long-Sleeve Logo Jersey, XL"",3,11/21/2013"
12115,930,HL Mountain Tire,4,11/5/2013
12117,921,Mountain Tire Tube,4,5/20/2014
12117,930,HL Mountain Tire,4,5/20/2014
12118,871,Mountain Bottle Cage,4,12/28/2013
12118,878,Fender Set - Mountain,4,12/28/2013
12118,870,Water Bottle - 30 oz.,4,12/28/2013
"12118,874,""Racing Socks, M"",3,12/28/2013"
12119,921,Mountain Tire Tube,4,4/7/2014
12119,876,Hitch Rack - 4-Bike,4,10/5/2013
12119,930,HL Mountain Tire,4,4/7/2014
12121,921,Mountain Tire Tube,4,12/29/2013
12121,877,Bike Wash - Dissolver,4,12/29/2013
12122,876,Hitch Rack - 4-Bike,4,8/5/2013
12122,871,Mountain Bottle Cage,4,8/5/2013
12123,712,AWC Logo Cap,3,4/22/2014
"12123,707,""Sport-100 Helmet, Red"",4,4/22/2014"
12123,871,Mountain Bottle Cage,4,7/13/2013
12123,931,LL Road Tire,4,4/22/2014
12123,922,Road Tire Tube,4,4/22/2014
12124,872,Road Bottle Cage,4,3/9/2014
12124,877,Bike Wash - Dissolver,4,6/15/2013
12124,870,Water Bottle - 30 oz.,4,3/9/2014
12124,712,AWC Logo Cap,3,6/2/2013
12125,871,Mountain Bottle Cage,4,8/11/2013
12125,934,Touring Tire,4,4/19/2014
12125,923,Touring Tire Tube,4,4/19/2014
"12125,708,""Sport-100 Helmet, Black"",4,4/13/2014"
12126,873,Patch Kit/8 Patches,4,1/15/2014
12126,922,Road Tire Tube,4,1/15/2014
"12126,882,""Short-Sleeve Classic Jersey, M"",3,9/8/2013"
"12128,711,""Sport-100 Helmet, Blue"",4,4/28/2014"
"12128,882,""Short-Sleeve Classic Jersey, M"",3,5/6/2014"
12128,876,Hitch Rack - 4-Bike,4,8/22/2013
"12129,711,""Sport-100 Helmet, Blue"",4,4/6/2014"
12129,878,Fender Set - Mountain,4,8/12/2013
12129,871,Mountain Bottle Cage,4,8/12/2013
12129,870,Water Bottle - 30 oz.,4,8/12/2013
12130,871,Mountain Bottle Cage,4,8/5/2013
12130,872,Road Bottle Cage,4,4/16/2014
12130,870,Water Bottle - 30 oz.,4,4/16/2014
12130,712,AWC Logo Cap,3,6/1/2013
"12131,711,""Sport-100 Helmet, Blue"",4,3/12/2014"
"12131,707,""Sport-100 Helmet, Red"",4,9/28/2013"
12131,873,Patch Kit/8 Patches,4,7/2/2013
12131,923,Touring Tire Tube,4,7/2/2013
12132,923,Touring Tire Tube,4,7/16/2013
12132,934,Touring Tire,4,7/16/2013
12132,870,Water Bottle - 30 oz.,4,3/19/2014
"12132,708,""Sport-100 Helmet, Black"",4,7/16/2013"
"12132,707,""Sport-100 Helmet, Red"",4,5/30/2013"
12132,880,Hydration Pack - 70 oz.,4,7/16/2013
12132,872,Road Bottle Cage,4,3/19/2014
12133,878,Fender Set - Mountain,4,8/17/2013
"12133,713,""Long-Sleeve Logo Jersey, S"",3,8/17/2013"
12133,870,Water Bottle - 30 oz.,4,8/17/2013
"12133,707,""Sport-100 Helmet, Red"",4,5/3/2014"
12134,712,AWC Logo Cap,3,3/11/2014
12134,931,LL Road Tire,4,12/5/2013
"12134,875,""Racing Socks, L"",3,12/5/2013"
12134,922,Road Tire Tube,4,12/5/2013
"12135,715,""Long-Sleeve Logo Jersey, L"",3,10/9/2013"
"12136,860,""Half-Finger Gloves, L"",3,12/23/2013"
12136,921,Mountain Tire Tube,4,12/23/2013
12136,923,Touring Tire Tube,4,3/13/2014
12136,873,Patch Kit/8 Patches,4,9/24/2013
12136,928,LL Mountain Tire,4,9/24/2013
"12136,707,""Sport-100 Helmet, Red"",4,12/23/2013"
"12136,708,""Sport-100 Helmet, Black"",4,6/25/2014"
12136,930,HL Mountain Tire,4,12/23/2013
12137,921,Mountain Tire Tube,4,8/19/2013
12137,930,HL Mountain Tire,4,8/19/2013
"12137,716,""Long-Sleeve Logo Jersey, XL"",3,10/11/2013"
12138,878,Fender Set - Mountain,4,1/28/2014
12138,877,Bike Wash - Dissolver,4,1/31/2014
12138,930,HL Mountain Tire,4,1/28/2014
"12138,713,""Long-Sleeve Logo Jersey, S"",3,1/28/2014"
12139,880,Hydration Pack - 70 oz.,4,5/22/2014
12139,877,Bike Wash - Dissolver,4,12/2/2013
12139,921,Mountain Tire Tube,4,5/22/2014
12140,873,Patch Kit/8 Patches,4,11/2/2013
12140,877,Bike Wash - Dissolver,4,2/16/2014
12140,930,HL Mountain Tire,4,2/16/2014
12140,929,ML Mountain Tire,4,11/2/2013
12140,870,Water Bottle - 30 oz.,4,3/31/2014
12140,871,Mountain Bottle Cage,4,3/31/2014
12141,878,Fender Set - Mountain,4,8/10/2013
"12141,715,""Long-Sleeve Logo Jersey, L"",3,8/10/2013"
12142,878,Fender Set - Mountain,4,8/2/2013
12142,870,Water Bottle - 30 oz.,4,8/2/2013
"12142,711,""Sport-100 Helmet, Blue"",4,8/2/2013"
12144,930,HL Mountain Tire,4,8/22/2013
12144,877,Bike Wash - Dissolver,4,4/7/2014
12144,921,Mountain Tire Tube,4,8/22/2013
12145,921,Mountain Tire Tube,4,6/2/2014
"12145,711,""Sport-100 Helmet, Blue"",4,6/2/2014"
12145,930,HL Mountain Tire,4,6/2/2014
"12145,713,""Long-Sleeve Logo Jersey, S"",3,6/2/2014"
"12146,708,""Sport-100 Helmet, Black"",4,11/29/2013"
12146,921,Mountain Tire Tube,4,11/29/2013
12146,877,Bike Wash - Dissolver,4,4/10/2014
"12146,859,""Half-Finger Gloves, M"",3,11/29/2013"
"12147,711,""Sport-100 Helmet, Blue"",4,2/3/2014"
12147,871,Mountain Bottle Cage,4,2/3/2014
12147,877,Bike Wash - Dissolver,4,4/15/2014
12147,876,Hitch Rack - 4-Bike,4,4/15/2014
12147,929,ML Mountain Tire,4,3/20/2014
12147,930,HL Mountain Tire,4,4/15/2014
12147,873,Patch Kit/8 Patches,4,4/15/2014
12147,712,AWC Logo Cap,3,11/23/2013
12148,877,Bike Wash - Dissolver,4,6/1/2014
"12148,711,""Sport-100 Helmet, Blue"",4,4/25/2014"
12148,921,Mountain Tire Tube,4,4/25/2014
12149,877,Bike Wash - Dissolver,4,6/10/2014
12149,930,HL Mountain Tire,4,10/1/2013
12149,921,Mountain Tire Tube,4,10/1/2013
12150,877,Bike Wash - Dissolver,4,2/4/2014
"12152,858,""Half-Finger Gloves, S"",3,8/7/2013"
12152,871,Mountain Bottle Cage,4,8/7/2013
12153,870,Water Bottle - 30 oz.,4,8/4/2013
12153,871,Mountain Bottle Cage,4,8/4/2013
"12154,859,""Half-Finger Gloves, M"",3,8/14/2013"
"12154,711,""Sport-100 Helmet, Blue"",4,12/23/2013"
"12155,711,""Sport-100 Helmet, Blue"",4,8/26/2013"
12157,877,Bike Wash - Dissolver,4,5/1/2014
12158,870,Water Bottle - 30 oz.,4,5/14/2014
12158,930,HL Mountain Tire,4,2/1/2014
12158,929,ML Mountain Tire,4,4/10/2014
12158,873,Patch Kit/8 Patches,4,4/10/2014
"12158,711,""Sport-100 Helmet, Blue"",4,5/14/2014"
"12159,708,""Sport-100 Helmet, Black"",4,6/17/2014"
12159,870,Water Bottle - 30 oz.,4,6/17/2014
"12159,714,""Long-Sleeve Logo Jersey, M"",3,7/27/2013"
12159,930,HL Mountain Tire,4,7/27/2013
12159,712,AWC Logo Cap,3,7/27/2013
12159,929,ML Mountain Tire,4,9/22/2013
12160,878,Fender Set - Mountain,4,8/8/2013
12161,879,All-Purpose Bike Stand,4,8/9/2013
12161,921,Mountain Tire Tube,4,8/9/2013
12161,930,HL Mountain Tire,4,8/9/2013
12162,870,Water Bottle - 30 oz.,4,8/25/2013
12163,878,Fender Set - Mountain,4,8/4/2013
12165,870,Water Bottle - 30 oz.,4,8/16/2013
12165,878,Fender Set - Mountain,4,7/29/2013
"12165,875,""Racing Socks, L"",3,7/29/2013"
12165,929,ML Mountain Tire,4,12/5/2013
12165,930,HL Mountain Tire,4,7/29/2013
"12165,860,""Half-Finger Gloves, L"",3,7/2/2013"
12165,873,Patch Kit/8 Patches,4,12/5/2013
12165,877,Bike Wash - Dissolver,4,8/16/2013
12166,870,Water Bottle - 30 oz.,4,4/13/2014
"12166,711,""Sport-100 Helmet, Blue"",4,4/13/2014"
"12166,707,""Sport-100 Helmet, Red"",4,2/21/2014"
12166,921,Mountain Tire Tube,4,3/26/2014
12166,871,Mountain Bottle Cage,4,2/21/2014
12166,873,Patch Kit/8 Patches,4,12/11/2013
12167,880,Hydration Pack - 70 oz.,4,8/13/2013
12168,930,HL Mountain Tire,4,1/23/2014
12168,878,Fender Set - Mountain,4,1/23/2014
12169,930,HL Mountain Tire,4,8/18/2013
"12169,708,""Sport-100 Helmet, Black"",4,8/18/2013"
"12171,865,""Classic Vest, M"",3,8/7/2013"
12172,878,Fender Set - Mountain,4,8/18/2013
12173,712,AWC Logo Cap,3,8/5/2013
12175,876,Hitch Rack - 4-Bike,4,4/22/2014
12176,921,Mountain Tire Tube,4,6/16/2014
12176,930,HL Mountain Tire,4,6/16/2014
12176,873,Patch Kit/8 Patches,4,6/16/2014
"12177,707,""Sport-100 Helmet, Red"",4,8/7/2013"
"12177,859,""Half-Finger Gloves, M"",3,8/7/2013"
12177,712,AWC Logo Cap,3,12/18/2013
"12177,715,""Long-Sleeve Logo Jersey, L"",3,8/7/2013"
12179,871,Mountain Bottle Cage,4,12/8/2013
"12180,711,""Sport-100 Helmet, Blue"",4,12/4/2013"
"12181,866,""Classic Vest, L"",3,8/12/2013"
12182,870,Water Bottle - 30 oz.,4,3/24/2014
12182,871,Mountain Bottle Cage,4,3/24/2014
12182,873,Patch Kit/8 Patches,4,8/14/2013
12182,929,ML Mountain Tire,4,12/8/2013
"12183,707,""Sport-100 Helmet, Red"",4,7/22/2013"
12183,930,HL Mountain Tire,4,12/9/2013
12183,929,ML Mountain Tire,4,11/1/2013
12183,870,Water Bottle - 30 oz.,4,8/11/2013
"12183,711,""Sport-100 Helmet, Blue"",4,11/1/2013"
12183,921,Mountain Tire Tube,4,12/9/2013
12185,930,HL Mountain Tire,4,8/29/2013
12185,921,Mountain Tire Tube,4,8/29/2013
12185,877,Bike Wash - Dissolver,4,9/15/2013
12186,871,Mountain Bottle Cage,4,8/8/2013
12189,880,Hydration Pack - 70 oz.,4,8/17/2013
12190,870,Water Bottle - 30 oz.,4,8/4/2013
12190,873,Patch Kit/8 Patches,4,8/4/2013
12191,878,Fender Set - Mountain,4,9/16/2013
12191,921,Mountain Tire Tube,4,9/16/2013
"12191,865,""Classic Vest, M"",3,9/16/2013"
12191,876,Hitch Rack - 4-Bike,4,2/28/2014
12192,921,Mountain Tire Tube,4,5/24/2014
12192,930,HL Mountain Tire,4,5/24/2014
12193,921,Mountain Tire Tube,4,8/29/2013
12193,930,HL Mountain Tire,4,8/29/2013
"12193,881,""Short-Sleeve Classic Jersey, S"",3,12/7/2013"
12194,930,HL Mountain Tire,4,9/18/2013
12194,877,Bike Wash - Dissolver,4,10/9/2013
12194,921,Mountain Tire Tube,4,9/18/2013
12195,930,HL Mountain Tire,4,12/27/2013
"12195,707,""Sport-100 Helmet, Red"",4,12/27/2013"
"12195,858,""Half-Finger Gloves, S"",3,12/27/2013"
12195,878,Fender Set - Mountain,4,12/27/2013
"12196,708,""Sport-100 Helmet, Black"",4,12/13/2013"
12196,930,HL Mountain Tire,4,6/15/2014
12196,929,ML Mountain Tire,4,12/13/2013
12196,870,Water Bottle - 30 oz.,4,10/5/2013
12197,930,HL Mountain Tire,4,10/7/2013
12197,877,Bike Wash - Dissolver,4,7/4/2013
"12198,707,""Sport-100 Helmet, Red"",4,12/9/2013"
12198,870,Water Bottle - 30 oz.,4,12/9/2013
12198,871,Mountain Bottle Cage,4,12/9/2013
"12198,858,""Half-Finger Gloves, S"",3,12/9/2013"
12199,930,HL Mountain Tire,4,4/15/2014
"12199,711,""Sport-100 Helmet, Blue"",4,4/15/2014"
12199,921,Mountain Tire Tube,4,4/15/2014
12200,873,Patch Kit/8 Patches,4,8/9/2013
12201,921,Mountain Tire Tube,4,11/11/2013
12201,930,HL Mountain Tire,4,11/11/2013
12201,877,Bike Wash - Dissolver,4,1/9/2014
12202,871,Mountain Bottle Cage,4,3/6/2014
"12202,708,""Sport-100 Helmet, Black"",4,7/8/2013"
12202,929,ML Mountain Tire,4,3/6/2014
12202,921,Mountain Tire Tube,4,3/6/2014
12202,873,Patch Kit/8 Patches,4,11/9/2013
12202,930,HL Mountain Tire,4,9/15/2013
"12203,713,""Long-Sleeve Logo Jersey, S"",3,5/13/2014"
12203,930,HL Mountain Tire,4,6/7/2014
12203,929,ML Mountain Tire,4,12/3/2013
12203,871,Mountain Bottle Cage,4,12/20/2013
12203,870,Water Bottle - 30 oz.,4,5/13/2014
12203,921,Mountain Tire Tube,4,6/7/2014
"12203,874,""Racing Socks, M"",3,12/3/2013"
"12203,711,""Sport-100 Helmet, Blue"",4,5/13/2014"
12204,930,HL Mountain Tire,4,11/22/2013
12204,921,Mountain Tire Tube,4,11/22/2013
12204,872,Road Bottle Cage,4,6/30/2013
12204,878,Fender Set - Mountain,4,11/22/2013
"12204,711,""Sport-100 Helmet, Blue"",4,11/22/2013"
12205,872,Road Bottle Cage,4,3/28/2014
12205,873,Patch Kit/8 Patches,4,6/1/2014
12205,870,Water Bottle - 30 oz.,4,3/28/2014
12208,878,Fender Set - Mountain,4,9/16/2013
"12208,716,""Long-Sleeve Logo Jersey, XL"",3,9/16/2013"
"12210,708,""Sport-100 Helmet, Black"",4,4/13/2014"
12210,871,Mountain Bottle Cage,4,9/8/2013
"12213,711,""Sport-100 Helmet, Blue"",4,9/1/2013"
12213,871,Mountain Bottle Cage,4,9/1/2013
12214,873,Patch Kit/8 Patches,4,9/22/2013
12214,870,Water Bottle - 30 oz.,4,5/19/2014
12214,872,Road Bottle Cage,4,5/19/2014
"12214,858,""Half-Finger Gloves, S"",3,5/19/2014"
12215,873,Patch Kit/8 Patches,4,9/10/2013
12215,930,HL Mountain Tire,4,9/10/2013
12215,712,AWC Logo Cap,3,5/23/2014
12215,923,Touring Tire Tube,4,5/23/2014
12216,870,Water Bottle - 30 oz.,4,5/19/2014
"12216,711,""Sport-100 Helmet, Blue"",4,9/9/2013"
"12216,884,""Short-Sleeve Classic Jersey, XL"",3,5/19/2014"
12216,878,Fender Set - Mountain,4,9/9/2013
"12218,715,""Long-Sleeve Logo Jersey, L"",3,9/25/2013"
12218,878,Fender Set - Mountain,4,9/25/2013
"12219,882,""Short-Sleeve Classic Jersey, M"",3,12/27/2013"
12219,870,Water Bottle - 30 oz.,4,12/27/2013
12220,880,Hydration Pack - 70 oz.,4,12/29/2013
12221,930,HL Mountain Tire,4,12/20/2013
12222,880,Hydration Pack - 70 oz.,4,9/21/2013
"12222,707,""Sport-100 Helmet, Red"",4,5/9/2014"
12222,878,Fender Set - Mountain,4,9/21/2013
"12224,714,""Long-Sleeve Logo Jersey, M"",3,4/17/2014"
12225,871,Mountain Bottle Cage,4,10/15/2013
12226,712,AWC Logo Cap,3,10/2/2013
12226,870,Water Bottle - 30 oz.,4,10/2/2013
12227,712,AWC Logo Cap,3,9/29/2013
12229,878,Fender Set - Mountain,4,10/23/2013
"12230,708,""Sport-100 Helmet, Black"",4,11/14/2013"
12235,922,Road Tire Tube,4,12/6/2013
"12235,708,""Sport-100 Helmet, Black"",4,8/23/2013"
12235,931,LL Road Tire,4,12/6/2013
12237,712,AWC Logo Cap,3,11/2/2013
"12237,711,""Sport-100 Helmet, Blue"",4,11/2/2013"
"12239,707,""Sport-100 Helmet, Red"",4,5/19/2014"
12239,712,AWC Logo Cap,3,5/19/2014
"12239,714,""Long-Sleeve Logo Jersey, M"",3,10/13/2013"
"12241,858,""Half-Finger Gloves, S"",3,11/20/2013"
12244,928,LL Mountain Tire,4,10/17/2013
"12244,714,""Long-Sleeve Logo Jersey, M"",3,7/19/2013"
12244,921,Mountain Tire Tube,4,10/17/2013
12245,873,Patch Kit/8 Patches,4,11/13/2013
12246,921,Mountain Tire Tube,4,11/16/2013
12246,928,LL Mountain Tire,4,11/16/2013
12247,873,Patch Kit/8 Patches,4,10/3/2013
"12247,713,""Long-Sleeve Logo Jersey, S"",3,7/4/2013"
"12249,714,""Long-Sleeve Logo Jersey, M"",3,8/29/2013"
"12249,711,""Sport-100 Helmet, Blue"",4,3/23/2014"
12249,928,LL Mountain Tire,4,3/23/2014
12252,871,Mountain Bottle Cage,4,12/25/2013
12252,712,AWC Logo Cap,3,12/25/2013
12253,921,Mountain Tire Tube,4,12/16/2013
12253,928,LL Mountain Tire,4,12/16/2013
12253,878,Fender Set - Mountain,4,12/16/2013
"12254,711,""Sport-100 Helmet, Blue"",4,12/29/2013"
12254,871,Mountain Bottle Cage,4,12/29/2013
12259,873,Patch Kit/8 Patches,4,8/3/2013
12259,931,LL Road Tire,4,8/3/2013
12259,712,AWC Logo Cap,3,11/19/2013
"12259,715,""Long-Sleeve Logo Jersey, L"",3,11/19/2013"
12260,712,AWC Logo Cap,3,12/29/2013
"12260,715,""Long-Sleeve Logo Jersey, L"",3,12/29/2013"
12260,879,All-Purpose Bike Stand,4,7/16/2013
12260,873,Patch Kit/8 Patches,4,7/16/2013
12261,921,Mountain Tire Tube,4,1/21/2014
"12261,711,""Sport-100 Helmet, Blue"",4,1/21/2014"
12262,712,AWC Logo Cap,3,8/31/2013
"12262,715,""Long-Sleeve Logo Jersey, L"",3,8/31/2013"
12262,922,Road Tire Tube,4,8/10/2013
"12262,711,""Sport-100 Helmet, Blue"",4,8/10/2013"
"12263,711,""Sport-100 Helmet, Blue"",4,5/29/2014"
12263,878,Fender Set - Mountain,4,10/16/2013
12263,872,Road Bottle Cage,4,5/29/2014
12263,870,Water Bottle - 30 oz.,4,5/29/2014
12264,870,Water Bottle - 30 oz.,4,10/25/2013
12264,934,Touring Tire,4,6/17/2013
12264,871,Mountain Bottle Cage,4,10/25/2013
12265,878,Fender Set - Mountain,4,1/6/2014
"12265,711,""Sport-100 Helmet, Blue"",4,1/6/2014"
"12269,708,""Sport-100 Helmet, Black"",4,11/27/2013"
"12270,864,""Classic Vest, S"",3,12/10/2013"
12271,870,Water Bottle - 30 oz.,4,10/18/2013
"12271,881,""Short-Sleeve Classic Jersey, S"",3,6/3/2013"
12271,871,Mountain Bottle Cage,4,10/18/2013
12272,872,Road Bottle Cage,4,6/29/2013
"12275,881,""Short-Sleeve Classic Jersey, S"",3,12/30/2013"
12275,871,Mountain Bottle Cage,4,12/30/2013
12276,870,Water Bottle - 30 oz.,4,12/16/2013
"12276,708,""Sport-100 Helmet, Black"",4,12/16/2013"
12277,870,Water Bottle - 30 oz.,4,7/15/2013
12277,930,HL Mountain Tire,4,10/25/2013
12277,872,Road Bottle Cage,4,7/15/2013
12277,712,AWC Logo Cap,3,7/15/2013
"12279,884,""Short-Sleeve Classic Jersey, XL"",3,1/13/2014"
"12280,711,""Sport-100 Helmet, Blue"",4,1/13/2014"
12280,870,Water Bottle - 30 oz.,4,1/13/2014
12281,877,Bike Wash - Dissolver,4,9/3/2013
"12281,707,""Sport-100 Helmet, Red"",4,6/29/2013"
12281,870,Water Bottle - 30 oz.,4,9/3/2013
12283,870,Water Bottle - 30 oz.,4,10/11/2013
12283,712,AWC Logo Cap,3,7/1/2013
12284,930,HL Mountain Tire,4,10/21/2013
12285,930,HL Mountain Tire,4,1/14/2014
"12286,707,""Sport-100 Helmet, Red"",4,8/12/2013"
12286,878,Fender Set - Mountain,4,9/18/2013
12286,872,Road Bottle Cage,4,8/12/2013
"12286,865,""Classic Vest, M"",3,9/18/2013"
"12287,882,""Short-Sleeve Classic Jersey, M"",3,10/26/2013"
12287,870,Water Bottle - 30 oz.,4,10/26/2013
12287,872,Road Bottle Cage,4,8/7/2013
"12287,860,""Half-Finger Gloves, L"",3,10/26/2013"
12288,931,LL Road Tire,4,3/3/2014
12288,922,Road Tire Tube,4,3/3/2014
"12288,866,""Classic Vest, L"",3,3/3/2014"
"12288,715,""Long-Sleeve Logo Jersey, L"",3,6/11/2014"
12289,877,Bike Wash - Dissolver,4,9/4/2013
12289,870,Water Bottle - 30 oz.,4,9/4/2013
12289,921,Mountain Tire Tube,4,10/22/2013
12289,930,HL Mountain Tire,4,10/22/2013
"12291,707,""Sport-100 Helmet, Red"",4,8/1/2013"
"12291,716,""Long-Sleeve Logo Jersey, XL"",3,8/1/2013"
12291,870,Water Bottle - 30 oz.,4,8/1/2013
"12291,874,""Racing Socks, M"",3,4/22/2014"
12292,873,Patch Kit/8 Patches,4,4/9/2014
12292,876,Hitch Rack - 4-Bike,4,8/12/2013
12293,931,LL Road Tire,4,3/13/2014
12293,712,AWC Logo Cap,3,11/1/2013
12293,873,Patch Kit/8 Patches,4,3/13/2014
"12294,883,""Short-Sleeve Classic Jersey, L"",3,10/22/2013"
"12295,711,""Sport-100 Helmet, Blue"",4,2/26/2014"
12295,929,ML Mountain Tire,4,7/15/2013
"12295,714,""Long-Sleeve Logo Jersey, M"",3,1/18/2014"
12295,922,Road Tire Tube,4,2/26/2014
12295,873,Patch Kit/8 Patches,4,7/15/2013
"12295,707,""Sport-100 Helmet, Red"",4,9/28/2013"
12295,921,Mountain Tire Tube,4,7/15/2013
12296,877,Bike Wash - Dissolver,4,6/8/2013
12296,870,Water Bottle - 30 oz.,4,3/27/2014
"12296,708,""Sport-100 Helmet, Black"",4,8/3/2013"
12296,872,Road Bottle Cage,4,3/27/2014
12297,871,Mountain Bottle Cage,4,9/24/2013
"12297,707,""Sport-100 Helmet, Red"",4,10/30/2013"
"12297,714,""Long-Sleeve Logo Jersey, M"",3,9/24/2013"
12297,872,Road Bottle Cage,4,4/11/2014
"12298,708,""Sport-100 Helmet, Black"",4,9/11/2013"
"12298,874,""Racing Socks, M"",3,5/13/2014"
"12298,715,""Long-Sleeve Logo Jersey, L"",3,9/11/2013"
12298,871,Mountain Bottle Cage,4,9/11/2013
12299,930,HL Mountain Tire,4,8/5/2013
12299,878,Fender Set - Mountain,4,8/5/2013
12299,712,AWC Logo Cap,3,4/11/2014
"12300,711,""Sport-100 Helmet, Blue"",4,3/19/2014"
12300,934,Touring Tire,4,3/19/2014
12300,923,Touring Tire Tube,4,3/19/2014
12300,872,Road Bottle Cage,4,8/9/2013
"12301,708,""Sport-100 Helmet, Black"",4,9/6/2013"
12301,922,Road Tire Tube,4,6/9/2013
"12301,860,""Half-Finger Gloves, L"",3,9/6/2013"
12301,933,HL Road Tire,4,6/9/2013
"12301,714,""Long-Sleeve Logo Jersey, M"",3,9/6/2013"
12302,922,Road Tire Tube,4,3/26/2014
"12302,707,""Sport-100 Helmet, Red"",4,3/26/2014"
12302,870,Water Bottle - 30 oz.,4,5/28/2014
"12302,881,""Short-Sleeve Classic Jersey, S"",3,5/28/2014"
12302,872,Road Bottle Cage,4,5/28/2014
12302,712,AWC Logo Cap,3,5/28/2014
"12303,881,""Short-Sleeve Classic Jersey, S"",3,1/18/2014"
12303,712,AWC Logo Cap,3,1/18/2014
"12304,882,""Short-Sleeve Classic Jersey, M"",3,5/30/2014"
12304,931,LL Road Tire,4,2/2/2014
"12304,711,""Sport-100 Helmet, Blue"",4,2/2/2014"
12304,922,Road Tire Tube,4,2/2/2014
"12306,707,""Sport-100 Helmet, Red"",4,11/8/2013"
12307,870,Water Bottle - 30 oz.,4,10/1/2013
"12307,858,""Half-Finger Gloves, S"",3,9/25/2013"
12307,871,Mountain Bottle Cage,4,10/1/2013
"12307,711,""Sport-100 Helmet, Blue"",4,10/1/2013"
"12308,708,""Sport-100 Helmet, Black"",4,10/12/2013"
12308,933,HL Road Tire,4,6/14/2013
"12308,858,""Half-Finger Gloves, S"",3,9/4/2013"
12308,872,Road Bottle Cage,4,9/4/2013
12308,870,Water Bottle - 30 oz.,4,9/4/2013
"12308,860,""Half-Finger Gloves, L"",3,6/14/2013"
"12308,711,""Sport-100 Helmet, Blue"",4,4/21/2014"
12309,931,LL Road Tire,4,8/29/2013
12309,873,Patch Kit/8 Patches,4,8/29/2013
"12309,884,""Short-Sleeve Classic Jersey, XL"",3,10/14/2013"
"12310,708,""Sport-100 Helmet, Black"",4,3/14/2014"
12310,923,Touring Tire Tube,4,3/14/2014
"12310,707,""Sport-100 Helmet, Red"",4,3/24/2014"
12311,872,Road Bottle Cage,4,2/17/2014
"12311,707,""Sport-100 Helmet, Red"",4,5/23/2014"
12311,934,Touring Tire,4,2/17/2014
12311,712,AWC Logo Cap,3,5/23/2014
"12311,859,""Half-Finger Gloves, M"",3,2/17/2014"
"12313,711,""Sport-100 Helmet, Blue"",4,6/17/2014"
"12314,707,""Sport-100 Helmet, Red"",4,3/24/2014"
"12314,711,""Sport-100 Helmet, Blue"",4,5/30/2014"
12315,870,Water Bottle - 30 oz.,4,8/14/2013
12315,871,Mountain Bottle Cage,4,8/14/2013
12316,870,Water Bottle - 30 oz.,4,8/19/2013
12316,871,Mountain Bottle Cage,4,8/19/2013
12317,872,Road Bottle Cage,4,8/4/2013
12317,712,AWC Logo Cap,3,8/4/2013
"12317,707,""Sport-100 Helmet, Red"",4,8/24/2013"
12317,870,Water Bottle - 30 oz.,4,8/24/2013
"12319,715,""Long-Sleeve Logo Jersey, L"",3,9/10/2013"
12319,923,Touring Tire Tube,4,5/5/2014
12320,712,AWC Logo Cap,3,3/28/2014
12320,923,Touring Tire Tube,4,3/28/2014
"12320,711,""Sport-100 Helmet, Blue"",4,1/17/2014"
12321,712,AWC Logo Cap,3,10/8/2013
12321,871,Mountain Bottle Cage,4,10/22/2013
"12321,708,""Sport-100 Helmet, Black"",4,8/1/2013"
12321,872,Road Bottle Cage,4,4/23/2014
12321,870,Water Bottle - 30 oz.,4,4/23/2014
12323,870,Water Bottle - 30 oz.,4,8/18/2013
12323,934,Touring Tire,4,10/14/2013
12323,873,Patch Kit/8 Patches,4,10/15/2013
"12323,711,""Sport-100 Helmet, Blue"",4,8/18/2013"
12323,712,AWC Logo Cap,3,8/18/2013
12324,873,Patch Kit/8 Patches,4,4/16/2014
"12324,715,""Long-Sleeve Logo Jersey, L"",3,4/2/2014"
12324,923,Touring Tire Tube,4,4/16/2014
12325,934,Touring Tire,4,1/5/2014
12325,923,Touring Tire Tube,4,1/5/2014
"12325,708,""Sport-100 Helmet, Black"",4,5/28/2014"
12325,712,AWC Logo Cap,3,1/5/2014
"12326,707,""Sport-100 Helmet, Red"",4,3/1/2014"
12327,712,AWC Logo Cap,3,7/8/2013
"12328,708,""Sport-100 Helmet, Black"",4,8/9/2013"
12328,871,Mountain Bottle Cage,4,8/9/2013
12328,872,Road Bottle Cage,4,8/21/2013
12329,934,Touring Tire,4,10/22/2013
"12329,714,""Long-Sleeve Logo Jersey, M"",3,2/26/2014"
"12329,708,""Sport-100 Helmet, Black"",4,10/22/2013"
12330,872,Road Bottle Cage,4,5/26/2014
12330,870,Water Bottle - 30 oz.,4,3/31/2014
12330,871,Mountain Bottle Cage,4,9/17/2013
12332,871,Mountain Bottle Cage,4,11/24/2013
12332,873,Patch Kit/8 Patches,4,9/10/2013
12332,870,Water Bottle - 30 oz.,4,11/24/2013
"12332,708,""Sport-100 Helmet, Black"",4,10/25/2013"
12333,870,Water Bottle - 30 oz.,4,11/5/2013
"12333,884,""Short-Sleeve Classic Jersey, XL"",3,11/5/2013"
12333,933,HL Road Tire,4,9/16/2013
12333,712,AWC Logo Cap,3,11/5/2013
"12334,715,""Long-Sleeve Logo Jersey, L"",3,6/20/2014"
12334,873,Patch Kit/8 Patches,4,11/13/2013
12334,877,Bike Wash - Dissolver,4,11/13/2013
12334,934,Touring Tire,4,11/13/2013
"12335,713,""Long-Sleeve Logo Jersey, S"",3,8/22/2013"
"12335,860,""Half-Finger Gloves, L"",3,8/22/2013"
12335,870,Water Bottle - 30 oz.,4,8/22/2013
12335,871,Mountain Bottle Cage,4,8/22/2013
12336,934,Touring Tire,4,7/26/2013
12337,871,Mountain Bottle Cage,4,9/8/2013
12337,712,AWC Logo Cap,3,1/8/2014
12338,880,Hydration Pack - 70 oz.,4,1/17/2014
12338,872,Road Bottle Cage,4,1/17/2014
12338,878,Fender Set - Mountain,4,9/25/2013
12338,876,Hitch Rack - 4-Bike,4,9/25/2013
12339,880,Hydration Pack - 70 oz.,4,9/11/2013
12340,870,Water Bottle - 30 oz.,4,9/14/2013
12340,712,AWC Logo Cap,3,9/14/2013
"12341,884,""Short-Sleeve Classic Jersey, XL"",3,2/9/2014"
"12341,859,""Half-Finger Gloves, M"",3,2/9/2014"
12341,934,Touring Tire,4,2/9/2014
"12342,707,""Sport-100 Helmet, Red"",4,2/23/2014"
12342,870,Water Bottle - 30 oz.,4,9/7/2013
12342,871,Mountain Bottle Cage,4,9/7/2013
12344,922,Road Tire Tube,4,10/5/2013
12344,921,Mountain Tire Tube,4,8/14/2013
"12344,859,""Half-Finger Gloves, M"",3,1/13/2014"
12344,928,LL Mountain Tire,4,8/14/2013
12345,922,Road Tire Tube,4,6/14/2014
12345,873,Patch Kit/8 Patches,4,8/31/2013
12345,921,Mountain Tire Tube,4,8/31/2013
"12345,858,""Half-Finger Gloves, S"",3,9/2/2013"
"12346,711,""Sport-100 Helmet, Blue"",4,9/15/2013"
12347,878,Fender Set - Mountain,4,9/4/2013
"12347,881,""Short-Sleeve Classic Jersey, S"",3,9/4/2013"
12348,871,Mountain Bottle Cage,4,9/12/2013
"12348,711,""Sport-100 Helmet, Blue"",4,9/12/2013"
"12348,708,""Sport-100 Helmet, Black"",4,2/12/2014"
12348,870,Water Bottle - 30 oz.,4,2/12/2014
"12349,707,""Sport-100 Helmet, Red"",4,8/31/2013"
12350,873,Patch Kit/8 Patches,4,2/25/2014
12350,870,Water Bottle - 30 oz.,4,2/25/2014
12351,922,Road Tire Tube,4,6/29/2014
12351,921,Mountain Tire Tube,4,11/23/2013
12351,928,LL Mountain Tire,4,11/23/2013
"12351,858,""Half-Finger Gloves, S"",3,5/9/2014"
"12351,875,""Racing Socks, L"",3,6/29/2014"
12352,922,Road Tire Tube,4,2/28/2014
12352,879,All-Purpose Bike Stand,4,4/3/2014
"12352,859,""Half-Finger Gloves, M"",3,4/21/2014"
12352,873,Patch Kit/8 Patches,4,4/3/2014
12353,870,Water Bottle - 30 oz.,4,9/4/2013
"12354,882,""Short-Sleeve Classic Jersey, M"",3,2/2/2014"
12354,871,Mountain Bottle Cage,4,9/28/2013
12355,923,Touring Tire Tube,4,2/17/2014
12355,934,Touring Tire,4,2/17/2014
"12355,874,""Racing Socks, M"",3,8/31/2013"
12356,878,Fender Set - Mountain,4,9/17/2013
12357,921,Mountain Tire Tube,4,3/31/2014
12357,928,LL Mountain Tire,4,3/31/2014
"12357,859,""Half-Finger Gloves, M"",3,6/13/2014"
"12357,707,""Sport-100 Helmet, Red"",4,3/31/2014"
"12358,707,""Sport-100 Helmet, Red"",4,2/4/2014"
"12359,859,""Half-Finger Gloves, M"",3,3/9/2014"
12359,928,LL Mountain Tire,4,2/11/2014
12359,921,Mountain Tire Tube,4,2/11/2014
"12359,707,""Sport-100 Helmet, Red"",4,2/11/2014"
12361,928,LL Mountain Tire,4,4/12/2014
12361,922,Road Tire Tube,4,2/18/2014
12361,879,All-Purpose Bike Stand,4,2/18/2014
"12361,858,""Half-Finger Gloves, S"",3,4/20/2014"
"12362,875,""Racing Socks, L"",3,9/21/2013"
12363,921,Mountain Tire Tube,4,3/3/2014
12363,871,Mountain Bottle Cage,4,8/29/2013
12363,930,HL Mountain Tire,4,3/3/2014
12363,929,ML Mountain Tire,4,2/6/2014
12363,880,Hydration Pack - 70 oz.,4,11/26/2013
"12363,716,""Long-Sleeve Logo Jersey, XL"",3,3/3/2014"
12363,712,AWC Logo Cap,3,3/3/2014
12365,930,HL Mountain Tire,4,11/6/2013
12365,870,Water Bottle - 30 oz.,4,9/1/2013
12365,872,Road Bottle Cage,4,9/1/2013
12366,870,Water Bottle - 30 oz.,4,9/11/2013
12366,921,Mountain Tire Tube,4,4/29/2014
"12366,708,""Sport-100 Helmet, Black"",4,4/29/2014"
12366,930,HL Mountain Tire,4,4/29/2014
"12367,714,""Long-Sleeve Logo Jersey, M"",3,7/13/2013"
"12367,713,""Long-Sleeve Logo Jersey, S"",3,4/12/2014"
12367,922,Road Tire Tube,4,4/12/2014
12367,931,LL Road Tire,4,4/12/2014
12369,878,Fender Set - Mountain,4,5/8/2014
12369,928,LL Mountain Tire,4,5/16/2014
12369,921,Mountain Tire Tube,4,5/16/2014
12369,873,Patch Kit/8 Patches,4,2/25/2014
12370,873,Patch Kit/8 Patches,4,8/26/2013
12370,878,Fender Set - Mountain,4,11/2/2013
12370,928,LL Mountain Tire,4,8/26/2013
12371,921,Mountain Tire Tube,4,4/4/2014
"12371,860,""Half-Finger Gloves, L"",3,4/4/2014"
12371,928,LL Mountain Tire,4,4/27/2014
12371,876,Hitch Rack - 4-Bike,4,12/1/2013
"12372,860,""Half-Finger Gloves, L"",3,8/22/2013"
12372,873,Patch Kit/8 Patches,4,12/19/2013
"12372,711,""Sport-100 Helmet, Blue"",4,8/22/2013"
12372,921,Mountain Tire Tube,4,9/6/2013
12373,871,Mountain Bottle Cage,4,1/17/2014
12373,870,Water Bottle - 30 oz.,4,1/17/2014
"12375,711,""Sport-100 Helmet, Blue"",4,6/13/2014"
12376,922,Road Tire Tube,4,11/4/2013
"12376,714,""Long-Sleeve Logo Jersey, M"",3,10/10/2013"
12380,712,AWC Logo Cap,3,10/19/2013
"12381,708,""Sport-100 Helmet, Black"",4,9/18/2013"
12384,870,Water Bottle - 30 oz.,4,9/10/2013
"12384,858,""Half-Finger Gloves, S"",3,9/10/2013"
"12384,883,""Short-Sleeve Classic Jersey, L"",3,6/27/2013"
12384,880,Hydration Pack - 70 oz.,4,6/27/2013
12386,878,Fender Set - Mountain,4,12/5/2013
12386,712,AWC Logo Cap,3,12/5/2013
12390,931,LL Road Tire,4,10/26/2013
"12390,707,""Sport-100 Helmet, Red"",4,5/31/2013"
12390,870,Water Bottle - 30 oz.,4,5/31/2013
"12392,714,""Long-Sleeve Logo Jersey, M"",3,8/15/2013"
12392,922,Road Tire Tube,4,6/30/2013
"12393,858,""Half-Finger Gloves, S"",3,2/27/2014"
12394,878,Fender Set - Mountain,4,11/4/2013
"12395,707,""Sport-100 Helmet, Red"",4,2/24/2014"
"12397,711,""Sport-100 Helmet, Blue"",4,10/24/2013"
12397,872,Road Bottle Cage,4,10/24/2013
12397,871,Mountain Bottle Cage,4,6/6/2013
12398,931,LL Road Tire,4,2/17/2014
"12398,708,""Sport-100 Helmet, Black"",4,2/17/2014"
12399,870,Water Bottle - 30 oz.,4,1/23/2014
12399,871,Mountain Bottle Cage,4,1/23/2014
"12399,708,""Sport-100 Helmet, Black"",4,1/23/2014"
"12400,884,""Short-Sleeve Classic Jersey, XL"",3,1/9/2014"
12400,870,Water Bottle - 30 oz.,4,1/9/2014
12401,922,Road Tire Tube,4,2/19/2014
12402,878,Fender Set - Mountain,4,10/27/2013
"12402,707,""Sport-100 Helmet, Red"",4,11/2/2013"
12403,880,Hydration Pack - 70 oz.,4,4/22/2014
12403,871,Mountain Bottle Cage,4,4/22/2014
"12404,707,""Sport-100 Helmet, Red"",4,10/25/2013"
"12404,711,""Sport-100 Helmet, Blue"",4,11/3/2013"
12404,712,AWC Logo Cap,3,11/3/2013
12404,871,Mountain Bottle Cage,4,10/25/2013
12405,933,HL Road Tire,4,6/9/2014
12407,930,HL Mountain Tire,4,3/28/2014
12407,921,Mountain Tire Tube,4,3/28/2014
12408,873,Patch Kit/8 Patches,4,3/2/2014
12408,930,HL Mountain Tire,4,3/2/2014
12409,876,Hitch Rack - 4-Bike,4,4/9/2014
12410,930,HL Mountain Tire,4,9/5/2013
12410,921,Mountain Tire Tube,4,9/5/2013
12411,876,Hitch Rack - 4-Bike,4,3/19/2014
12411,930,HL Mountain Tire,4,11/30/2013
12412,930,HL Mountain Tire,4,4/13/2014
12412,876,Hitch Rack - 4-Bike,4,3/27/2014
"12412,708,""Sport-100 Helmet, Black"",4,4/13/2014"
"12412,866,""Classic Vest, L"",3,4/13/2014"
12413,930,HL Mountain Tire,4,1/13/2014
12413,876,Hitch Rack - 4-Bike,4,11/20/2013
12413,873,Patch Kit/8 Patches,4,1/13/2014
12414,873,Patch Kit/8 Patches,4,1/31/2014
12414,876,Hitch Rack - 4-Bike,4,10/27/2013
12415,930,HL Mountain Tire,4,4/24/2014
"12415,707,""Sport-100 Helmet, Red"",4,4/24/2014"
12416,921,Mountain Tire Tube,4,11/29/2013
12417,930,HL Mountain Tire,4,6/7/2014
12417,873,Patch Kit/8 Patches,4,6/7/2014
"12418,715,""Long-Sleeve Logo Jersey, L"",3,4/8/2014"
"12418,858,""Half-Finger Gloves, S"",3,4/8/2014"
12420,930,HL Mountain Tire,4,8/15/2013
12420,921,Mountain Tire Tube,4,8/15/2013
12421,930,HL Mountain Tire,4,8/12/2013
12421,921,Mountain Tire Tube,4,8/12/2013
12424,930,HL Mountain Tire,4,1/25/2014
"12424,860,""Half-Finger Gloves, L"",3,1/25/2014"
12424,921,Mountain Tire Tube,4,1/25/2014
"12425,713,""Long-Sleeve Logo Jersey, S"",3,4/19/2014"
12425,921,Mountain Tire Tube,4,4/19/2014
12426,930,HL Mountain Tire,4,4/7/2014
12426,921,Mountain Tire Tube,4,4/7/2014
"12426,860,""Half-Finger Gloves, L"",3,4/7/2014"
12427,930,HL Mountain Tire,4,11/4/2013
"12428,708,""Sport-100 Helmet, Black"",4,3/28/2014"
12428,930,HL Mountain Tire,4,3/28/2014
"12430,708,""Sport-100 Helmet, Black"",4,10/18/2013"
12430,928,LL Mountain Tire,4,6/12/2014
"12430,711,""Sport-100 Helmet, Blue"",4,12/19/2013"
12430,930,HL Mountain Tire,4,12/19/2013
12430,712,AWC Logo Cap,3,9/20/2013
12430,929,ML Mountain Tire,4,10/18/2013
12430,921,Mountain Tire Tube,4,6/12/2014
12431,880,Hydration Pack - 70 oz.,4,8/21/2013
12431,929,ML Mountain Tire,4,4/9/2014
12431,930,HL Mountain Tire,4,8/21/2013
12431,873,Patch Kit/8 Patches,4,4/9/2014
"12431,869,""Women's Mountain Shorts, L"",3,6/10/2014"
"12432,707,""Sport-100 Helmet, Red"",4,3/28/2014"
12432,930,HL Mountain Tire,4,3/28/2014
12433,930,HL Mountain Tire,4,8/30/2013
"12433,708,""Sport-100 Helmet, Black"",4,8/30/2013"
12434,921,Mountain Tire Tube,4,4/22/2014
"12434,708,""Sport-100 Helmet, Black"",4,4/22/2014"
12436,930,HL Mountain Tire,4,11/16/2013
12436,873,Patch Kit/8 Patches,4,11/16/2013
12437,712,AWC Logo Cap,3,12/18/2013
"12437,883,""Short-Sleeve Classic Jersey, L"",3,12/18/2013"
"12439,708,""Sport-100 Helmet, Black"",4,8/25/2013"
12439,921,Mountain Tire Tube,4,8/25/2013
"12439,716,""Long-Sleeve Logo Jersey, XL"",3,8/25/2013"
12440,930,HL Mountain Tire,4,12/6/2013
12443,878,Fender Set - Mountain,4,6/20/2014
"12444,708,""Sport-100 Helmet, Black"",4,6/27/2014"
"12444,868,""Women's Mountain Shorts, M"",3,8/7/2013"
12444,921,Mountain Tire Tube,4,6/27/2014
12444,928,LL Mountain Tire,4,6/27/2014
"12444,874,""Racing Socks, M"",3,8/7/2013"
12444,930,HL Mountain Tire,4,12/3/2013
"12444,716,""Long-Sleeve Logo Jersey, XL"",3,12/3/2013"
12446,878,Fender Set - Mountain,4,1/25/2014
12447,878,Fender Set - Mountain,4,10/3/2013
12447,871,Mountain Bottle Cage,4,10/3/2013
12448,873,Patch Kit/8 Patches,4,12/31/2013
12448,921,Mountain Tire Tube,4,12/31/2013
12449,878,Fender Set - Mountain,4,11/10/2013
"12450,707,""Sport-100 Helmet, Red"",4,1/18/2014"
12451,880,Hydration Pack - 70 oz.,4,11/20/2013
12451,877,Bike Wash - Dissolver,4,11/20/2013
12452,873,Patch Kit/8 Patches,4,12/31/2013
"12454,707,""Sport-100 Helmet, Red"",4,9/8/2013"
12454,871,Mountain Bottle Cage,4,9/8/2013
12454,878,Fender Set - Mountain,4,9/8/2013
12457,873,Patch Kit/8 Patches,4,9/4/2013
12459,873,Patch Kit/8 Patches,4,11/16/2013
"12460,708,""Sport-100 Helmet, Black"",4,11/8/2013"
"12460,715,""Long-Sleeve Logo Jersey, L"",3,11/19/2013"
12461,871,Mountain Bottle Cage,4,6/28/2013
"12461,708,""Sport-100 Helmet, Black"",4,10/21/2013"
12461,872,Road Bottle Cage,4,10/21/2013
"12462,714,""Long-Sleeve Logo Jersey, M"",3,10/9/2013"
12462,870,Water Bottle - 30 oz.,4,6/9/2013
12462,871,Mountain Bottle Cage,4,6/9/2013
"12462,707,""Sport-100 Helmet, Red"",4,10/9/2013"
"12463,884,""Short-Sleeve Classic Jersey, XL"",3,10/23/2013"
"12463,858,""Half-Finger Gloves, S"",3,10/23/2013"
12463,871,Mountain Bottle Cage,4,10/23/2013
12465,877,Bike Wash - Dissolver,4,8/30/2013
12465,922,Road Tire Tube,4,8/30/2013
12465,931,LL Road Tire,4,8/30/2013
12466,712,AWC Logo Cap,3,8/19/2013
"12467,713,""Long-Sleeve Logo Jersey, S"",3,9/21/2013"
12471,921,Mountain Tire Tube,4,8/16/2013
"12471,708,""Sport-100 Helmet, Black"",4,8/16/2013"
12471,712,AWC Logo Cap,3,8/16/2013
12473,871,Mountain Bottle Cage,4,11/24/2013
12473,870,Water Bottle - 30 oz.,4,11/30/2013
"12473,707,""Sport-100 Helmet, Red"",4,11/30/2013"
12475,878,Fender Set - Mountain,4,1/23/2014
12476,873,Patch Kit/8 Patches,4,3/11/2014
"12476,716,""Long-Sleeve Logo Jersey, XL"",3,3/26/2014"
12484,871,Mountain Bottle Cage,4,1/21/2014
12484,870,Water Bottle - 30 oz.,4,1/21/2014
"12484,707,""Sport-100 Helmet, Red"",4,1/21/2014"
12485,921,Mountain Tire Tube,4,2/23/2014
12485,877,Bike Wash - Dissolver,4,2/23/2014
12485,930,HL Mountain Tire,4,2/23/2014
12486,870,Water Bottle - 30 oz.,4,11/29/2013
12486,871,Mountain Bottle Cage,4,11/29/2013
"12486,858,""Half-Finger Gloves, S"",3,12/6/2013"
"12489,707,""Sport-100 Helmet, Red"",4,6/11/2014"
12489,712,AWC Logo Cap,3,10/25/2013
12489,870,Water Bottle - 30 oz.,4,8/20/2013
"12489,708,""Sport-100 Helmet, Black"",4,9/18/2013"
12489,922,Road Tire Tube,4,9/18/2013
12490,873,Patch Kit/8 Patches,4,10/20/2013
12490,933,HL Road Tire,4,10/20/2013
12490,929,ML Mountain Tire,4,2/3/2014
12490,922,Road Tire Tube,4,10/20/2013
"12490,882,""Short-Sleeve Classic Jersey, M"",3,8/18/2013"
"12490,707,""Sport-100 Helmet, Red"",4,2/3/2014"
"12491,715,""Long-Sleeve Logo Jersey, L"",3,1/2/2014"
12491,933,HL Road Tire,4,1/2/2014
12492,871,Mountain Bottle Cage,4,10/20/2013
"12492,711,""Sport-100 Helmet, Blue"",4,1/5/2014"
"12493,711,""Sport-100 Helmet, Blue"",4,10/15/2013"
"12494,708,""Sport-100 Helmet, Black"",4,3/24/2014"
12494,870,Water Bottle - 30 oz.,4,3/24/2014
12495,871,Mountain Bottle Cage,4,1/18/2014
"12495,708,""Sport-100 Helmet, Black"",4,1/18/2014"
12496,922,Road Tire Tube,4,1/20/2014
12496,933,HL Road Tire,4,1/20/2014
12496,712,AWC Logo Cap,3,1/20/2014
12497,873,Patch Kit/8 Patches,4,12/1/2013
12497,930,HL Mountain Tire,4,12/1/2013
12498,921,Mountain Tire Tube,4,11/29/2013
"12500,708,""Sport-100 Helmet, Black"",4,2/4/2014"
12500,712,AWC Logo Cap,3,2/4/2014
12500,921,Mountain Tire Tube,4,2/4/2014
12501,870,Water Bottle - 30 oz.,4,2/9/2014
"12501,707,""Sport-100 Helmet, Red"",4,2/9/2014"
12502,922,Road Tire Tube,4,7/6/2013
12502,931,LL Road Tire,4,7/6/2013
"12502,707,""Sport-100 Helmet, Red"",4,7/6/2013"
"12503,715,""Long-Sleeve Logo Jersey, L"",3,2/25/2014"
12503,922,Road Tire Tube,4,7/18/2013
12503,712,AWC Logo Cap,3,2/25/2014
"12504,858,""Half-Finger Gloves, S"",3,9/25/2013"
12504,933,HL Road Tire,4,9/25/2013
12505,933,HL Road Tire,4,8/1/2013
"12506,713,""Long-Sleeve Logo Jersey, S"",3,7/14/2013"
"12508,883,""Short-Sleeve Classic Jersey, L"",3,10/31/2013"
"12508,868,""Women's Mountain Shorts, M"",3,10/31/2013"
12509,712,AWC Logo Cap,3,7/24/2013
12509,873,Patch Kit/8 Patches,4,2/1/2014
12509,921,Mountain Tire Tube,4,2/1/2014
12509,933,HL Road Tire,4,1/6/2014
12510,873,Patch Kit/8 Patches,4,2/20/2014
12510,922,Road Tire Tube,4,2/20/2014
"12513,716,""Long-Sleeve Logo Jersey, XL"",3,3/13/2014"
12513,931,LL Road Tire,4,11/17/2013
12513,873,Patch Kit/8 Patches,4,11/17/2013
12513,879,All-Purpose Bike Stand,4,11/17/2013
"12519,714,""Long-Sleeve Logo Jersey, M"",3,6/14/2014"
12520,878,Fender Set - Mountain,4,3/14/2014
"12521,714,""Long-Sleeve Logo Jersey, M"",3,2/24/2014"
12522,871,Mountain Bottle Cage,4,3/13/2014
"12525,715,""Long-Sleeve Logo Jersey, L"",3,10/25/2013"
"12526,707,""Sport-100 Helmet, Red"",4,10/24/2013"
12526,712,AWC Logo Cap,3,3/3/2014
12526,870,Water Bottle - 30 oz.,4,3/3/2014
12526,872,Road Bottle Cage,4,3/3/2014
12527,871,Mountain Bottle Cage,4,5/19/2014
12527,878,Fender Set - Mountain,4,5/19/2014
12528,878,Fender Set - Mountain,4,1/28/2014
"12529,864,""Classic Vest, S"",3,6/21/2014"
12530,870,Water Bottle - 30 oz.,4,9/18/2013
"12530,882,""Short-Sleeve Classic Jersey, M"",3,7/18/2013"
12530,923,Touring Tire Tube,4,11/28/2013
12530,930,HL Mountain Tire,4,5/10/2014
"12530,708,""Sport-100 Helmet, Black"",4,9/18/2013"
12530,929,ML Mountain Tire,4,9/18/2013
12530,934,Touring Tire,4,11/28/2013
"12530,867,""Women's Mountain Shorts, S"",3,7/18/2013"
12532,923,Touring Tire Tube,4,2/26/2014
"12532,708,""Sport-100 Helmet, Black"",4,3/9/2014"
"12532,858,""Half-Finger Gloves, S"",3,3/10/2014"
12532,921,Mountain Tire Tube,4,3/9/2014
"12532,869,""Women's Mountain Shorts, L"",3,3/10/2014"
12532,934,Touring Tire,4,2/26/2014
12532,873,Patch Kit/8 Patches,4,2/26/2014
12533,870,Water Bottle - 30 oz.,4,7/4/2013
12533,930,HL Mountain Tire,4,9/13/2013
12533,872,Road Bottle Cage,4,7/4/2013
12533,879,All-Purpose Bike Stand,4,9/13/2013
"12533,715,""Long-Sleeve Logo Jersey, L"",3,7/4/2013"
12540,931,LL Road Tire,4,8/2/2013
12540,922,Road Tire Tube,4,8/2/2013
12545,922,Road Tire Tube,4,3/31/2014
"12545,714,""Long-Sleeve Logo Jersey, M"",3,12/27/2013"
12545,712,AWC Logo Cap,3,3/31/2014
12545,931,LL Road Tire,4,3/31/2014
12546,870,Water Bottle - 30 oz.,4,2/5/2014
"12546,708,""Sport-100 Helmet, Black"",4,2/5/2014"
12548,712,AWC Logo Cap,3,1/29/2014
12548,871,Mountain Bottle Cage,4,1/29/2014
"12550,716,""Long-Sleeve Logo Jersey, XL"",3,5/11/2014"
12550,873,Patch Kit/8 Patches,4,11/13/2013
12550,931,LL Road Tire,4,11/13/2013
"12550,875,""Racing Socks, L"",3,5/11/2014"
"12551,715,""Long-Sleeve Logo Jersey, L"",3,6/19/2014"
12551,922,Road Tire Tube,4,1/9/2014
"12554,714,""Long-Sleeve Logo Jersey, M"",3,3/20/2014"
12554,712,AWC Logo Cap,3,3/20/2014
"12555,881,""Short-Sleeve Classic Jersey, S"",3,2/3/2014"
12555,870,Water Bottle - 30 oz.,4,2/3/2014
12557,871,Mountain Bottle Cage,4,10/7/2013
12557,870,Water Bottle - 30 oz.,4,10/7/2013
12558,870,Water Bottle - 30 oz.,4,2/2/2014
"12559,711,""Sport-100 Helmet, Blue"",4,1/18/2014"
12559,870,Water Bottle - 30 oz.,4,11/10/2013
12560,870,Water Bottle - 30 oz.,4,11/1/2013
"12560,884,""Short-Sleeve Classic Jersey, XL"",3,11/1/2013"
12560,712,AWC Logo Cap,3,1/17/2014
12561,870,Water Bottle - 30 oz.,4,3/15/2014
12562,712,AWC Logo Cap,3,8/14/2013
12562,871,Mountain Bottle Cage,4,8/14/2013
12562,870,Water Bottle - 30 oz.,4,8/14/2013
"12563,708,""Sport-100 Helmet, Black"",4,12/1/2013"
12563,934,Touring Tire,4,12/1/2013
12563,923,Touring Tire Tube,4,12/1/2013
12564,923,Touring Tire Tube,4,8/7/2013
12564,934,Touring Tire,4,8/7/2013
"12564,860,""Half-Finger Gloves, L"",3,4/18/2014"
12564,873,Patch Kit/8 Patches,4,8/7/2013
"12565,884,""Short-Sleeve Classic Jersey, XL"",3,3/7/2014"
12565,871,Mountain Bottle Cage,4,3/7/2014
12565,870,Water Bottle - 30 oz.,4,3/7/2014
"12566,715,""Long-Sleeve Logo Jersey, L"",3,2/25/2014"
12566,712,AWC Logo Cap,3,2/25/2014
12566,934,Touring Tire,4,10/31/2013
12566,923,Touring Tire Tube,4,10/31/2013
12567,934,Touring Tire,4,3/7/2014
12567,712,AWC Logo Cap,3,7/14/2013
"12568,859,""Half-Finger Gloves, M"",3,8/17/2013"
12568,712,AWC Logo Cap,3,7/16/2013
12568,934,Touring Tire,4,8/17/2013
12569,921,Mountain Tire Tube,4,12/21/2013
12569,930,HL Mountain Tire,4,12/21/2013
12570,921,Mountain Tire Tube,4,1/12/2014
12570,928,LL Mountain Tire,4,1/12/2014
12571,921,Mountain Tire Tube,4,1/4/2014
12574,870,Water Bottle - 30 oz.,4,2/20/2014
12576,880,Hydration Pack - 70 oz.,4,2/19/2014
12582,712,AWC Logo Cap,3,4/4/2014
12582,928,LL Mountain Tire,4,12/31/2013
12585,870,Water Bottle - 30 oz.,4,4/8/2014
12587,928,LL Mountain Tire,4,4/5/2014
"12587,715,""Long-Sleeve Logo Jersey, L"",3,5/27/2014"
"12589,882,""Short-Sleeve Classic Jersey, M"",3,4/10/2014"
"12590,858,""Half-Finger Gloves, S"",3,3/15/2014"
12590,934,Touring Tire,4,3/15/2014
12590,712,AWC Logo Cap,3,3/30/2014
"12591,708,""Sport-100 Helmet, Black"",4,1/5/2014"
12591,871,Mountain Bottle Cage,4,1/5/2014
12592,712,AWC Logo Cap,3,5/9/2014
12592,934,Touring Tire,4,5/9/2014
12593,712,AWC Logo Cap,3,7/21/2013
12593,934,Touring Tire,4,1/29/2014
12594,712,AWC Logo Cap,3,5/18/2014
12595,873,Patch Kit/8 Patches,4,8/8/2013
12595,712,AWC Logo Cap,3,1/4/2014
12596,712,AWC Logo Cap,3,6/12/2014
12596,934,Touring Tire,4,2/24/2014
"12596,711,""Sport-100 Helmet, Blue"",4,2/24/2014"
12597,934,Touring Tire,4,3/2/2014
12597,873,Patch Kit/8 Patches,4,3/2/2014
12597,923,Touring Tire Tube,4,3/2/2014
12597,712,AWC Logo Cap,3,1/4/2014
12598,934,Touring Tire,4,1/4/2014
12598,712,AWC Logo Cap,3,3/5/2014
12599,870,Water Bottle - 30 oz.,4,1/10/2014
"12599,711,""Sport-100 Helmet, Blue"",4,11/1/2013"
12599,872,Road Bottle Cage,4,1/10/2014
12599,871,Mountain Bottle Cage,4,11/1/2013
12600,870,Water Bottle - 30 oz.,4,2/8/2014
"12600,707,""Sport-100 Helmet, Red"",4,2/8/2014"
12601,712,AWC Logo Cap,3,6/16/2014
12601,877,Bike Wash - Dissolver,4,1/29/2014
12601,870,Water Bottle - 30 oz.,4,1/29/2014
12601,872,Road Bottle Cage,4,1/29/2014
12602,923,Touring Tire Tube,4,5/28/2014
12602,712,AWC Logo Cap,3,7/23/2013
12602,873,Patch Kit/8 Patches,4,5/28/2014
12603,934,Touring Tire,4,9/6/2013
"12603,715,""Long-Sleeve Logo Jersey, L"",3,9/6/2013"
12603,923,Touring Tire Tube,4,9/6/2013
12603,712,AWC Logo Cap,3,2/24/2014
12604,712,AWC Logo Cap,3,10/30/2013
12604,871,Mountain Bottle Cage,4,10/30/2013
12606,929,ML Mountain Tire,4,6/27/2014
12606,873,Patch Kit/8 Patches,4,2/3/2014
12606,876,Hitch Rack - 4-Bike,4,6/27/2014
12606,933,HL Road Tire,4,2/3/2014
12606,878,Fender Set - Mountain,4,6/27/2014
12606,922,Road Tire Tube,4,6/3/2014
12606,712,AWC Logo Cap,3,6/3/2014
"12606,715,""Long-Sleeve Logo Jersey, L"",3,6/27/2014"
12607,873,Patch Kit/8 Patches,4,8/9/2013
"12607,711,""Sport-100 Helmet, Blue"",4,2/11/2014"
12607,870,Water Bottle - 30 oz.,4,2/11/2014
12608,878,Fender Set - Mountain,4,11/16/2013
"12608,707,""Sport-100 Helmet, Red"",4,2/25/2014"
12608,872,Road Bottle Cage,4,2/25/2014
"12609,884,""Short-Sleeve Classic Jersey, XL"",3,2/21/2014"
12609,871,Mountain Bottle Cage,4,11/17/2013
12609,870,Water Bottle - 30 oz.,4,2/21/2014
12610,712,AWC Logo Cap,3,2/16/2014
"12610,714,""Long-Sleeve Logo Jersey, M"",3,12/8/2013"
12610,923,Touring Tire Tube,4,12/8/2013
12611,934,Touring Tire,4,5/6/2014
12611,712,AWC Logo Cap,3,12/1/2013
"12611,859,""Half-Finger Gloves, M"",3,5/6/2014"
12612,871,Mountain Bottle Cage,4,11/13/2013
"12612,708,""Sport-100 Helmet, Black"",4,11/13/2013"
"12613,866,""Classic Vest, L"",3,3/10/2014"
12614,871,Mountain Bottle Cage,4,3/23/2014
12615,878,Fender Set - Mountain,4,12/6/2013
12616,870,Water Bottle - 30 oz.,4,10/20/2013
12617,870,Water Bottle - 30 oz.,4,12/18/2013
"12617,860,""Half-Finger Gloves, L"",3,12/18/2013"
12618,871,Mountain Bottle Cage,4,4/16/2014
12618,870,Water Bottle - 30 oz.,4,4/16/2014
12619,880,Hydration Pack - 70 oz.,4,3/10/2014
12619,923,Touring Tire Tube,4,3/10/2014
12620,712,AWC Logo Cap,3,2/26/2014
12620,873,Patch Kit/8 Patches,4,8/15/2013
12620,930,HL Mountain Tire,4,8/15/2013
12621,870,Water Bottle - 30 oz.,4,2/22/2014
"12621,711,""Sport-100 Helmet, Blue"",4,8/5/2013"
"12621,874,""Racing Socks, M"",3,2/22/2014"
12622,871,Mountain Bottle Cage,4,11/2/2013
12622,712,AWC Logo Cap,3,4/3/2014
12623,873,Patch Kit/8 Patches,4,3/7/2014
12623,923,Touring Tire Tube,4,3/7/2014
12623,934,Touring Tire,4,3/7/2014
12625,871,Mountain Bottle Cage,4,2/4/2014
12625,870,Water Bottle - 30 oz.,4,2/4/2014
"12625,708,""Sport-100 Helmet, Black"",4,2/4/2014"
12626,712,AWC Logo Cap,3,4/19/2014
"12626,711,""Sport-100 Helmet, Blue"",4,4/10/2014"
12626,923,Touring Tire Tube,4,4/10/2014
12627,934,Touring Tire,4,11/30/2013
12627,870,Water Bottle - 30 oz.,4,11/30/2013
12627,712,AWC Logo Cap,3,9/21/2013
12627,923,Touring Tire Tube,4,11/30/2013
12628,870,Water Bottle - 30 oz.,4,12/7/2013
"12629,707,""Sport-100 Helmet, Red"",4,4/18/2014"
12629,871,Mountain Bottle Cage,4,4/18/2014
12630,921,Mountain Tire Tube,4,9/26/2013
12630,930,HL Mountain Tire,4,9/26/2013
12631,933,HL Road Tire,4,10/23/2013
12631,873,Patch Kit/8 Patches,4,10/23/2013
12631,871,Mountain Bottle Cage,4,11/7/2013
12631,872,Road Bottle Cage,4,10/15/2013
"12632,707,""Sport-100 Helmet, Red"",4,11/16/2013"
"12633,716,""Long-Sleeve Logo Jersey, XL"",3,3/2/2014"
12633,873,Patch Kit/8 Patches,4,12/15/2013
12633,923,Touring Tire Tube,4,12/15/2013
"12634,708,""Sport-100 Helmet, Black"",4,8/6/2013"
12636,712,AWC Logo Cap,3,12/14/2013
12636,923,Touring Tire Tube,4,10/31/2013
12637,878,Fender Set - Mountain,4,8/31/2013
"12637,711,""Sport-100 Helmet, Blue"",4,9/29/2013"
"12638,859,""Half-Finger Gloves, M"",3,4/4/2014"
12638,712,AWC Logo Cap,3,3/6/2014
12640,871,Mountain Bottle Cage,4,8/30/2013
12640,870,Water Bottle - 30 oz.,4,8/30/2013
"12643,884,""Short-Sleeve Classic Jersey, XL"",3,6/28/2014"
12643,923,Touring Tire Tube,4,6/28/2014
"12643,708,""Sport-100 Helmet, Black"",4,6/28/2014"
12644,870,Water Bottle - 30 oz.,4,9/20/2013
"12644,708,""Sport-100 Helmet, Black"",4,9/20/2013"
"12644,711,""Sport-100 Helmet, Blue"",4,9/17/2013"
"12645,711,""Sport-100 Helmet, Blue"",4,9/2/2013"
12645,930,HL Mountain Tire,4,9/14/2013
12646,712,AWC Logo Cap,3,6/2/2014
12647,871,Mountain Bottle Cage,4,9/20/2013
"12647,711,""Sport-100 Helmet, Blue"",4,9/1/2013"
"12647,714,""Long-Sleeve Logo Jersey, M"",3,9/1/2013"
"12647,859,""Half-Finger Gloves, M"",3,9/20/2013"
"12648,875,""Racing Socks, L"",3,9/13/2013"
12648,923,Touring Tire Tube,4,10/1/2013
12648,934,Touring Tire,4,10/1/2013
"12648,860,""Half-Finger Gloves, L"",3,10/1/2013"
12650,870,Water Bottle - 30 oz.,4,11/12/2013
"12650,707,""Sport-100 Helmet, Red"",4,11/20/2013"
12650,712,AWC Logo Cap,3,11/12/2013
12650,871,Mountain Bottle Cage,4,11/12/2013
12652,712,AWC Logo Cap,3,2/1/2014
12652,934,Touring Tire,4,2/1/2014
12652,923,Touring Tire Tube,4,2/1/2014
"12652,707,""Sport-100 Helmet, Red"",4,2/1/2014"
12653,871,Mountain Bottle Cage,4,9/28/2013
"12653,859,""Half-Finger Gloves, M"",3,9/28/2013"
"12653,860,""Half-Finger Gloves, L"",3,10/28/2013"
12653,870,Water Bottle - 30 oz.,4,10/28/2013
12654,934,Touring Tire,4,11/26/2013
12654,923,Touring Tire Tube,4,11/26/2013
12654,873,Patch Kit/8 Patches,4,11/26/2013
12655,870,Water Bottle - 30 oz.,4,11/17/2013
"12655,713,""Long-Sleeve Logo Jersey, S"",3,11/7/2013"
"12655,711,""Sport-100 Helmet, Blue"",4,11/3/2013"
12655,921,Mountain Tire Tube,4,11/7/2013
12655,872,Road Bottle Cage,4,11/17/2013
"12657,708,""Sport-100 Helmet, Black"",4,5/25/2014"
12657,934,Touring Tire,4,5/25/2014
12657,923,Touring Tire Tube,4,5/25/2014
"12658,711,""Sport-100 Helmet, Blue"",4,10/13/2013"
"12658,708,""Sport-100 Helmet, Black"",4,9/15/2013"
12659,871,Mountain Bottle Cage,4,9/16/2013
12659,880,Hydration Pack - 70 oz.,4,9/16/2013
12660,871,Mountain Bottle Cage,4,5/2/2014
"12661,708,""Sport-100 Helmet, Black"",4,8/31/2013"
12661,871,Mountain Bottle Cage,4,8/31/2013
12662,871,Mountain Bottle Cage,4,5/14/2014
12663,871,Mountain Bottle Cage,4,4/19/2014
"12663,881,""Short-Sleeve Classic Jersey, S"",3,4/19/2014"
"12664,711,""Sport-100 Helmet, Blue"",4,10/12/2013"
12664,934,Touring Tire,4,10/12/2013
12664,712,AWC Logo Cap,3,3/11/2014
12665,873,Patch Kit/8 Patches,4,1/7/2014
"12665,708,""Sport-100 Helmet, Black"",4,2/27/2014"
12665,928,LL Mountain Tire,4,2/27/2014
12666,873,Patch Kit/8 Patches,4,5/31/2014
12666,928,LL Mountain Tire,4,4/8/2014
12667,870,Water Bottle - 30 oz.,4,9/28/2013
12667,871,Mountain Bottle Cage,4,9/28/2013
"12667,711,""Sport-100 Helmet, Blue"",4,2/16/2014"
"12668,883,""Short-Sleeve Classic Jersey, L"",3,2/19/2014"
12669,877,Bike Wash - Dissolver,4,9/8/2013
12670,878,Fender Set - Mountain,4,9/12/2013
"12671,711,""Sport-100 Helmet, Blue"",4,1/29/2014"
12671,870,Water Bottle - 30 oz.,4,1/29/2014
12672,922,Road Tire Tube,4,11/17/2013
"12672,708,""Sport-100 Helmet, Black"",4,11/15/2013"
12672,879,All-Purpose Bike Stand,4,11/17/2013
12673,871,Mountain Bottle Cage,4,9/16/2013
12675,873,Patch Kit/8 Patches,4,9/20/2013
12676,880,Hydration Pack - 70 oz.,4,9/1/2013
12678,922,Road Tire Tube,4,10/27/2013
"12678,859,""Half-Finger Gloves, M"",3,8/25/2013"
"12678,708,""Sport-100 Helmet, Black"",4,8/25/2013"
"12678,884,""Short-Sleeve Classic Jersey, XL"",3,10/27/2013"
12678,928,LL Mountain Tire,4,8/25/2013
12678,921,Mountain Tire Tube,4,8/25/2013
12679,922,Road Tire Tube,4,11/6/2013
12679,879,All-Purpose Bike Stand,4,4/30/2014
12680,872,Road Bottle Cage,4,2/17/2014
12680,712,AWC Logo Cap,3,2/17/2014
"12680,711,""Sport-100 Helmet, Blue"",4,9/4/2013"
12680,930,HL Mountain Tire,4,9/4/2013
"12680,881,""Short-Sleeve Classic Jersey, S"",3,2/17/2014"
12681,878,Fender Set - Mountain,4,10/21/2013
12682,928,LL Mountain Tire,4,11/2/2013
"12682,707,""Sport-100 Helmet, Red"",4,11/2/2013"
12682,921,Mountain Tire Tube,4,11/2/2013
12682,879,All-Purpose Bike Stand,4,4/27/2014
12683,878,Fender Set - Mountain,4,10/22/2013
"12684,711,""Sport-100 Helmet, Blue"",4,3/21/2014"
12684,878,Fender Set - Mountain,4,10/21/2013
12684,870,Water Bottle - 30 oz.,4,3/21/2014
12684,871,Mountain Bottle Cage,4,10/21/2013
12685,878,Fender Set - Mountain,4,10/6/2013
12685,921,Mountain Tire Tube,4,10/6/2013
"12685,883,""Short-Sleeve Classic Jersey, L"",3,3/11/2014"
12685,930,HL Mountain Tire,4,10/6/2013
"12686,883,""Short-Sleeve Classic Jersey, L"",3,3/3/2014"
12688,878,Fender Set - Mountain,4,10/1/2013
12689,870,Water Bottle - 30 oz.,4,10/3/2013
12689,871,Mountain Bottle Cage,4,10/3/2013
"12689,711,""Sport-100 Helmet, Blue"",4,3/1/2014"
12689,878,Fender Set - Mountain,4,10/3/2013
12690,873,Patch Kit/8 Patches,4,6/8/2014
12690,922,Road Tire Tube,4,12/5/2013
12690,879,All-Purpose Bike Stand,4,6/23/2014
12690,928,LL Mountain Tire,4,6/8/2014
12691,879,All-Purpose Bike Stand,4,5/15/2014
12691,928,LL Mountain Tire,4,9/24/2013
"12691,858,""Half-Finger Gloves, S"",3,9/24/2013"
"12691,711,""Sport-100 Helmet, Blue"",4,3/13/2014"
12692,922,Road Tire Tube,4,11/5/2013
12692,879,All-Purpose Bike Stand,4,6/5/2014
12692,873,Patch Kit/8 Patches,4,11/5/2013
12692,928,LL Mountain Tire,4,3/13/2014
"12693,707,""Sport-100 Helmet, Red"",4,3/25/2014"
12694,878,Fender Set - Mountain,4,10/15/2013
12695,922,Road Tire Tube,4,3/3/2014
12695,879,All-Purpose Bike Stand,4,10/10/2013
12695,921,Mountain Tire Tube,4,3/14/2014
"12696,874,""Racing Socks, M"",3,6/18/2014"
12696,922,Road Tire Tube,4,6/18/2014
12696,928,LL Mountain Tire,4,6/6/2014
12696,879,All-Purpose Bike Stand,4,10/12/2013
12697,873,Patch Kit/8 Patches,4,3/27/2014
12697,879,All-Purpose Bike Stand,4,2/7/2014
12697,922,Road Tire Tube,4,3/27/2014
"12697,881,""Short-Sleeve Classic Jersey, S"",3,2/7/2014"
"12697,707,""Sport-100 Helmet, Red"",4,4/17/2014"
12697,928,LL Mountain Tire,4,4/17/2014
12698,923,Touring Tire Tube,4,3/1/2014
12698,934,Touring Tire,4,3/1/2014
12699,880,Hydration Pack - 70 oz.,4,10/18/2013
12699,870,Water Bottle - 30 oz.,4,10/18/2013
12700,870,Water Bottle - 30 oz.,4,10/16/2013
"12700,711,""Sport-100 Helmet, Blue"",4,3/26/2014"
12701,872,Road Bottle Cage,4,3/2/2014
12701,930,HL Mountain Tire,4,10/18/2013
"12701,707,""Sport-100 Helmet, Red"",4,3/2/2014"
"12701,874,""Racing Socks, M"",3,3/2/2014"
"12702,883,""Short-Sleeve Classic Jersey, L"",3,10/21/2013"
12702,923,Touring Tire Tube,4,3/9/2014
12702,871,Mountain Bottle Cage,4,10/21/2013
12702,934,Touring Tire,4,3/9/2014
12703,930,HL Mountain Tire,4,10/15/2013
12703,921,Mountain Tire Tube,4,10/15/2013
12703,712,AWC Logo Cap,3,3/5/2014
"12703,884,""Short-Sleeve Classic Jersey, XL"",3,10/15/2013"
12704,879,All-Purpose Bike Stand,4,3/15/2014
12704,922,Road Tire Tube,4,1/8/2014
"12704,859,""Half-Finger Gloves, M"",3,1/8/2014"
12704,921,Mountain Tire Tube,4,3/12/2014
"12705,874,""Racing Socks, M"",3,3/20/2014"
"12705,711,""Sport-100 Helmet, Blue"",4,10/15/2013"
12705,878,Fender Set - Mountain,4,10/15/2013
12706,878,Fender Set - Mountain,4,10/11/2013
12706,871,Mountain Bottle Cage,4,10/11/2013
12706,872,Road Bottle Cage,4,3/20/2014
"12706,715,""Long-Sleeve Logo Jersey, L"",3,3/20/2014"
12707,871,Mountain Bottle Cage,4,9/13/2013
12707,870,Water Bottle - 30 oz.,4,9/13/2013
12708,872,Road Bottle Cage,4,3/31/2014
"12708,707,""Sport-100 Helmet, Red"",4,7/5/2013"
12708,930,HL Mountain Tire,4,7/5/2013
"12711,711,""Sport-100 Helmet, Blue"",4,4/6/2014"
12712,878,Fender Set - Mountain,4,2/25/2014
12713,871,Mountain Bottle Cage,4,3/27/2014
"12713,707,""Sport-100 Helmet, Red"",4,3/27/2014"
12714,870,Water Bottle - 30 oz.,4,12/19/2013
"12714,708,""Sport-100 Helmet, Black"",4,12/19/2013"
"12715,707,""Sport-100 Helmet, Red"",4,8/12/2013"
12715,873,Patch Kit/8 Patches,4,1/3/2014
12715,928,LL Mountain Tire,4,8/12/2013
12716,871,Mountain Bottle Cage,4,7/15/2013
12716,870,Water Bottle - 30 oz.,4,7/15/2013
12718,871,Mountain Bottle Cage,4,4/14/2014
12718,870,Water Bottle - 30 oz.,4,4/14/2014
"12718,708,""Sport-100 Helmet, Black"",4,4/14/2014"
12719,870,Water Bottle - 30 oz.,4,12/10/2013
"12720,711,""Sport-100 Helmet, Blue"",4,11/12/2013"
12720,870,Water Bottle - 30 oz.,4,11/12/2013
12721,870,Water Bottle - 30 oz.,4,10/4/2013
12722,871,Mountain Bottle Cage,4,9/6/2013
"12722,860,""Half-Finger Gloves, L"",3,9/6/2013"
12723,871,Mountain Bottle Cage,4,7/30/2013
12723,870,Water Bottle - 30 oz.,4,7/30/2013
12724,871,Mountain Bottle Cage,4,7/4/2013
12725,876,Hitch Rack - 4-Bike,4,1/18/2014
12725,873,Patch Kit/8 Patches,4,1/18/2014
"12726,714,""Long-Sleeve Logo Jersey, M"",3,1/3/2014"
"12726,707,""Sport-100 Helmet, Red"",4,1/3/2014"
12726,712,AWC Logo Cap,3,1/3/2014
12727,870,Water Bottle - 30 oz.,4,11/25/2013
12728,923,Touring Tire Tube,4,9/7/2013
12729,923,Touring Tire Tube,4,1/6/2014
12729,934,Touring Tire,4,1/6/2014
12729,873,Patch Kit/8 Patches,4,1/6/2014
12730,872,Road Bottle Cage,4,1/22/2014
12730,877,Bike Wash - Dissolver,4,1/22/2014
12730,712,AWC Logo Cap,3,5/24/2014
12730,923,Touring Tire Tube,4,1/22/2014
12731,880,Hydration Pack - 70 oz.,4,2/16/2014
12732,871,Mountain Bottle Cage,4,1/22/2014
12733,712,AWC Logo Cap,3,2/6/2014
12733,934,Touring Tire,4,9/10/2013
"12734,708,""Sport-100 Helmet, Black"",4,2/22/2014"
12734,871,Mountain Bottle Cage,4,2/22/2014
12736,871,Mountain Bottle Cage,4,3/8/2014
12736,870,Water Bottle - 30 oz.,4,3/8/2014
12737,871,Mountain Bottle Cage,4,9/7/2013
12738,871,Mountain Bottle Cage,4,7/28/2013
12738,878,Fender Set - Mountain,4,7/28/2013
"12738,708,""Sport-100 Helmet, Black"",4,7/28/2013"
12740,934,Touring Tire,4,6/2/2014
"12740,711,""Sport-100 Helmet, Blue"",4,5/26/2014"
12740,871,Mountain Bottle Cage,4,5/26/2014
12740,923,Touring Tire Tube,4,6/2/2014
12741,923,Touring Tire Tube,4,9/10/2013
12742,870,Water Bottle - 30 oz.,4,11/7/2013
12742,930,HL Mountain Tire,4,7/5/2013
"12742,707,""Sport-100 Helmet, Red"",4,7/5/2013"
12742,872,Road Bottle Cage,4,11/7/2013
12742,877,Bike Wash - Dissolver,4,11/7/2013
"12743,708,""Sport-100 Helmet, Black"",4,3/19/2014"
"12744,716,""Long-Sleeve Logo Jersey, XL"",3,1/29/2014"
"12745,708,""Sport-100 Helmet, Black"",4,11/28/2013"
12745,878,Fender Set - Mountain,4,11/28/2013
12746,871,Mountain Bottle Cage,4,12/24/2013
12746,923,Touring Tire Tube,4,4/1/2014
12746,934,Touring Tire,4,4/1/2014
12746,870,Water Bottle - 30 oz.,4,12/24/2013
12747,871,Mountain Bottle Cage,4,3/12/2014
"12748,707,""Sport-100 Helmet, Red"",4,12/30/2013"
12748,871,Mountain Bottle Cage,4,12/30/2013
12749,930,HL Mountain Tire,4,4/5/2014
12749,873,Patch Kit/8 Patches,4,4/5/2014
12750,871,Mountain Bottle Cage,4,8/28/2013
"12750,865,""Classic Vest, M"",3,3/30/2014"
12751,930,HL Mountain Tire,4,5/11/2014
"12751,707,""Sport-100 Helmet, Red"",4,5/11/2014"
12751,712,AWC Logo Cap,3,5/11/2014
"12752,716,""Long-Sleeve Logo Jersey, XL"",3,12/15/2013"
"12752,869,""Women's Mountain Shorts, L"",3,12/15/2013"
12752,873,Patch Kit/8 Patches,4,2/17/2014
12752,929,ML Mountain Tire,4,2/17/2014
12753,921,Mountain Tire Tube,4,8/4/2013
12753,929,ML Mountain Tire,4,8/4/2013
12753,873,Patch Kit/8 Patches,4,8/4/2013
"12753,865,""Classic Vest, M"",3,11/18/2013"
12754,878,Fender Set - Mountain,4,8/21/2013
"12754,881,""Short-Sleeve Classic Jersey, S"",3,3/5/2014"
12754,872,Road Bottle Cage,4,3/5/2014
12755,870,Water Bottle - 30 oz.,4,1/3/2014
"12755,865,""Classic Vest, M"",3,1/3/2014"
12755,871,Mountain Bottle Cage,4,1/3/2014
"12757,715,""Long-Sleeve Logo Jersey, L"",3,9/3/2013"
"12757,711,""Sport-100 Helmet, Blue"",4,9/3/2013"
12758,930,HL Mountain Tire,4,10/26/2013
"12758,711,""Sport-100 Helmet, Blue"",4,10/26/2013"
12760,870,Water Bottle - 30 oz.,4,10/21/2013
"12760,716,""Long-Sleeve Logo Jersey, XL"",3,10/27/2013"
12760,929,ML Mountain Tire,4,10/21/2013
"12760,869,""Women's Mountain Shorts, L"",3,10/27/2013"
12760,930,HL Mountain Tire,4,11/10/2013
12760,873,Patch Kit/8 Patches,4,8/22/2013
12760,878,Fender Set - Mountain,4,11/10/2013
12760,921,Mountain Tire Tube,4,10/21/2013
12761,878,Fender Set - Mountain,4,1/9/2014
12763,871,Mountain Bottle Cage,4,11/3/2013
"12763,707,""Sport-100 Helmet, Red"",4,11/3/2013"
12766,921,Mountain Tire Tube,4,11/5/2013
"12766,707,""Sport-100 Helmet, Red"",4,11/5/2013"
"12768,874,""Racing Socks, M"",3,12/18/2013"
12769,921,Mountain Tire Tube,4,1/9/2014
12769,930,HL Mountain Tire,4,1/9/2014
12770,873,Patch Kit/8 Patches,4,1/17/2014
12770,930,HL Mountain Tire,4,1/17/2014
12772,871,Mountain Bottle Cage,4,1/20/2014
12774,880,Hydration Pack - 70 oz.,4,1/26/2014
12774,871,Mountain Bottle Cage,4,1/26/2014
12776,872,Road Bottle Cage,4,8/26/2013
12776,873,Patch Kit/8 Patches,4,6/23/2014
12776,930,HL Mountain Tire,4,6/23/2014
12776,870,Water Bottle - 30 oz.,4,8/26/2013
12778,871,Mountain Bottle Cage,4,5/22/2014
12778,878,Fender Set - Mountain,4,5/22/2014
12778,870,Water Bottle - 30 oz.,4,5/22/2014
12779,930,HL Mountain Tire,4,1/22/2014
12779,878,Fender Set - Mountain,4,1/22/2014
12780,921,Mountain Tire Tube,4,2/17/2014
12780,930,HL Mountain Tire,4,2/17/2014
12782,712,AWC Logo Cap,3,12/2/2013
"12782,715,""Long-Sleeve Logo Jersey, L"",3,12/2/2013"
12783,878,Fender Set - Mountain,4,12/29/2013
"12783,866,""Classic Vest, L"",3,12/29/2013"
12783,930,HL Mountain Tire,4,12/29/2013
12784,871,Mountain Bottle Cage,4,2/6/2014
12784,878,Fender Set - Mountain,4,2/6/2014
12787,872,Road Bottle Cage,4,10/12/2013
12787,930,HL Mountain Tire,4,2/25/2014
12787,870,Water Bottle - 30 oz.,4,10/12/2013
"12788,708,""Sport-100 Helmet, Black"",4,12/5/2013"
"12789,715,""Long-Sleeve Logo Jersey, L"",3,2/27/2014"
"12789,707,""Sport-100 Helmet, Red"",4,2/27/2014"
12790,873,Patch Kit/8 Patches,4,5/15/2014
12791,877,Bike Wash - Dissolver,4,7/25/2013
12792,880,Hydration Pack - 70 oz.,4,6/8/2014
"12793,707,""Sport-100 Helmet, Red"",4,7/22/2013"
12793,878,Fender Set - Mountain,4,7/22/2013
12795,930,HL Mountain Tire,4,4/15/2014
12795,934,Touring Tire,4,7/6/2013
12795,921,Mountain Tire Tube,4,4/15/2014
12795,929,ML Mountain Tire,4,8/3/2013
12795,873,Patch Kit/8 Patches,4,4/15/2014
12796,878,Fender Set - Mountain,4,9/4/2013
12797,878,Fender Set - Mountain,4,11/23/2013
12798,870,Water Bottle - 30 oz.,4,8/8/2013
12799,923,Touring Tire Tube,4,11/22/2013
12800,923,Touring Tire Tube,4,1/20/2014
"12801,860,""Half-Finger Gloves, L"",3,6/26/2014"
12802,923,Touring Tire Tube,4,6/14/2014
12803,877,Bike Wash - Dissolver,4,6/17/2014
"12803,713,""Long-Sleeve Logo Jersey, S"",3,10/6/2013"
12803,923,Touring Tire Tube,4,6/17/2014
12803,870,Water Bottle - 30 oz.,4,10/6/2013
"12803,707,""Sport-100 Helmet, Red"",4,10/6/2013"
12803,873,Patch Kit/8 Patches,4,6/17/2014
12804,871,Mountain Bottle Cage,4,4/25/2014
"12804,711,""Sport-100 Helmet, Blue"",4,4/25/2014"
12805,872,Road Bottle Cage,4,3/8/2014
12805,870,Water Bottle - 30 oz.,4,3/8/2014
12805,930,HL Mountain Tire,4,8/19/2013
12806,878,Fender Set - Mountain,4,7/3/2013
12807,870,Water Bottle - 30 oz.,4,7/2/2013
12807,871,Mountain Bottle Cage,4,7/2/2013
"12807,858,""Half-Finger Gloves, S"",3,7/2/2013"
"12809,711,""Sport-100 Helmet, Blue"",4,10/7/2013"
12810,873,Patch Kit/8 Patches,4,5/3/2014
12812,871,Mountain Bottle Cage,4,10/16/2013
12812,870,Water Bottle - 30 oz.,4,10/16/2013
12813,871,Mountain Bottle Cage,4,4/25/2014
12813,877,Bike Wash - Dissolver,4,4/25/2014
12814,923,Touring Tire Tube,4,9/28/2013
12815,923,Touring Tire Tube,4,3/28/2014
12816,877,Bike Wash - Dissolver,4,4/16/2014
12816,876,Hitch Rack - 4-Bike,4,4/16/2014
12817,873,Patch Kit/8 Patches,4,4/10/2014
"12818,707,""Sport-100 Helmet, Red"",4,4/29/2014"
12818,933,HL Road Tire,4,4/29/2014
12819,870,Water Bottle - 30 oz.,4,3/31/2014
12819,871,Mountain Bottle Cage,4,3/31/2014
12821,871,Mountain Bottle Cage,4,5/14/2014
12821,870,Water Bottle - 30 oz.,4,5/14/2014
"12821,711,""Sport-100 Helmet, Blue"",4,11/5/2013"
12821,921,Mountain Tire Tube,4,5/14/2014
"12822,884,""Short-Sleeve Classic Jersey, XL"",3,4/28/2014"
12823,933,HL Road Tire,4,5/26/2014
12823,922,Road Tire Tube,4,5/26/2014
12824,922,Road Tire Tube,4,5/12/2014
12824,933,HL Road Tire,4,5/12/2014
12825,870,Water Bottle - 30 oz.,4,4/23/2014
"12825,708,""Sport-100 Helmet, Black"",4,4/23/2014"
12826,878,Fender Set - Mountain,4,4/18/2014
12826,870,Water Bottle - 30 oz.,4,4/18/2014
"12827,707,""Sport-100 Helmet, Red"",4,4/14/2014"
12828,923,Touring Tire Tube,4,8/18/2013
12829,930,HL Mountain Tire,4,4/28/2014
12829,921,Mountain Tire Tube,4,4/28/2014
12830,930,HL Mountain Tire,4,5/29/2014
12830,921,Mountain Tire Tube,4,5/29/2014
12831,923,Touring Tire Tube,4,4/17/2014
12832,923,Touring Tire Tube,4,8/23/2013
12833,870,Water Bottle - 30 oz.,4,4/4/2014
"12835,707,""Sport-100 Helmet, Red"",4,11/2/2013"
12836,934,Touring Tire,4,11/10/2013
12836,871,Mountain Bottle Cage,4,4/28/2014
12836,870,Water Bottle - 30 oz.,4,4/28/2014
12838,878,Fender Set - Mountain,4,8/30/2013
12838,871,Mountain Bottle Cage,4,8/30/2013
12839,871,Mountain Bottle Cage,4,11/9/2013
12839,877,Bike Wash - Dissolver,4,11/9/2013
"12840,707,""Sport-100 Helmet, Red"",4,7/29/2013"
12844,878,Fender Set - Mountain,4,8/25/2013
12845,878,Fender Set - Mountain,4,10/22/2013
12846,871,Mountain Bottle Cage,4,4/20/2014
12846,870,Water Bottle - 30 oz.,4,4/20/2014
12848,928,LL Mountain Tire,4,10/29/2013
"12848,711,""Sport-100 Helmet, Blue"",4,10/29/2013"
12848,921,Mountain Tire Tube,4,10/29/2013
12849,871,Mountain Bottle Cage,4,5/24/2014
12850,871,Mountain Bottle Cage,4,3/31/2014
12851,933,HL Road Tire,4,4/28/2014
"12851,707,""Sport-100 Helmet, Red"",4,4/28/2014"
12852,921,Mountain Tire Tube,4,4/6/2014
12852,873,Patch Kit/8 Patches,4,4/6/2014
12854,871,Mountain Bottle Cage,4,11/5/2013
12854,870,Water Bottle - 30 oz.,4,11/5/2013
12855,871,Mountain Bottle Cage,4,11/11/2013
12855,870,Water Bottle - 30 oz.,4,11/11/2013
"12856,883,""Short-Sleeve Classic Jersey, L"",3,11/13/2013"
12856,871,Mountain Bottle Cage,4,11/13/2013
12857,921,Mountain Tire Tube,4,11/29/2013
12859,712,AWC Logo Cap,3,3/18/2014
12859,878,Fender Set - Mountain,4,11/30/2013
12861,871,Mountain Bottle Cage,4,12/7/2013
12861,870,Water Bottle - 30 oz.,4,12/7/2013
12862,933,HL Road Tire,4,3/8/2014
"12862,715,""Long-Sleeve Logo Jersey, L"",3,3/8/2014"
12863,871,Mountain Bottle Cage,4,5/1/2014
12863,878,Fender Set - Mountain,4,5/1/2014
12863,930,HL Mountain Tire,4,5/1/2014
12863,921,Mountain Tire Tube,4,5/1/2014
12864,871,Mountain Bottle Cage,4,5/16/2014
12864,870,Water Bottle - 30 oz.,4,5/16/2014
"12864,711,""Sport-100 Helmet, Blue"",4,5/16/2014"
12864,923,Touring Tire Tube,4,7/28/2013
12865,934,Touring Tire,4,9/29/2013
12865,923,Touring Tire Tube,4,9/29/2013
"12865,883,""Short-Sleeve Classic Jersey, L"",3,9/5/2013"
12865,873,Patch Kit/8 Patches,4,9/29/2013
12865,871,Mountain Bottle Cage,4,9/5/2013
12870,923,Touring Tire Tube,4,5/15/2014
"12870,711,""Sport-100 Helmet, Blue"",4,5/15/2014"
12871,934,Touring Tire,4,6/23/2014
12871,923,Touring Tire Tube,4,6/23/2014
12871,870,Water Bottle - 30 oz.,4,4/11/2014
12872,712,AWC Logo Cap,3,4/30/2014
12872,923,Touring Tire Tube,4,4/30/2014
"12873,707,""Sport-100 Helmet, Red"",4,3/19/2014"
12874,873,Patch Kit/8 Patches,4,1/13/2014
12875,871,Mountain Bottle Cage,4,5/14/2014
12875,870,Water Bottle - 30 oz.,4,5/14/2014
"12875,874,""Racing Socks, M"",3,5/14/2014"
"12875,711,""Sport-100 Helmet, Blue"",4,5/14/2014"
12876,878,Fender Set - Mountain,4,6/14/2014
12876,870,Water Bottle - 30 oz.,4,6/14/2014
12877,877,Bike Wash - Dissolver,4,11/13/2013
"12878,860,""Half-Finger Gloves, L"",3,7/26/2013"
12879,878,Fender Set - Mountain,4,5/24/2014
12879,871,Mountain Bottle Cage,4,5/24/2014
12880,921,Mountain Tire Tube,4,10/13/2013
12880,929,ML Mountain Tire,4,10/13/2013
12880,930,HL Mountain Tire,4,3/20/2014
12880,934,Touring Tire,4,1/31/2014
"12880,868,""Women's Mountain Shorts, M"",3,1/23/2014"
"12880,859,""Half-Finger Gloves, M"",3,1/23/2014"
"12882,708,""Sport-100 Helmet, Black"",4,2/11/2014"
"12885,707,""Sport-100 Helmet, Red"",4,2/25/2014"
12885,930,HL Mountain Tire,4,2/25/2014
12886,871,Mountain Bottle Cage,4,2/16/2014
"12886,708,""Sport-100 Helmet, Black"",4,2/16/2014"
12888,878,Fender Set - Mountain,4,3/15/2014
"12888,860,""Half-Finger Gloves, L"",3,3/15/2014"
"12890,714,""Long-Sleeve Logo Jersey, M"",3,6/7/2014"
12892,878,Fender Set - Mountain,4,12/16/2013
12892,873,Patch Kit/8 Patches,4,3/4/2014
"12892,867,""Women's Mountain Shorts, S"",3,5/1/2014"
12892,929,ML Mountain Tire,4,12/16/2013
12892,930,HL Mountain Tire,4,3/4/2014
"12892,716,""Long-Sleeve Logo Jersey, XL"",3,12/16/2013"
12892,921,Mountain Tire Tube,4,3/4/2014
12892,876,Hitch Rack - 4-Bike,4,7/17/2013
12892,934,Touring Tire,4,7/17/2013
12893,870,Water Bottle - 30 oz.,4,12/21/2013
12893,872,Road Bottle Cage,4,12/21/2013
12894,930,HL Mountain Tire,4,2/26/2014
12894,870,Water Bottle - 30 oz.,4,12/15/2013
12895,923,Touring Tire Tube,4,5/4/2014
12895,878,Fender Set - Mountain,4,10/31/2013
"12895,711,""Sport-100 Helmet, Blue"",4,5/4/2014"
12895,871,Mountain Bottle Cage,4,10/31/2013
12895,921,Mountain Tire Tube,4,10/31/2013
"12895,867,""Women's Mountain Shorts, S"",3,3/30/2014"
12895,870,Water Bottle - 30 oz.,4,10/31/2013
12895,929,ML Mountain Tire,4,7/19/2013
12895,873,Patch Kit/8 Patches,4,7/19/2013
12895,930,HL Mountain Tire,4,10/31/2013
12895,712,AWC Logo Cap,3,10/31/2013
12896,878,Fender Set - Mountain,4,8/30/2013
12896,877,Bike Wash - Dissolver,4,8/30/2013
12896,870,Water Bottle - 30 oz.,4,8/30/2013
"12897,714,""Long-Sleeve Logo Jersey, M"",3,2/5/2014"
"12897,708,""Sport-100 Helmet, Black"",4,2/5/2014"
"12898,865,""Classic Vest, M"",3,2/10/2014"
12899,878,Fender Set - Mountain,4,5/19/2014
"12899,715,""Long-Sleeve Logo Jersey, L"",3,5/19/2014"
"12901,708,""Sport-100 Helmet, Black"",4,1/31/2014"
12903,930,HL Mountain Tire,4,12/8/2013
12904,871,Mountain Bottle Cage,4,2/1/2014
12904,873,Patch Kit/8 Patches,4,2/1/2014
"12905,713,""Long-Sleeve Logo Jersey, S"",3,1/14/2014"
12907,876,Hitch Rack - 4-Bike,4,8/19/2013
12908,878,Fender Set - Mountain,4,8/6/2013
12909,878,Fender Set - Mountain,4,3/20/2014
"12910,707,""Sport-100 Helmet, Red"",4,3/8/2014"
12911,878,Fender Set - Mountain,4,6/8/2014
12913,873,Patch Kit/8 Patches,4,3/26/2014
12915,871,Mountain Bottle Cage,4,3/12/2014
12915,877,Bike Wash - Dissolver,4,3/12/2014
12916,873,Patch Kit/8 Patches,4,3/22/2014
"12916,713,""Long-Sleeve Logo Jersey, S"",3,2/7/2014"
12916,921,Mountain Tire Tube,4,3/22/2014
12916,934,Touring Tire,4,10/10/2013
12916,923,Touring Tire Tube,4,10/10/2013
"12916,711,""Sport-100 Helmet, Blue"",4,10/10/2013"
12916,929,ML Mountain Tire,4,5/9/2014
12919,921,Mountain Tire Tube,4,3/2/2014
12919,930,HL Mountain Tire,4,3/2/2014
12919,870,Water Bottle - 30 oz.,4,4/9/2014
12919,929,ML Mountain Tire,4,8/14/2013
"12919,708,""Sport-100 Helmet, Black"",4,3/2/2014"
"12919,860,""Half-Finger Gloves, L"",3,8/14/2013"
12919,712,AWC Logo Cap,3,4/9/2014
12920,930,HL Mountain Tire,4,2/10/2014
12920,870,Water Bottle - 30 oz.,4,11/17/2013
12920,872,Road Bottle Cage,4,11/17/2013
"12920,707,""Sport-100 Helmet, Red"",4,11/17/2013"
12921,921,Mountain Tire Tube,4,3/22/2014
12922,878,Fender Set - Mountain,4,3/29/2014
12922,871,Mountain Bottle Cage,4,3/29/2014
"12924,881,""Short-Sleeve Classic Jersey, S"",3,4/3/2014"
12924,878,Fender Set - Mountain,4,4/3/2014
12924,871,Mountain Bottle Cage,4,4/3/2014
12926,878,Fender Set - Mountain,4,9/4/2013
12927,921,Mountain Tire Tube,4,9/27/2013
"12927,708,""Sport-100 Helmet, Black"",4,9/27/2013"
"12927,859,""Half-Finger Gloves, M"",3,9/27/2013"
12927,712,AWC Logo Cap,3,12/23/2013
"12928,875,""Racing Socks, L"",3,1/26/2014"
"12928,860,""Half-Finger Gloves, L"",3,10/22/2013"
12928,929,ML Mountain Tire,4,1/26/2014
12928,930,HL Mountain Tire,4,4/5/2014
"12928,708,""Sport-100 Helmet, Black"",4,4/5/2014"
"12928,869,""Women's Mountain Shorts, L"",3,10/22/2013"
12928,923,Touring Tire Tube,4,8/19/2013
12929,878,Fender Set - Mountain,4,9/27/2013
12930,930,HL Mountain Tire,4,9/22/2013
"12931,708,""Sport-100 Helmet, Black"",4,12/19/2013"
12931,878,Fender Set - Mountain,4,12/19/2013
12931,921,Mountain Tire Tube,4,12/19/2013
12931,930,HL Mountain Tire,4,12/19/2013
12932,921,Mountain Tire Tube,4,9/26/2013
12932,712,AWC Logo Cap,3,3/29/2014
12933,930,HL Mountain Tire,4,11/29/2013
12933,921,Mountain Tire Tube,4,11/29/2013
12933,712,AWC Logo Cap,3,11/29/2013
"12933,715,""Long-Sleeve Logo Jersey, L"",3,11/29/2013"
12934,921,Mountain Tire Tube,4,9/10/2013
"12934,707,""Sport-100 Helmet, Red"",4,9/10/2013"
"12935,875,""Racing Socks, L"",3,9/21/2013"
"12936,881,""Short-Sleeve Classic Jersey, S"",3,3/21/2014"
12936,923,Touring Tire Tube,4,3/22/2014
12936,921,Mountain Tire Tube,4,2/25/2014
"12936,708,""Sport-100 Helmet, Black"",4,3/22/2014"
"12936,869,""Women's Mountain Shorts, L"",3,3/21/2014"
12936,930,HL Mountain Tire,4,2/25/2014
12936,934,Touring Tire,4,3/22/2014
12937,878,Fender Set - Mountain,4,1/4/2014
"12938,858,""Half-Finger Gloves, S"",3,7/22/2013"
12938,878,Fender Set - Mountain,4,7/22/2013
12939,930,HL Mountain Tire,4,2/22/2014
12939,880,Hydration Pack - 70 oz.,4,8/22/2013
12939,929,ML Mountain Tire,4,9/2/2013
"12939,865,""Classic Vest, M"",3,6/29/2014"
12939,712,AWC Logo Cap,3,2/22/2014
12939,877,Bike Wash - Dissolver,4,2/22/2014
12939,870,Water Bottle - 30 oz.,4,6/29/2014
12939,921,Mountain Tire Tube,4,2/22/2014
12940,930,HL Mountain Tire,4,11/12/2013
"12940,860,""Half-Finger Gloves, L"",3,11/12/2013"
12940,712,AWC Logo Cap,3,3/25/2014
"12940,708,""Sport-100 Helmet, Black"",4,11/12/2013"
"12943,708,""Sport-100 Helmet, Black"",4,6/18/2014"
12943,712,AWC Logo Cap,3,9/25/2013
12943,878,Fender Set - Mountain,4,6/18/2014
12943,921,Mountain Tire Tube,4,6/18/2014
12944,712,AWC Logo Cap,3,2/4/2014
"12944,884,""Short-Sleeve Classic Jersey, XL"",3,2/4/2014"
12944,921,Mountain Tire Tube,4,8/26/2013
12944,929,ML Mountain Tire,4,10/25/2013
12944,930,HL Mountain Tire,4,8/26/2013
12944,870,Water Bottle - 30 oz.,4,2/4/2014
12944,873,Patch Kit/8 Patches,4,10/25/2013
12945,934,Touring Tire,4,6/27/2014
"12945,865,""Classic Vest, M"",3,12/20/2013"
12945,871,Mountain Bottle Cage,4,10/17/2013
12945,872,Road Bottle Cage,4,6/27/2014
12945,870,Water Bottle - 30 oz.,4,6/27/2014
12945,921,Mountain Tire Tube,4,12/20/2013
"12945,708,""Sport-100 Helmet, Black"",4,12/20/2013"
12945,929,ML Mountain Tire,4,2/8/2014
"12946,708,""Sport-100 Helmet, Black"",4,2/17/2014"
12946,878,Fender Set - Mountain,4,2/17/2014
12947,878,Fender Set - Mountain,4,3/28/2014
12948,880,Hydration Pack - 70 oz.,4,7/17/2013
"12949,711,""Sport-100 Helmet, Blue"",4,3/6/2014"
12951,878,Fender Set - Mountain,4,8/29/2013
12952,870,Water Bottle - 30 oz.,4,1/13/2014
12952,871,Mountain Bottle Cage,4,1/13/2014
"12953,708,""Sport-100 Helmet, Black"",4,9/18/2013"
"12953,860,""Half-Finger Gloves, L"",3,9/18/2013"
12954,873,Patch Kit/8 Patches,4,10/18/2013
12954,712,AWC Logo Cap,3,11/15/2013
12954,921,Mountain Tire Tube,4,10/18/2013
12955,712,AWC Logo Cap,3,6/15/2014
12955,921,Mountain Tire Tube,4,4/20/2014
12955,930,HL Mountain Tire,4,4/20/2014
"12956,708,""Sport-100 Helmet, Black"",4,11/29/2013"
"12956,859,""Half-Finger Gloves, M"",3,11/29/2013"
12956,930,HL Mountain Tire,4,11/29/2013
12956,921,Mountain Tire Tube,4,11/29/2013
12957,712,AWC Logo Cap,3,5/29/2014
12958,879,All-Purpose Bike Stand,4,4/9/2014
12958,930,HL Mountain Tire,4,4/9/2014
12958,712,AWC Logo Cap,3,2/22/2014
12959,880,Hydration Pack - 70 oz.,4,3/31/2014
12959,712,AWC Logo Cap,3,1/2/2014
"12959,713,""Long-Sleeve Logo Jersey, S"",3,1/2/2014"
12959,871,Mountain Bottle Cage,4,3/31/2014
12959,921,Mountain Tire Tube,4,12/9/2013
12959,870,Water Bottle - 30 oz.,4,3/31/2014
12960,930,HL Mountain Tire,4,9/6/2013
12960,873,Patch Kit/8 Patches,4,9/6/2013
12960,712,AWC Logo Cap,3,10/27/2013
12961,930,HL Mountain Tire,4,6/19/2014
12961,921,Mountain Tire Tube,4,6/19/2014
"12961,707,""Sport-100 Helmet, Red"",4,6/19/2014"
12962,930,HL Mountain Tire,4,4/16/2014
12962,921,Mountain Tire Tube,4,4/16/2014
12962,712,AWC Logo Cap,3,3/27/2014
"12963,860,""Half-Finger Gloves, L"",3,5/29/2014"
12963,921,Mountain Tire Tube,4,5/29/2014
"12963,707,""Sport-100 Helmet, Red"",4,5/29/2014"
12963,712,AWC Logo Cap,3,5/10/2014
12964,870,Water Bottle - 30 oz.,4,4/18/2014
12964,871,Mountain Bottle Cage,4,3/5/2014
12964,930,HL Mountain Tire,4,1/27/2014
12964,929,ML Mountain Tire,4,9/13/2013
12965,878,Fender Set - Mountain,4,7/7/2013
"12966,715,""Long-Sleeve Logo Jersey, L"",3,12/5/2013"
"12966,707,""Sport-100 Helmet, Red"",4,12/5/2013"
12969,873,Patch Kit/8 Patches,4,3/14/2014
"12969,715,""Long-Sleeve Logo Jersey, L"",3,2/1/2014"
12969,921,Mountain Tire Tube,4,3/14/2014
12969,870,Water Bottle - 30 oz.,4,2/1/2014
12969,930,HL Mountain Tire,4,3/14/2014
12969,929,ML Mountain Tire,4,11/1/2013
12969,871,Mountain Bottle Cage,4,2/1/2014
12970,879,All-Purpose Bike Stand,4,3/3/2014
"12970,715,""Long-Sleeve Logo Jersey, L"",3,10/17/2013"
12970,873,Patch Kit/8 Patches,4,3/3/2014
"12970,707,""Sport-100 Helmet, Red"",4,10/17/2013"
12970,871,Mountain Bottle Cage,4,3/24/2014
12970,934,Touring Tire,4,3/3/2014
"12970,881,""Short-Sleeve Classic Jersey, S"",3,3/24/2014"
12970,929,ML Mountain Tire,4,9/30/2013
12970,870,Water Bottle - 30 oz.,4,3/24/2014
12970,921,Mountain Tire Tube,4,9/30/2013
12970,923,Touring Tire Tube,4,3/3/2014
12972,929,ML Mountain Tire,4,4/7/2014
12972,921,Mountain Tire Tube,4,4/7/2014
"12972,858,""Half-Finger Gloves, S"",3,10/21/2013"
12972,871,Mountain Bottle Cage,4,11/8/2013
12972,873,Patch Kit/8 Patches,4,4/7/2014
12972,930,HL Mountain Tire,4,1/18/2014
"12973,711,""Sport-100 Helmet, Blue"",4,3/26/2014"
12973,921,Mountain Tire Tube,4,3/26/2014
12973,712,AWC Logo Cap,3,5/26/2014
12974,878,Fender Set - Mountain,4,6/17/2014
12975,876,Hitch Rack - 4-Bike,4,3/14/2014
12977,878,Fender Set - Mountain,4,8/6/2013
12978,921,Mountain Tire Tube,4,12/5/2013
12978,930,HL Mountain Tire,4,12/5/2013
12978,877,Bike Wash - Dissolver,4,12/5/2013
12979,878,Fender Set - Mountain,4,7/23/2013
12980,878,Fender Set - Mountain,4,9/4/2013
12981,878,Fender Set - Mountain,4,9/25/2013
12982,712,AWC Logo Cap,3,1/30/2014
12982,921,Mountain Tire Tube,4,3/5/2014
"12982,874,""Racing Socks, M"",3,3/5/2014"
12983,878,Fender Set - Mountain,4,8/3/2013
"12983,864,""Classic Vest, S"",3,8/3/2013"
12983,871,Mountain Bottle Cage,4,8/3/2013
12984,871,Mountain Bottle Cage,4,10/23/2013
12984,873,Patch Kit/8 Patches,4,7/6/2013
12984,712,AWC Logo Cap,3,10/23/2013
12984,934,Touring Tire,4,3/31/2014
12984,870,Water Bottle - 30 oz.,4,10/23/2013
12984,923,Touring Tire Tube,4,3/31/2014
12984,921,Mountain Tire Tube,4,8/26/2013
"12984,708,""Sport-100 Helmet, Black"",4,3/31/2014"
12985,930,HL Mountain Tire,4,12/19/2013
12986,921,Mountain Tire Tube,4,8/6/2013
12986,934,Touring Tire,4,12/2/2013
12986,923,Touring Tire Tube,4,12/2/2013
"12986,711,""Sport-100 Helmet, Blue"",4,12/2/2013"
12988,921,Mountain Tire Tube,4,10/18/2013
12988,876,Hitch Rack - 4-Bike,4,10/18/2013
12988,930,HL Mountain Tire,4,10/18/2013
12989,921,Mountain Tire Tube,4,10/6/2013
12989,870,Water Bottle - 30 oz.,4,3/8/2014
12989,930,HL Mountain Tire,4,10/6/2013
12989,872,Road Bottle Cage,4,3/8/2014
12991,712,AWC Logo Cap,3,10/27/2013
12991,870,Water Bottle - 30 oz.,4,10/27/2013
"12991,707,""Sport-100 Helmet, Red"",4,2/17/2014"
"12992,707,""Sport-100 Helmet, Red"",4,1/8/2014"
"12992,713,""Long-Sleeve Logo Jersey, S"",3,1/8/2014"
12992,873,Patch Kit/8 Patches,4,12/17/2013
12992,923,Touring Tire Tube,4,8/23/2013
12992,928,LL Mountain Tire,4,1/8/2014
"12993,707,""Sport-100 Helmet, Red"",4,9/5/2013"
12993,873,Patch Kit/8 Patches,4,10/11/2013
12993,928,LL Mountain Tire,4,10/11/2013
12993,921,Mountain Tire Tube,4,9/5/2013
12994,880,Hydration Pack - 70 oz.,4,10/24/2013
12994,870,Water Bottle - 30 oz.,4,10/24/2013
"12994,711,""Sport-100 Helmet, Blue"",4,3/10/2014"
"12995,711,""Sport-100 Helmet, Blue"",4,3/28/2014"
"12995,859,""Half-Finger Gloves, M"",3,3/28/2014"
12995,880,Hydration Pack - 70 oz.,4,10/12/2013
12997,877,Bike Wash - Dissolver,4,4/10/2014
12997,921,Mountain Tire Tube,4,12/5/2013
12997,934,Touring Tire,4,4/10/2014
12997,712,AWC Logo Cap,3,4/10/2014
"12997,711,""Sport-100 Helmet, Blue"",4,12/5/2013"
12997,928,LL Mountain Tire,4,4/10/2014
"12998,711,""Sport-100 Helmet, Blue"",4,10/22/2013"
"12998,881,""Short-Sleeve Classic Jersey, S"",3,2/5/2014"
12999,880,Hydration Pack - 70 oz.,4,10/21/2013
13000,870,Water Bottle - 30 oz.,4,3/25/2014
"13000,707,""Sport-100 Helmet, Red"",4,3/25/2014"
13001,930,HL Mountain Tire,4,10/6/2013
13001,873,Patch Kit/8 Patches,4,10/6/2013
13001,934,Touring Tire,4,3/11/2014
"13002,708,""Sport-100 Helmet, Black"",4,4/22/2014"
13002,928,LL Mountain Tire,4,3/25/2014
13002,879,All-Purpose Bike Stand,4,7/28/2013
13002,712,AWC Logo Cap,3,4/22/2014
13003,921,Mountain Tire Tube,4,10/8/2013
13003,922,Road Tire Tube,4,8/11/2013
13003,928,LL Mountain Tire,4,10/8/2013
"13003,711,""Sport-100 Helmet, Blue"",4,10/8/2013"
13004,928,LL Mountain Tire,4,11/22/2013
13004,879,All-Purpose Bike Stand,4,1/6/2014
13004,873,Patch Kit/8 Patches,4,2/6/2014
13005,921,Mountain Tire Tube,4,1/15/2014
13005,928,LL Mountain Tire,4,1/15/2014
13005,922,Road Tire Tube,4,6/25/2014
13005,879,All-Purpose Bike Stand,4,6/25/2014
13007,880,Hydration Pack - 70 oz.,4,3/22/2014
13008,873,Patch Kit/8 Patches,4,3/11/2014
13008,878,Fender Set - Mountain,4,5/19/2014
"13008,711,""Sport-100 Helmet, Blue"",4,5/19/2014"
13008,923,Touring Tire Tube,4,3/11/2014
13008,928,LL Mountain Tire,4,1/17/2014
"13009,708,""Sport-100 Helmet, Black"",4,3/2/2014"
13009,877,Bike Wash - Dissolver,4,5/23/2014
13009,923,Touring Tire Tube,4,2/17/2014
"13009,707,""Sport-100 Helmet, Red"",4,2/17/2014"
13009,873,Patch Kit/8 Patches,4,5/23/2014
13009,928,LL Mountain Tire,4,5/23/2014
13009,934,Touring Tire,4,2/17/2014
13010,873,Patch Kit/8 Patches,4,3/14/2014
13010,930,HL Mountain Tire,4,3/14/2014
"13010,884,""Short-Sleeve Classic Jersey, XL"",3,11/4/2013"
13010,712,AWC Logo Cap,3,11/4/2013
"13011,707,""Sport-100 Helmet, Red"",4,3/7/2014"
13011,878,Fender Set - Mountain,4,10/18/2013
13011,934,Touring Tire,4,3/7/2014
13012,930,HL Mountain Tire,4,10/4/2013
13012,872,Road Bottle Cage,4,3/20/2014
"13012,884,""Short-Sleeve Classic Jersey, XL"",3,3/20/2014"
13012,921,Mountain Tire Tube,4,10/4/2013
13013,934,Touring Tire,4,4/5/2014
13013,921,Mountain Tire Tube,4,2/27/2014
13013,876,Hitch Rack - 4-Bike,4,2/27/2014
13013,873,Patch Kit/8 Patches,4,4/5/2014
13013,923,Touring Tire Tube,4,4/5/2014
13014,921,Mountain Tire Tube,4,10/6/2013
13014,876,Hitch Rack - 4-Bike,4,6/12/2014
"13014,708,""Sport-100 Helmet, Black"",4,10/6/2013"
13015,930,HL Mountain Tire,4,6/30/2013
13016,921,Mountain Tire Tube,4,9/24/2013
"13016,708,""Sport-100 Helmet, Black"",4,9/24/2013"
13017,930,HL Mountain Tire,4,1/19/2014
13017,921,Mountain Tire Tube,4,1/19/2014
13018,878,Fender Set - Mountain,4,4/16/2014
13019,878,Fender Set - Mountain,4,3/19/2014
13019,870,Water Bottle - 30 oz.,4,3/19/2014
"13019,707,""Sport-100 Helmet, Red"",4,3/19/2014"
13021,878,Fender Set - Mountain,4,5/8/2014
13022,878,Fender Set - Mountain,4,5/11/2014
13023,921,Mountain Tire Tube,4,6/1/2014
"13023,713,""Long-Sleeve Logo Jersey, S"",3,2/7/2014"
"13023,875,""Racing Socks, L"",3,2/7/2014"
13024,878,Fender Set - Mountain,4,5/3/2014
"13026,884,""Short-Sleeve Classic Jersey, XL"",3,11/27/2013"
13026,878,Fender Set - Mountain,4,11/27/2013
"13026,715,""Long-Sleeve Logo Jersey, L"",3,5/8/2014"
13026,921,Mountain Tire Tube,4,11/27/2013
13027,873,Patch Kit/8 Patches,4,1/11/2014
13028,921,Mountain Tire Tube,4,5/24/2014
13028,930,HL Mountain Tire,4,5/24/2014
13030,880,Hydration Pack - 70 oz.,4,2/9/2014
13033,878,Fender Set - Mountain,4,6/19/2014
13033,870,Water Bottle - 30 oz.,4,6/19/2014
13033,871,Mountain Bottle Cage,4,6/19/2014
"13034,711,""Sport-100 Helmet, Blue"",4,2/9/2014"
13034,928,LL Mountain Tire,4,11/7/2013
"13034,859,""Half-Finger Gloves, M"",3,2/9/2014"
13034,873,Patch Kit/8 Patches,4,11/7/2013
13035,870,Water Bottle - 30 oz.,4,5/3/2014
13035,712,AWC Logo Cap,3,5/3/2014
13036,712,AWC Logo Cap,3,5/6/2014
"13037,708,""Sport-100 Helmet, Black"",4,9/28/2013"
"13040,707,""Sport-100 Helmet, Red"",4,4/22/2014"
"13040,711,""Sport-100 Helmet, Blue"",4,6/19/2014"
"13041,707,""Sport-100 Helmet, Red"",4,11/19/2013"
13041,928,LL Mountain Tire,4,11/19/2013
13041,921,Mountain Tire Tube,4,11/19/2013
"13041,708,""Sport-100 Helmet, Black"",4,9/4/2013"
"13042,860,""Half-Finger Gloves, L"",3,3/24/2014"
"13042,708,""Sport-100 Helmet, Black"",4,3/24/2014"
"13043,708,""Sport-100 Helmet, Black"",4,2/21/2014"
13043,878,Fender Set - Mountain,4,2/21/2014
13043,921,Mountain Tire Tube,4,2/21/2014
13043,928,LL Mountain Tire,4,2/21/2014
13044,928,LL Mountain Tire,4,12/24/2013
13045,873,Patch Kit/8 Patches,4,12/17/2013
"13045,711,""Sport-100 Helmet, Blue"",4,9/10/2013"
13046,921,Mountain Tire Tube,4,8/19/2013
"13046,708,""Sport-100 Helmet, Black"",4,12/2/2013"
"13047,881,""Short-Sleeve Classic Jersey, S"",3,1/25/2014"
13047,923,Touring Tire Tube,4,2/13/2014
13047,921,Mountain Tire Tube,4,2/19/2014
13047,934,Touring Tire,4,2/13/2014
"13047,884,""Short-Sleeve Classic Jersey, XL"",3,2/13/2014"
13048,923,Touring Tire Tube,4,10/28/2013
13048,712,AWC Logo Cap,3,4/8/2014
13048,928,LL Mountain Tire,4,11/13/2013
13048,934,Touring Tire,4,10/28/2013
"13048,716,""Long-Sleeve Logo Jersey, XL"",3,10/28/2013"
13049,872,Road Bottle Cage,4,11/7/2013
13049,878,Fender Set - Mountain,4,4/6/2014
"13050,707,""Sport-100 Helmet, Red"",4,12/2/2013"
13051,930,HL Mountain Tire,4,10/25/2013
13051,872,Road Bottle Cage,4,3/27/2014
13051,873,Patch Kit/8 Patches,4,10/25/2013
13051,870,Water Bottle - 30 oz.,4,3/27/2014
"13052,874,""Racing Socks, M"",3,10/5/2013"
13053,880,Hydration Pack - 70 oz.,4,8/7/2013
"13054,881,""Short-Sleeve Classic Jersey, S"",3,5/14/2014"
"13055,882,""Short-Sleeve Classic Jersey, M"",3,2/6/2014"
13055,712,AWC Logo Cap,3,2/6/2014
13056,712,AWC Logo Cap,3,3/13/2014
"13057,867,""Women's Mountain Shorts, S"",3,4/7/2014"
13057,712,AWC Logo Cap,3,4/7/2014
13058,870,Water Bottle - 30 oz.,4,6/22/2013
13058,871,Mountain Bottle Cage,4,6/22/2013
"13059,859,""Half-Finger Gloves, M"",3,6/1/2013"
"13059,708,""Sport-100 Helmet, Black"",4,6/1/2013"
13060,870,Water Bottle - 30 oz.,4,7/11/2013
"13060,860,""Half-Finger Gloves, L"",3,7/11/2013"
13060,878,Fender Set - Mountain,4,7/11/2013
"13061,860,""Half-Finger Gloves, L"",3,2/6/2014"
13062,870,Water Bottle - 30 oz.,4,3/23/2014
13062,712,AWC Logo Cap,3,3/23/2014
13064,877,Bike Wash - Dissolver,4,3/2/2014
13064,880,Hydration Pack - 70 oz.,4,3/2/2014
13064,871,Mountain Bottle Cage,4,3/2/2014
13066,871,Mountain Bottle Cage,4,8/18/2013
13066,870,Water Bottle - 30 oz.,4,8/18/2013
13067,878,Fender Set - Mountain,4,9/29/2013
13068,870,Water Bottle - 30 oz.,4,9/6/2013
13068,871,Mountain Bottle Cage,4,9/6/2013
"13070,708,""Sport-100 Helmet, Black"",4,8/18/2013"
"13071,708,""Sport-100 Helmet, Black"",4,6/2/2014"
13071,934,Touring Tire,4,10/28/2013
13071,870,Water Bottle - 30 oz.,4,6/2/2014
13071,930,HL Mountain Tire,4,12/4/2013
13072,930,HL Mountain Tire,4,6/9/2014
13074,878,Fender Set - Mountain,4,10/2/2013
13075,934,Touring Tire,4,3/20/2014
13075,923,Touring Tire Tube,4,3/20/2014
"13075,858,""Half-Finger Gloves, S"",3,3/20/2014"
13076,880,Hydration Pack - 70 oz.,4,10/19/2013
13077,870,Water Bottle - 30 oz.,4,4/12/2014
13077,872,Road Bottle Cage,4,4/12/2014
13078,930,HL Mountain Tire,4,10/17/2013
13078,921,Mountain Tire Tube,4,10/17/2013
13079,872,Road Bottle Cage,4,4/3/2014
13079,871,Mountain Bottle Cage,4,10/25/2013
13080,930,HL Mountain Tire,4,10/8/2013
13080,872,Road Bottle Cage,4,4/4/2014
13080,870,Water Bottle - 30 oz.,4,4/4/2014
13080,921,Mountain Tire Tube,4,10/8/2013
13081,930,HL Mountain Tire,4,10/25/2013
13082,880,Hydration Pack - 70 oz.,4,10/19/2013
13082,870,Water Bottle - 30 oz.,4,4/13/2014
13082,877,Bike Wash - Dissolver,4,10/19/2013
13082,872,Road Bottle Cage,4,4/13/2014
13083,878,Fender Set - Mountain,4,9/24/2013
13084,712,AWC Logo Cap,3,11/9/2013
"13084,707,""Sport-100 Helmet, Red"",4,11/9/2013"
"13085,860,""Half-Finger Gloves, L"",3,11/9/2013"
13085,878,Fender Set - Mountain,4,11/9/2013
13086,873,Patch Kit/8 Patches,4,3/1/2014
13086,921,Mountain Tire Tube,4,3/1/2014
13087,921,Mountain Tire Tube,4,3/24/2014
13089,870,Water Bottle - 30 oz.,4,11/12/2013
13089,871,Mountain Bottle Cage,4,11/12/2013
13090,878,Fender Set - Mountain,4,11/19/2013
13090,873,Patch Kit/8 Patches,4,11/19/2013
"13091,707,""Sport-100 Helmet, Red"",4,4/3/2014"
"13091,859,""Half-Finger Gloves, M"",3,4/3/2014"
13092,878,Fender Set - Mountain,4,4/26/2014
13092,930,HL Mountain Tire,4,4/26/2014
"13092,716,""Long-Sleeve Logo Jersey, XL"",3,4/26/2014"
13092,876,Hitch Rack - 4-Bike,4,7/29/2013
13093,921,Mountain Tire Tube,4,9/23/2013
13094,878,Fender Set - Mountain,4,6/11/2014
13095,934,Touring Tire,4,3/26/2014
13095,871,Mountain Bottle Cage,4,4/6/2014
"13095,711,""Sport-100 Helmet, Blue"",4,5/24/2014"
"13095,707,""Sport-100 Helmet, Red"",4,4/6/2014"
"13095,715,""Long-Sleeve Logo Jersey, L"",3,4/6/2014"
13095,930,HL Mountain Tire,4,5/24/2014
13095,921,Mountain Tire Tube,4,5/24/2014
13095,923,Touring Tire Tube,4,3/26/2014
13096,871,Mountain Bottle Cage,4,4/23/2014
13096,712,AWC Logo Cap,3,4/12/2014
"13096,864,""Classic Vest, S"",3,4/23/2014"
13096,934,Touring Tire,4,3/17/2014
13096,878,Fender Set - Mountain,4,4/23/2014
13096,923,Touring Tire Tube,4,3/17/2014
13096,870,Water Bottle - 30 oz.,4,4/23/2014
13096,930,HL Mountain Tire,4,4/23/2014
13098,878,Fender Set - Mountain,4,10/8/2013
13099,878,Fender Set - Mountain,4,3/16/2014
13099,930,HL Mountain Tire,4,3/16/2014
13099,876,Hitch Rack - 4-Bike,4,10/3/2013
"13099,707,""Sport-100 Helmet, Red"",4,3/16/2014"
"13100,711,""Sport-100 Helmet, Blue"",4,9/17/2013"
13101,878,Fender Set - Mountain,4,9/3/2013
13102,871,Mountain Bottle Cage,4,9/8/2013
13102,878,Fender Set - Mountain,4,9/8/2013
13102,870,Water Bottle - 30 oz.,4,9/8/2013
13103,870,Water Bottle - 30 oz.,4,4/25/2014
"13103,882,""Short-Sleeve Classic Jersey, M"",3,11/8/2013"
"13103,858,""Half-Finger Gloves, S"",3,11/8/2013"
13103,872,Road Bottle Cage,4,4/25/2014
"13104,711,""Sport-100 Helmet, Blue"",4,4/27/2014"
13104,930,HL Mountain Tire,4,11/17/2013
"13104,707,""Sport-100 Helmet, Red"",4,11/17/2013"
13104,921,Mountain Tire Tube,4,11/17/2013
13105,872,Road Bottle Cage,4,2/11/2014
13105,877,Bike Wash - Dissolver,4,2/11/2014
13105,870,Water Bottle - 30 oz.,4,2/11/2014
13106,923,Touring Tire Tube,4,2/12/2014
13106,873,Patch Kit/8 Patches,4,2/12/2014
13106,880,Hydration Pack - 70 oz.,4,4/15/2014
"13107,707,""Sport-100 Helmet, Red"",4,4/23/2014"
"13107,711,""Sport-100 Helmet, Blue"",4,3/2/2014"
13108,877,Bike Wash - Dissolver,4,5/16/2014
"13108,858,""Half-Finger Gloves, S"",3,3/20/2014"
13108,871,Mountain Bottle Cage,4,5/16/2014
"13108,711,""Sport-100 Helmet, Blue"",4,3/20/2014"
13109,934,Touring Tire,4,3/14/2014
13109,880,Hydration Pack - 70 oz.,4,5/11/2014
13109,923,Touring Tire Tube,4,3/14/2014
13111,871,Mountain Bottle Cage,4,5/8/2014
13111,878,Fender Set - Mountain,4,5/8/2014
"13111,708,""Sport-100 Helmet, Black"",4,4/4/2014"
13111,870,Water Bottle - 30 oz.,4,5/8/2014
13112,921,Mountain Tire Tube,4,5/14/2014
13112,930,HL Mountain Tire,4,5/14/2014
"13112,858,""Half-Finger Gloves, S"",3,5/14/2014"
"13112,860,""Half-Finger Gloves, L"",3,4/18/2014"
13113,930,HL Mountain Tire,4,12/30/2013
13113,921,Mountain Tire Tube,4,12/30/2013
13113,872,Road Bottle Cage,4,4/6/2014
13114,878,Fender Set - Mountain,4,12/23/2013
13115,873,Patch Kit/8 Patches,4,12/15/2013
13115,872,Road Bottle Cage,4,4/6/2014
13115,870,Water Bottle - 30 oz.,4,4/6/2014
13116,921,Mountain Tire Tube,4,8/14/2013
13116,879,All-Purpose Bike Stand,4,4/21/2014
13116,928,LL Mountain Tire,4,8/14/2013
13116,873,Patch Kit/8 Patches,4,8/14/2013
13117,878,Fender Set - Mountain,4,12/5/2013
13117,873,Patch Kit/8 Patches,4,12/5/2013
13118,878,Fender Set - Mountain,4,5/25/2014
"13118,708,""Sport-100 Helmet, Black"",4,5/19/2014"
"13119,707,""Sport-100 Helmet, Red"",4,12/20/2013"
13119,712,AWC Logo Cap,3,4/26/2014
"13120,708,""Sport-100 Helmet, Black"",4,5/6/2014"
"13120,883,""Short-Sleeve Classic Jersey, L"",3,5/6/2014"
"13120,858,""Half-Finger Gloves, S"",3,7/16/2013"
13120,928,LL Mountain Tire,4,7/16/2013
13120,877,Bike Wash - Dissolver,4,5/28/2014
13121,880,Hydration Pack - 70 oz.,4,9/6/2013
13121,922,Road Tire Tube,4,12/18/2013
13121,928,LL Mountain Tire,4,2/6/2014
13121,873,Patch Kit/8 Patches,4,2/6/2014
"13122,707,""Sport-100 Helmet, Red"",4,4/29/2014"
13122,712,AWC Logo Cap,3,12/2/2013
13122,878,Fender Set - Mountain,4,12/2/2013
"13123,708,""Sport-100 Helmet, Black"",4,3/31/2014"
13124,880,Hydration Pack - 70 oz.,4,4/11/2014
13124,877,Bike Wash - Dissolver,4,4/11/2014
13124,922,Road Tire Tube,4,6/4/2014
13125,880,Hydration Pack - 70 oz.,4,10/19/2013
13125,928,LL Mountain Tire,4,5/22/2014
13125,873,Patch Kit/8 Patches,4,5/22/2014
"13125,714,""Long-Sleeve Logo Jersey, M"",3,10/19/2013"
13126,872,Road Bottle Cage,4,4/25/2014
13126,877,Bike Wash - Dissolver,4,4/25/2014
"13126,707,""Sport-100 Helmet, Red"",4,12/30/2013"
13127,928,LL Mountain Tire,4,2/16/2014
13127,873,Patch Kit/8 Patches,4,11/19/2013
13127,922,Road Tire Tube,4,11/19/2013
"13128,884,""Short-Sleeve Classic Jersey, XL"",3,4/1/2014"
13129,930,HL Mountain Tire,4,12/13/2013
"13130,875,""Racing Socks, L"",3,4/21/2014"
"13132,864,""Classic Vest, S"",3,4/11/2014"
"13132,707,""Sport-100 Helmet, Red"",4,12/8/2013"
13132,870,Water Bottle - 30 oz.,4,4/11/2014
13132,872,Road Bottle Cage,4,4/11/2014
13133,871,Mountain Bottle Cage,4,12/27/2013
"13133,711,""Sport-100 Helmet, Blue"",4,12/27/2013"
"13133,707,""Sport-100 Helmet, Red"",4,3/31/2014"
"13134,708,""Sport-100 Helmet, Black"",4,5/10/2014"
"13135,708,""Sport-100 Helmet, Black"",4,4/19/2014"
"13136,707,""Sport-100 Helmet, Red"",4,3/10/2014"
13136,873,Patch Kit/8 Patches,4,11/22/2013
"13137,708,""Sport-100 Helmet, Black"",4,11/19/2013"
13137,928,LL Mountain Tire,4,11/19/2013
13137,880,Hydration Pack - 70 oz.,4,10/6/2013
13137,922,Road Tire Tube,4,8/26/2013
13138,922,Road Tire Tube,4,7/5/2013
13138,928,LL Mountain Tire,4,12/29/2013
13139,921,Mountain Tire Tube,4,12/23/2013
13139,880,Hydration Pack - 70 oz.,4,12/23/2013
"13139,874,""Racing Socks, M"",3,4/23/2014"
13140,871,Mountain Bottle Cage,4,6/22/2014
13140,879,All-Purpose Bike Stand,4,6/22/2014
13140,921,Mountain Tire Tube,4,6/22/2014
13140,873,Patch Kit/8 Patches,4,6/22/2014
13140,872,Road Bottle Cage,4,6/14/2014
"13140,867,""Women's Mountain Shorts, S"",3,12/23/2013"
13140,928,LL Mountain Tire,4,6/22/2014
13141,928,LL Mountain Tire,4,4/21/2014
13141,870,Water Bottle - 30 oz.,4,4/27/2014
13141,876,Hitch Rack - 4-Bike,4,4/27/2014
"13141,869,""Women's Mountain Shorts, L"",3,3/17/2014"
13141,873,Patch Kit/8 Patches,4,4/21/2014
"13143,713,""Long-Sleeve Logo Jersey, S"",3,1/2/2014"
13144,870,Water Bottle - 30 oz.,4,8/6/2013
13144,929,ML Mountain Tire,4,12/3/2013
13144,930,HL Mountain Tire,4,2/6/2014
13144,873,Patch Kit/8 Patches,4,2/6/2014
13144,877,Bike Wash - Dissolver,4,2/6/2014
"13144,711,""Sport-100 Helmet, Blue"",4,9/20/2013"
13144,934,Touring Tire,4,9/20/2013
13144,923,Touring Tire Tube,4,9/20/2013
13145,921,Mountain Tire Tube,4,4/6/2014
13145,930,HL Mountain Tire,4,4/6/2014
13146,878,Fender Set - Mountain,4,10/18/2013
13147,930,HL Mountain Tire,4,11/6/2013
"13147,708,""Sport-100 Helmet, Black"",4,11/6/2013"
13148,877,Bike Wash - Dissolver,4,8/18/2013
13149,921,Mountain Tire Tube,4,4/30/2014
"13149,708,""Sport-100 Helmet, Black"",4,9/7/2013"
13150,921,Mountain Tire Tube,4,1/5/2014
"13150,708,""Sport-100 Helmet, Black"",4,12/2/2013"
13150,873,Patch Kit/8 Patches,4,1/5/2014
13150,928,LL Mountain Tire,4,1/5/2014
13151,870,Water Bottle - 30 oz.,4,5/6/2014
13151,878,Fender Set - Mountain,4,5/6/2014
13151,880,Hydration Pack - 70 oz.,4,5/6/2014
13152,712,AWC Logo Cap,3,4/11/2014
13152,878,Fender Set - Mountain,4,4/11/2014
13153,878,Fender Set - Mountain,4,7/15/2013
"13153,716,""Long-Sleeve Logo Jersey, XL"",3,7/15/2013"
13154,870,Water Bottle - 30 oz.,4,4/7/2014
13155,928,LL Mountain Tire,4,8/13/2013
"13155,866,""Classic Vest, L"",3,10/2/2013"
13155,872,Road Bottle Cage,4,5/28/2014
"13155,860,""Half-Finger Gloves, L"",3,8/13/2013"
13156,873,Patch Kit/8 Patches,4,5/29/2014
"13157,707,""Sport-100 Helmet, Red"",4,6/8/2014"
13158,872,Road Bottle Cage,4,3/23/2014
"13158,875,""Racing Socks, L"",3,3/23/2014"
13158,880,Hydration Pack - 70 oz.,4,3/23/2014
13158,870,Water Bottle - 30 oz.,4,3/23/2014
13158,921,Mountain Tire Tube,4,7/8/2013
"13158,708,""Sport-100 Helmet, Black"",4,7/8/2013"
"13158,869,""Women's Mountain Shorts, L"",3,3/21/2014"
13159,870,Water Bottle - 30 oz.,4,2/17/2014
"13159,711,""Sport-100 Helmet, Blue"",4,2/17/2014"
13159,873,Patch Kit/8 Patches,4,5/17/2014
"13159,869,""Women's Mountain Shorts, L"",3,12/27/2013"
13159,877,Bike Wash - Dissolver,4,5/17/2014
13159,928,LL Mountain Tire,4,5/17/2014
13160,872,Road Bottle Cage,4,4/22/2014
"13162,864,""Classic Vest, S"",3,12/16/2013"
"13163,874,""Racing Socks, M"",3,10/30/2013"
13164,870,Water Bottle - 30 oz.,4,11/30/2013
13164,871,Mountain Bottle Cage,4,11/30/2013
"13164,864,""Classic Vest, S"",3,11/30/2013"
"13166,714,""Long-Sleeve Logo Jersey, M"",3,8/22/2013"
13167,873,Patch Kit/8 Patches,4,4/8/2014
13167,930,HL Mountain Tire,4,4/8/2014
13168,921,Mountain Tire Tube,4,2/26/2014
"13168,708,""Sport-100 Helmet, Black"",4,2/26/2014"
13169,878,Fender Set - Mountain,4,11/5/2013
13169,876,Hitch Rack - 4-Bike,4,3/17/2014
13170,876,Hitch Rack - 4-Bike,4,8/28/2013
"13170,881,""Short-Sleeve Classic Jersey, S"",3,9/24/2013"
13170,878,Fender Set - Mountain,4,9/24/2013
"13171,713,""Long-Sleeve Logo Jersey, S"",3,11/6/2013"
13171,876,Hitch Rack - 4-Bike,4,7/2/2013
13172,876,Hitch Rack - 4-Bike,4,6/10/2014
13172,873,Patch Kit/8 Patches,4,3/8/2014
"13173,715,""Long-Sleeve Logo Jersey, L"",3,9/19/2013"
"13173,858,""Half-Finger Gloves, S"",3,9/19/2013"
"13174,707,""Sport-100 Helmet, Red"",4,9/9/2013"
13175,921,Mountain Tire Tube,4,6/29/2014
13175,870,Water Bottle - 30 oz.,4,2/28/2014
13175,871,Mountain Bottle Cage,4,2/28/2014
"13175,711,""Sport-100 Helmet, Blue"",4,6/29/2014"
13175,929,ML Mountain Tire,4,6/29/2014
"13175,714,""Long-Sleeve Logo Jersey, M"",3,6/29/2014"
13176,870,Water Bottle - 30 oz.,4,9/21/2013
13179,870,Water Bottle - 30 oz.,4,5/15/2014
13179,930,HL Mountain Tire,4,1/10/2014
13179,873,Patch Kit/8 Patches,4,1/10/2014
13179,871,Mountain Bottle Cage,4,9/15/2013
13179,929,ML Mountain Tire,4,1/20/2014
"13179,711,""Sport-100 Helmet, Blue"",4,5/15/2014"
13179,921,Mountain Tire Tube,4,1/10/2014
"13180,860,""Half-Finger Gloves, L"",3,10/14/2013"
13180,878,Fender Set - Mountain,4,10/14/2013
13180,876,Hitch Rack - 4-Bike,4,1/26/2014
13181,712,AWC Logo Cap,3,8/17/2013
13181,878,Fender Set - Mountain,4,4/4/2014
"13181,711,""Sport-100 Helmet, Blue"",4,4/4/2014"
13182,712,AWC Logo Cap,3,2/22/2014
13182,870,Water Bottle - 30 oz.,4,2/22/2014
13182,871,Mountain Bottle Cage,4,2/22/2014
13182,876,Hitch Rack - 4-Bike,4,5/8/2014
13183,876,Hitch Rack - 4-Bike,4,8/12/2013
13183,878,Fender Set - Mountain,4,8/28/2013
13184,876,Hitch Rack - 4-Bike,4,5/5/2014
13184,870,Water Bottle - 30 oz.,4,3/19/2014
13184,871,Mountain Bottle Cage,4,3/19/2014
"13184,865,""Classic Vest, M"",3,3/19/2014"
13185,870,Water Bottle - 30 oz.,4,10/8/2013
13185,930,HL Mountain Tire,4,10/26/2013
13185,933,HL Road Tire,4,12/21/2013
13185,873,Patch Kit/8 Patches,4,10/26/2013
13185,880,Hydration Pack - 70 oz.,4,8/17/2013
13187,878,Fender Set - Mountain,4,9/30/2013
"13188,708,""Sport-100 Helmet, Black"",4,3/14/2014"
"13191,858,""Half-Finger Gloves, S"",3,1/30/2014"
"13192,707,""Sport-100 Helmet, Red"",4,4/11/2014"
"13193,713,""Long-Sleeve Logo Jersey, S"",3,12/6/2013"
"13194,707,""Sport-100 Helmet, Red"",4,2/19/2014"
13195,878,Fender Set - Mountain,4,9/9/2013
"13196,708,""Sport-100 Helmet, Black"",4,3/10/2014"
"13197,708,""Sport-100 Helmet, Black"",4,9/7/2013"
13197,873,Patch Kit/8 Patches,4,4/12/2014
13197,930,HL Mountain Tire,4,4/12/2014
13197,921,Mountain Tire Tube,4,4/12/2014
13197,871,Mountain Bottle Cage,4,9/7/2013
13198,871,Mountain Bottle Cage,4,2/28/2014
13198,880,Hydration Pack - 70 oz.,4,7/26/2013
13198,930,HL Mountain Tire,4,8/12/2013
13198,870,Water Bottle - 30 oz.,4,2/28/2014
13199,871,Mountain Bottle Cage,4,6/30/2013
13199,873,Patch Kit/8 Patches,4,2/4/2014
13199,930,HL Mountain Tire,4,2/4/2014
13199,877,Bike Wash - Dissolver,4,6/30/2013
13199,870,Water Bottle - 30 oz.,4,3/9/2014
13200,873,Patch Kit/8 Patches,4,4/12/2014
13201,870,Water Bottle - 30 oz.,4,12/16/2013
13201,877,Bike Wash - Dissolver,4,5/8/2014
13201,930,HL Mountain Tire,4,5/8/2014
13201,873,Patch Kit/8 Patches,4,5/8/2014
"13202,707,""Sport-100 Helmet, Red"",4,9/5/2013"
13203,870,Water Bottle - 30 oz.,4,9/6/2013
13204,876,Hitch Rack - 4-Bike,4,4/6/2014
13205,880,Hydration Pack - 70 oz.,4,9/21/2013
13206,873,Patch Kit/8 Patches,4,2/2/2014
13206,871,Mountain Bottle Cage,4,12/15/2013
13206,712,AWC Logo Cap,3,12/15/2013
13206,921,Mountain Tire Tube,4,12/15/2013
13206,880,Hydration Pack - 70 oz.,4,7/20/2013
13206,878,Fender Set - Mountain,4,12/15/2013
"13207,866,""Classic Vest, L"",3,3/8/2014"
13208,930,HL Mountain Tire,4,9/11/2013
"13208,711,""Sport-100 Helmet, Blue"",4,9/11/2013"
"13211,874,""Racing Socks, M"",3,6/21/2014"
13212,880,Hydration Pack - 70 oz.,4,4/10/2014
13215,871,Mountain Bottle Cage,4,1/12/2014
13215,878,Fender Set - Mountain,4,1/12/2014
"13215,708,""Sport-100 Helmet, Black"",4,1/12/2014"
"13216,713,""Long-Sleeve Logo Jersey, S"",3,10/8/2013"
13216,878,Fender Set - Mountain,4,10/8/2013
"13217,707,""Sport-100 Helmet, Red"",4,2/17/2014"
"13218,865,""Classic Vest, M"",3,4/4/2014"
13220,879,All-Purpose Bike Stand,4,9/1/2013
13221,878,Fender Set - Mountain,4,9/24/2013
13222,712,AWC Logo Cap,3,8/22/2013
13222,871,Mountain Bottle Cage,4,10/9/2013
13222,921,Mountain Tire Tube,4,4/8/2014
"13222,859,""Half-Finger Gloves, M"",3,10/9/2013"
13222,878,Fender Set - Mountain,4,4/8/2014
"13222,711,""Sport-100 Helmet, Blue"",4,10/9/2013"
13223,878,Fender Set - Mountain,4,3/27/2014
"13224,859,""Half-Finger Gloves, M"",3,10/23/2013"
13226,877,Bike Wash - Dissolver,4,4/27/2014
13227,878,Fender Set - Mountain,4,9/14/2013
13228,878,Fender Set - Mountain,4,12/26/2013
13230,878,Fender Set - Mountain,4,10/9/2013
13231,934,Touring Tire,4,2/17/2014
13231,930,HL Mountain Tire,4,10/3/2013
13231,871,Mountain Bottle Cage,4,1/12/2014
"13231,711,""Sport-100 Helmet, Blue"",4,10/3/2013"
13231,921,Mountain Tire Tube,4,10/3/2013
13231,929,ML Mountain Tire,4,9/24/2013
13231,712,AWC Logo Cap,3,2/17/2014
"13231,707,""Sport-100 Helmet, Red"",4,2/17/2014"
"13233,881,""Short-Sleeve Classic Jersey, S"",3,4/5/2014"
13233,878,Fender Set - Mountain,4,4/5/2014
13234,871,Mountain Bottle Cage,4,7/3/2013
13234,870,Water Bottle - 30 oz.,4,7/3/2013
13235,878,Fender Set - Mountain,4,7/21/2013
13237,870,Water Bottle - 30 oz.,4,10/1/2013
13239,934,Touring Tire,4,5/13/2014
13239,930,HL Mountain Tire,4,10/24/2013
13239,870,Water Bottle - 30 oz.,4,5/23/2014
13239,929,ML Mountain Tire,4,3/15/2014
13239,921,Mountain Tire Tube,4,3/15/2014
13239,871,Mountain Bottle Cage,4,5/23/2014
"13239,859,""Half-Finger Gloves, M"",3,10/24/2013"
"13239,711,""Sport-100 Helmet, Blue"",4,10/24/2013"
"13241,874,""Racing Socks, M"",3,2/4/2014"
13242,878,Fender Set - Mountain,4,3/11/2014
13244,878,Fender Set - Mountain,4,3/12/2014
"13244,860,""Half-Finger Gloves, L"",3,3/12/2014"
"13245,858,""Half-Finger Gloves, S"",3,12/7/2013"
13246,870,Water Bottle - 30 oz.,4,4/24/2014
13246,871,Mountain Bottle Cage,4,4/24/2014
13247,878,Fender Set - Mountain,4,4/19/2014
13248,871,Mountain Bottle Cage,4,4/8/2014
"13249,881,""Short-Sleeve Classic Jersey, S"",3,12/21/2013"
13249,873,Patch Kit/8 Patches,4,9/10/2013
13251,923,Touring Tire Tube,4,10/7/2013
13251,880,Hydration Pack - 70 oz.,4,10/7/2013
13251,873,Patch Kit/8 Patches,4,9/29/2013
"13252,711,""Sport-100 Helmet, Blue"",4,10/18/2013"
13253,870,Water Bottle - 30 oz.,4,10/27/2013
13253,872,Road Bottle Cage,4,10/27/2013
"13254,874,""Racing Socks, M"",3,10/16/2013"
13254,712,AWC Logo Cap,3,10/8/2013
13255,878,Fender Set - Mountain,4,9/6/2013
13255,870,Water Bottle - 30 oz.,4,5/4/2014
13255,872,Road Bottle Cage,4,5/4/2014
"13255,708,""Sport-100 Helmet, Black"",4,7/30/2013"
13256,931,LL Road Tire,4,8/24/2013
13256,872,Road Bottle Cage,4,5/27/2014
"13256,707,""Sport-100 Helmet, Red"",4,5/27/2014"
13256,871,Mountain Bottle Cage,4,9/10/2013
13256,880,Hydration Pack - 70 oz.,4,8/24/2013
"13256,708,""Sport-100 Helmet, Black"",4,9/10/2013"
13257,712,AWC Logo Cap,3,10/17/2013
"13257,708,""Sport-100 Helmet, Black"",4,10/17/2013"
13257,921,Mountain Tire Tube,4,10/17/2013
13257,930,HL Mountain Tire,4,10/17/2013
13258,930,HL Mountain Tire,4,10/25/2013
13258,873,Patch Kit/8 Patches,4,10/25/2013
13258,877,Bike Wash - Dissolver,4,9/28/2013
13258,872,Road Bottle Cage,4,9/28/2013
13259,931,LL Road Tire,4,9/29/2013
"13259,715,""Long-Sleeve Logo Jersey, L"",3,9/29/2013"
13259,870,Water Bottle - 30 oz.,4,10/18/2013
"13259,707,""Sport-100 Helmet, Red"",4,10/18/2013"
13259,712,AWC Logo Cap,3,10/18/2013
13259,871,Mountain Bottle Cage,4,10/18/2013
"13259,711,""Sport-100 Helmet, Blue"",4,9/29/2013"
13260,870,Water Bottle - 30 oz.,4,10/6/2013
"13260,708,""Sport-100 Helmet, Black"",4,10/6/2013"
13260,871,Mountain Bottle Cage,4,10/6/2013
"13261,707,""Sport-100 Helmet, Red"",4,10/12/2013"
"13262,708,""Sport-100 Helmet, Black"",4,8/22/2013"
13262,712,AWC Logo Cap,3,2/25/2014
13262,934,Touring Tire,4,8/22/2013
13263,870,Water Bottle - 30 oz.,4,11/19/2013
"13263,711,""Sport-100 Helmet, Blue"",4,11/19/2013"
13263,872,Road Bottle Cage,4,11/19/2013
13263,871,Mountain Bottle Cage,4,11/16/2013
"13263,860,""Half-Finger Gloves, L"",3,11/16/2013"
13264,871,Mountain Bottle Cage,4,10/9/2013
"13264,708,""Sport-100 Helmet, Black"",4,10/9/2013"
13264,870,Water Bottle - 30 oz.,4,10/9/2013
"13265,711,""Sport-100 Helmet, Blue"",4,11/25/2013"
13265,871,Mountain Bottle Cage,4,11/25/2013
13265,934,Touring Tire,4,2/26/2014
13266,877,Bike Wash - Dissolver,4,8/20/2013
13267,930,HL Mountain Tire,4,9/11/2013
13267,928,LL Mountain Tire,4,4/10/2014
13267,870,Water Bottle - 30 oz.,4,6/8/2014
13267,923,Touring Tire Tube,4,10/27/2013
"13267,708,""Sport-100 Helmet, Black"",4,9/11/2013"
13268,921,Mountain Tire Tube,4,12/11/2013
"13268,866,""Classic Vest, L"",3,2/3/2014"
13268,923,Touring Tire Tube,4,7/16/2013
13268,870,Water Bottle - 30 oz.,4,2/3/2014
"13268,708,""Sport-100 Helmet, Black"",4,7/16/2013"
"13268,711,""Sport-100 Helmet, Blue"",4,12/11/2013"
"13268,707,""Sport-100 Helmet, Red"",4,2/3/2014"
13268,871,Mountain Bottle Cage,4,2/3/2014
13268,934,Touring Tire,4,7/16/2013
"13269,874,""Racing Socks, M"",3,4/27/2014"
"13270,713,""Long-Sleeve Logo Jersey, S"",3,2/27/2014"
"13270,707,""Sport-100 Helmet, Red"",4,2/27/2014"
13270,870,Water Bottle - 30 oz.,4,2/27/2014
"13272,707,""Sport-100 Helmet, Red"",4,3/31/2014"
13272,878,Fender Set - Mountain,4,3/31/2014
13273,879,All-Purpose Bike Stand,4,10/14/2013
13274,930,HL Mountain Tire,4,10/9/2013
"13274,858,""Half-Finger Gloves, S"",3,10/9/2013"
"13274,708,""Sport-100 Helmet, Black"",4,10/9/2013"
13278,880,Hydration Pack - 70 oz.,4,10/5/2013
"13279,707,""Sport-100 Helmet, Red"",4,10/23/2013"
13280,878,Fender Set - Mountain,4,10/3/2013
"13282,708,""Sport-100 Helmet, Black"",4,4/29/2014"
"13284,858,""Half-Finger Gloves, S"",3,9/3/2013"
13284,880,Hydration Pack - 70 oz.,4,9/3/2013
13285,870,Water Bottle - 30 oz.,4,3/28/2014
13285,930,HL Mountain Tire,4,10/6/2013
13285,880,Hydration Pack - 70 oz.,4,3/28/2014
13285,878,Fender Set - Mountain,4,10/6/2013
13285,877,Bike Wash - Dissolver,4,7/9/2013
"13285,711,""Sport-100 Helmet, Blue"",4,10/6/2013"
13286,870,Water Bottle - 30 oz.,4,10/26/2013
13288,870,Water Bottle - 30 oz.,4,10/21/2013
"13288,711,""Sport-100 Helmet, Blue"",4,10/21/2013"
13288,871,Mountain Bottle Cage,4,10/21/2013
13289,871,Mountain Bottle Cage,4,6/17/2014
13289,712,AWC Logo Cap,3,6/17/2014
13289,930,HL Mountain Tire,4,12/9/2013
13289,870,Water Bottle - 30 oz.,4,6/17/2014
"13290,707,""Sport-100 Helmet, Red"",4,9/21/2013"
13290,871,Mountain Bottle Cage,4,4/18/2014
13290,930,HL Mountain Tire,4,9/21/2013
13290,921,Mountain Tire Tube,4,9/21/2013
"13290,874,""Racing Socks, M"",3,2/8/2014"
"13291,711,""Sport-100 Helmet, Blue"",4,10/25/2013"
"13291,858,""Half-Finger Gloves, S"",3,10/25/2013"
"13294,714,""Long-Sleeve Logo Jersey, M"",3,3/8/2014"
13294,878,Fender Set - Mountain,4,3/8/2014
13294,870,Water Bottle - 30 oz.,4,3/8/2014
"13295,714,""Long-Sleeve Logo Jersey, M"",3,6/25/2014"
13299,930,HL Mountain Tire,4,10/2/2013
13299,871,Mountain Bottle Cage,4,10/2/2013
13299,878,Fender Set - Mountain,4,10/2/2013
13300,712,AWC Logo Cap,3,1/30/2014
13300,870,Water Bottle - 30 oz.,4,1/30/2014
13300,871,Mountain Bottle Cage,4,1/30/2014
13301,878,Fender Set - Mountain,4,2/15/2014
"13301,711,""Sport-100 Helmet, Blue"",4,2/15/2014"
13302,878,Fender Set - Mountain,4,8/1/2013
13303,873,Patch Kit/8 Patches,4,10/3/2013
"13303,875,""Racing Socks, L"",3,2/6/2014"
13303,930,HL Mountain Tire,4,10/3/2013
13303,870,Water Bottle - 30 oz.,4,2/6/2014
"13304,707,""Sport-100 Helmet, Red"",4,10/23/2013"
13304,878,Fender Set - Mountain,4,10/23/2013
"13305,713,""Long-Sleeve Logo Jersey, S"",3,10/4/2013"
13306,878,Fender Set - Mountain,4,5/18/2014
"13307,860,""Half-Finger Gloves, L"",3,11/4/2013"
"13307,711,""Sport-100 Helmet, Blue"",4,11/4/2013"
13308,877,Bike Wash - Dissolver,4,9/27/2013
13310,877,Bike Wash - Dissolver,4,8/13/2013
13311,877,Bike Wash - Dissolver,4,5/27/2014
"13312,713,""Long-Sleeve Logo Jersey, S"",3,12/22/2013"
13312,712,AWC Logo Cap,3,12/22/2013
13313,878,Fender Set - Mountain,4,8/13/2013
"13314,708,""Sport-100 Helmet, Black"",4,10/17/2013"
"13314,714,""Long-Sleeve Logo Jersey, M"",3,10/17/2013"
13314,712,AWC Logo Cap,3,10/17/2013
13315,880,Hydration Pack - 70 oz.,4,10/4/2013
13316,921,Mountain Tire Tube,4,10/11/2013
"13316,711,""Sport-100 Helmet, Blue"",4,10/11/2013"
13317,878,Fender Set - Mountain,4,4/25/2014
13318,873,Patch Kit/8 Patches,4,3/5/2014
13318,871,Mountain Bottle Cage,4,7/20/2013
13318,877,Bike Wash - Dissolver,4,7/15/2013
13318,934,Touring Tire,4,1/30/2014
13318,870,Water Bottle - 30 oz.,4,7/20/2013
13318,921,Mountain Tire Tube,4,7/15/2013
13318,923,Touring Tire Tube,4,1/30/2014
13318,922,Road Tire Tube,4,3/5/2014
"13318,860,""Half-Finger Gloves, L"",3,1/30/2014"
13319,878,Fender Set - Mountain,4,10/21/2013
13319,930,HL Mountain Tire,4,10/21/2013
"13319,881,""Short-Sleeve Classic Jersey, S"",3,10/21/2013"
13321,878,Fender Set - Mountain,4,6/1/2014
13321,870,Water Bottle - 30 oz.,4,6/1/2014
"13321,711,""Sport-100 Helmet, Blue"",4,6/1/2014"
13322,878,Fender Set - Mountain,4,10/9/2013
13323,876,Hitch Rack - 4-Bike,4,5/15/2014
13324,873,Patch Kit/8 Patches,4,10/9/2013
13324,921,Mountain Tire Tube,4,10/9/2013
13324,930,HL Mountain Tire,4,10/9/2013
"13325,707,""Sport-100 Helmet, Red"",4,10/27/2013"
13327,878,Fender Set - Mountain,4,12/20/2013
13328,870,Water Bottle - 30 oz.,4,12/7/2013
13328,872,Road Bottle Cage,4,12/7/2013
13329,871,Mountain Bottle Cage,4,10/23/2013
13329,870,Water Bottle - 30 oz.,4,10/23/2013
"13330,708,""Sport-100 Helmet, Black"",4,9/2/2013"
13330,871,Mountain Bottle Cage,4,2/10/2014
13330,921,Mountain Tire Tube,4,9/2/2013
13330,930,HL Mountain Tire,4,9/2/2013
"13331,874,""Racing Socks, M"",3,12/12/2013"
"13331,711,""Sport-100 Helmet, Blue"",4,12/12/2013"
"13332,708,""Sport-100 Helmet, Black"",4,3/19/2014"
13334,871,Mountain Bottle Cage,4,12/31/2013
"13334,711,""Sport-100 Helmet, Blue"",4,12/31/2013"
13334,870,Water Bottle - 30 oz.,4,12/31/2013
13335,878,Fender Set - Mountain,4,5/2/2014
13336,878,Fender Set - Mountain,4,9/8/2013
"13336,707,""Sport-100 Helmet, Red"",4,9/8/2013"
13337,878,Fender Set - Mountain,4,11/6/2013
13338,878,Fender Set - Mountain,4,6/28/2014
13338,870,Water Bottle - 30 oz.,4,6/28/2014
13338,871,Mountain Bottle Cage,4,6/28/2014
"13338,708,""Sport-100 Helmet, Black"",4,6/28/2014"
13339,878,Fender Set - Mountain,4,7/12/2013
13340,880,Hydration Pack - 70 oz.,4,10/20/2013
13340,871,Mountain Bottle Cage,4,10/20/2013
13341,876,Hitch Rack - 4-Bike,4,7/18/2013
13342,878,Fender Set - Mountain,4,4/9/2014
13342,877,Bike Wash - Dissolver,4,4/9/2014
13343,877,Bike Wash - Dissolver,4,12/24/2013
13343,873,Patch Kit/8 Patches,4,10/6/2013
13343,878,Fender Set - Mountain,4,10/6/2013
13344,878,Fender Set - Mountain,4,10/2/2013
"13344,713,""Long-Sleeve Logo Jersey, S"",3,10/2/2013"
13345,934,Touring Tire,4,12/9/2013
13345,878,Fender Set - Mountain,4,10/22/2013
"13345,858,""Half-Finger Gloves, S"",3,12/9/2013"
13347,878,Fender Set - Mountain,4,11/5/2013
"13348,864,""Classic Vest, S"",3,10/23/2013"
13348,921,Mountain Tire Tube,4,10/23/2013
13348,930,HL Mountain Tire,4,10/23/2013
13350,871,Mountain Bottle Cage,4,6/30/2014
13350,870,Water Bottle - 30 oz.,4,6/30/2014
"13350,866,""Classic Vest, L"",3,6/30/2014"
13350,921,Mountain Tire Tube,4,9/18/2013
13352,878,Fender Set - Mountain,4,11/21/2013
13353,870,Water Bottle - 30 oz.,4,4/2/2014
13353,878,Fender Set - Mountain,4,4/2/2014
13353,712,AWC Logo Cap,3,4/2/2014
13355,878,Fender Set - Mountain,4,10/28/2013
"13356,875,""Racing Socks, L"",3,3/18/2014"
13357,930,HL Mountain Tire,4,4/25/2014
13357,921,Mountain Tire Tube,4,4/25/2014
13358,878,Fender Set - Mountain,4,2/20/2014
13358,871,Mountain Bottle Cage,4,2/20/2014
13358,880,Hydration Pack - 70 oz.,4,2/20/2014
13359,879,All-Purpose Bike Stand,4,4/9/2014
13360,878,Fender Set - Mountain,4,7/7/2013
13363,878,Fender Set - Mountain,4,7/31/2013
"13364,708,""Sport-100 Helmet, Black"",4,10/15/2013"
13365,878,Fender Set - Mountain,4,2/11/2014
"13366,711,""Sport-100 Helmet, Blue"",4,12/3/2013"
13367,871,Mountain Bottle Cage,4,10/3/2013
"13368,713,""Long-Sleeve Logo Jersey, S"",3,3/28/2014"
13369,930,HL Mountain Tire,4,10/27/2013
"13371,716,""Long-Sleeve Logo Jersey, XL"",3,1/6/2014"
13372,878,Fender Set - Mountain,4,7/7/2013
13373,870,Water Bottle - 30 oz.,4,8/31/2013
"13373,708,""Sport-100 Helmet, Black"",4,8/31/2013"
13373,871,Mountain Bottle Cage,4,8/31/2013
13374,878,Fender Set - Mountain,4,3/15/2014
13375,878,Fender Set - Mountain,4,5/5/2014
13376,878,Fender Set - Mountain,4,2/26/2014
13378,870,Water Bottle - 30 oz.,4,10/2/2013
13378,878,Fender Set - Mountain,4,10/2/2013
13378,712,AWC Logo Cap,3,10/2/2013
13379,878,Fender Set - Mountain,4,12/17/2013
13380,878,Fender Set - Mountain,4,4/20/2014
13381,878,Fender Set - Mountain,4,12/24/2013
13382,878,Fender Set - Mountain,4,10/23/2013
13384,878,Fender Set - Mountain,4,4/22/2014
13385,870,Water Bottle - 30 oz.,4,4/15/2014
13385,878,Fender Set - Mountain,4,4/15/2014
"13385,711,""Sport-100 Helmet, Blue"",4,4/15/2014"
13386,712,AWC Logo Cap,3,3/4/2014
"13386,883,""Short-Sleeve Classic Jersey, L"",3,3/4/2014"
13387,921,Mountain Tire Tube,4,4/4/2014
13387,930,HL Mountain Tire,4,4/4/2014
"13388,715,""Long-Sleeve Logo Jersey, L"",3,8/5/2013"
"13388,711,""Sport-100 Helmet, Blue"",4,8/5/2013"
13389,878,Fender Set - Mountain,4,5/2/2014
13389,712,AWC Logo Cap,3,5/2/2014
"13389,715,""Long-Sleeve Logo Jersey, L"",3,5/2/2014"
"13390,883,""Short-Sleeve Classic Jersey, L"",3,6/1/2014"
13390,712,AWC Logo Cap,3,6/1/2014
13390,878,Fender Set - Mountain,4,6/1/2014
13390,871,Mountain Bottle Cage,4,6/1/2014
"13391,866,""Classic Vest, L"",3,3/4/2014"
13392,878,Fender Set - Mountain,4,4/11/2014
"13393,707,""Sport-100 Helmet, Red"",4,10/10/2013"
13394,870,Water Bottle - 30 oz.,4,10/12/2013
13394,712,AWC Logo Cap,3,10/12/2013
13396,930,HL Mountain Tire,4,10/29/2013
13396,921,Mountain Tire Tube,4,10/29/2013
13397,878,Fender Set - Mountain,4,4/14/2014
13397,930,HL Mountain Tire,4,4/14/2014
13397,871,Mountain Bottle Cage,4,4/14/2014
13397,921,Mountain Tire Tube,4,4/14/2014
13400,880,Hydration Pack - 70 oz.,4,4/9/2014
13400,870,Water Bottle - 30 oz.,4,4/9/2014
13400,871,Mountain Bottle Cage,4,4/9/2014
13403,880,Hydration Pack - 70 oz.,4,10/14/2013
"13404,711,""Sport-100 Helmet, Blue"",4,10/27/2013"
13404,870,Water Bottle - 30 oz.,4,10/27/2013
13404,871,Mountain Bottle Cage,4,10/27/2013
13405,872,Road Bottle Cage,4,12/24/2013
13405,870,Water Bottle - 30 oz.,4,12/24/2013
13405,871,Mountain Bottle Cage,4,11/26/2013
"13406,708,""Sport-100 Helmet, Black"",4,4/19/2014"
13406,871,Mountain Bottle Cage,4,11/4/2013
"13406,711,""Sport-100 Helmet, Blue"",4,3/4/2014"
"13407,711,""Sport-100 Helmet, Blue"",4,10/25/2013"
"13407,715,""Long-Sleeve Logo Jersey, L"",3,10/25/2013"
13407,712,AWC Logo Cap,3,10/25/2013
"13407,708,""Sport-100 Helmet, Black"",4,10/23/2013"
13408,930,HL Mountain Tire,4,10/18/2013
13408,871,Mountain Bottle Cage,4,10/18/2013
13408,712,AWC Logo Cap,3,10/27/2013
13408,921,Mountain Tire Tube,4,10/18/2013
"13409,707,""Sport-100 Helmet, Red"",4,3/24/2014"
"13409,713,""Long-Sleeve Logo Jersey, S"",3,3/24/2014"
13409,871,Mountain Bottle Cage,4,3/24/2014
13409,712,AWC Logo Cap,3,3/24/2014
13410,870,Water Bottle - 30 oz.,4,11/7/2013
"13411,708,""Sport-100 Helmet, Black"",4,10/6/2013"
13412,873,Patch Kit/8 Patches,4,5/22/2014
13412,712,AWC Logo Cap,3,5/11/2014
13412,923,Touring Tire Tube,4,5/22/2014
13413,878,Fender Set - Mountain,4,4/2/2014
13415,878,Fender Set - Mountain,4,10/26/2013
"13416,716,""Long-Sleeve Logo Jersey, XL"",3,8/10/2013"
"13416,707,""Sport-100 Helmet, Red"",4,8/10/2013"
"13417,707,""Sport-100 Helmet, Red"",4,10/2/2013"
13417,930,HL Mountain Tire,4,10/2/2013
"13418,884,""Short-Sleeve Classic Jersey, XL"",3,1/14/2014"
13421,873,Patch Kit/8 Patches,4,9/27/2013
"13422,711,""Sport-100 Helmet, Blue"",4,10/16/2013"
"13422,858,""Half-Finger Gloves, S"",3,10/16/2013"
13423,870,Water Bottle - 30 oz.,4,1/31/2014
13423,921,Mountain Tire Tube,4,6/29/2014
13423,930,HL Mountain Tire,4,6/29/2014
13423,871,Mountain Bottle Cage,4,1/31/2014
13423,880,Hydration Pack - 70 oz.,4,1/31/2014
13424,871,Mountain Bottle Cage,4,10/24/2013
"13424,881,""Short-Sleeve Classic Jersey, S"",3,10/24/2013"
"13425,714,""Long-Sleeve Logo Jersey, M"",3,10/25/2013"
13429,878,Fender Set - Mountain,4,11/11/2013
13430,878,Fender Set - Mountain,4,8/22/2013
13431,871,Mountain Bottle Cage,4,11/13/2013
13431,878,Fender Set - Mountain,4,11/13/2013
"13431,881,""Short-Sleeve Classic Jersey, S"",3,11/13/2013"
"13432,708,""Sport-100 Helmet, Black"",4,8/27/2013"
"13433,711,""Sport-100 Helmet, Blue"",4,11/10/2013"
13435,930,HL Mountain Tire,4,11/16/2013
"13435,711,""Sport-100 Helmet, Blue"",4,11/16/2013"
"13437,715,""Long-Sleeve Logo Jersey, L"",3,8/2/2013"
"13437,874,""Racing Socks, M"",3,8/2/2013"
13439,878,Fender Set - Mountain,4,10/18/2013
"13440,866,""Classic Vest, L"",3,10/12/2013"
"13440,883,""Short-Sleeve Classic Jersey, L"",3,1/6/2014"
"13441,860,""Half-Finger Gloves, L"",3,5/1/2014"
13442,873,Patch Kit/8 Patches,4,11/20/2013
13444,878,Fender Set - Mountain,4,12/13/2013
13445,878,Fender Set - Mountain,4,4/16/2014
"13447,708,""Sport-100 Helmet, Black"",4,11/17/2013"
13449,871,Mountain Bottle Cage,4,11/13/2013
"13449,707,""Sport-100 Helmet, Red"",4,11/13/2013"
13452,871,Mountain Bottle Cage,4,10/31/2013
13452,870,Water Bottle - 30 oz.,4,10/31/2013
13453,930,HL Mountain Tire,4,11/17/2013
"13453,707,""Sport-100 Helmet, Red"",4,11/17/2013"
13454,873,Patch Kit/8 Patches,4,11/14/2013
13455,877,Bike Wash - Dissolver,4,11/10/2013
13456,878,Fender Set - Mountain,4,10/30/2013
"13456,716,""Long-Sleeve Logo Jersey, XL"",3,10/30/2013"
"13457,711,""Sport-100 Helmet, Blue"",4,1/5/2014"
13458,878,Fender Set - Mountain,4,7/10/2013
13458,871,Mountain Bottle Cage,4,7/10/2013
13458,877,Bike Wash - Dissolver,4,7/10/2013
"13459,708,""Sport-100 Helmet, Black"",4,4/13/2014"
13460,872,Road Bottle Cage,4,1/5/2014
13462,878,Fender Set - Mountain,4,5/7/2014
"13462,858,""Half-Finger Gloves, S"",3,5/7/2014"
13463,878,Fender Set - Mountain,4,4/15/2014
"13463,708,""Sport-100 Helmet, Black"",4,4/15/2014"
13465,878,Fender Set - Mountain,4,4/23/2014
13466,871,Mountain Bottle Cage,4,5/18/2014
13466,921,Mountain Tire Tube,4,4/29/2014
13466,870,Water Bottle - 30 oz.,4,2/16/2014
13466,930,HL Mountain Tire,4,4/29/2014
"13468,713,""Long-Sleeve Logo Jersey, S"",3,11/19/2013"
13468,921,Mountain Tire Tube,4,11/19/2013
"13468,711,""Sport-100 Helmet, Blue"",4,11/19/2013"
"13469,714,""Long-Sleeve Logo Jersey, M"",3,6/18/2014"
"13470,711,""Sport-100 Helmet, Blue"",4,5/22/2014"
13471,712,AWC Logo Cap,3,10/20/2013
13472,921,Mountain Tire Tube,4,11/24/2013
13472,879,All-Purpose Bike Stand,4,11/24/2013
"13473,874,""Racing Socks, M"",3,11/9/2013"
13473,870,Water Bottle - 30 oz.,4,11/9/2013
"13474,711,""Sport-100 Helmet, Blue"",4,3/23/2014"
13474,923,Touring Tire Tube,4,10/7/2013
13474,921,Mountain Tire Tube,4,3/23/2014
13474,933,HL Road Tire,4,3/6/2014
13474,871,Mountain Bottle Cage,4,10/17/2013
"13474,708,""Sport-100 Helmet, Black"",4,3/6/2014"
13474,930,HL Mountain Tire,4,3/23/2014
13474,922,Road Tire Tube,4,3/6/2014
"13474,714,""Long-Sleeve Logo Jersey, M"",3,3/6/2014"
13474,934,Touring Tire,4,10/7/2013
"13475,708,""Sport-100 Helmet, Black"",4,5/12/2014"
13476,878,Fender Set - Mountain,4,11/17/2013
13478,870,Water Bottle - 30 oz.,4,11/4/2013
13478,876,Hitch Rack - 4-Bike,4,11/4/2013
"13479,881,""Short-Sleeve Classic Jersey, S"",3,1/23/2014"
13480,878,Fender Set - Mountain,4,10/20/2013
"13480,859,""Half-Finger Gloves, M"",3,10/20/2013"
13481,878,Fender Set - Mountain,4,6/12/2014
13482,878,Fender Set - Mountain,4,5/9/2014
"13483,711,""Sport-100 Helmet, Blue"",4,12/21/2013"
"13484,707,""Sport-100 Helmet, Red"",4,11/3/2013"
13484,921,Mountain Tire Tube,4,11/3/2013
13485,878,Fender Set - Mountain,4,7/18/2013
13485,870,Water Bottle - 30 oz.,4,7/18/2013
13486,871,Mountain Bottle Cage,4,11/5/2013
"13486,708,""Sport-100 Helmet, Black"",4,9/22/2013"
13486,870,Water Bottle - 30 oz.,4,9/22/2013
13486,878,Fender Set - Mountain,4,2/2/2014
13486,880,Hydration Pack - 70 oz.,4,11/5/2013
"13487,708,""Sport-100 Helmet, Black"",4,11/19/2013"
13488,878,Fender Set - Mountain,4,11/12/2013
"13490,708,""Sport-100 Helmet, Black"",4,8/11/2013"
13491,921,Mountain Tire Tube,4,6/15/2014
13491,930,HL Mountain Tire,4,6/15/2014
13491,870,Water Bottle - 30 oz.,4,1/29/2014
"13491,708,""Sport-100 Helmet, Black"",4,1/29/2014"
13491,871,Mountain Bottle Cage,4,7/2/2013
"13491,707,""Sport-100 Helmet, Red"",4,6/15/2014"
13492,871,Mountain Bottle Cage,4,11/26/2013
13492,870,Water Bottle - 30 oz.,4,11/26/2013
13493,870,Water Bottle - 30 oz.,4,9/24/2013
13493,923,Touring Tire Tube,4,8/26/2013
13493,871,Mountain Bottle Cage,4,9/24/2013
"13494,707,""Sport-100 Helmet, Red"",4,10/18/2013"
13495,923,Touring Tire Tube,4,8/23/2013
13495,712,AWC Logo Cap,3,8/23/2013
13495,934,Touring Tire,4,8/23/2013
13495,871,Mountain Bottle Cage,4,9/18/2013
13496,933,HL Road Tire,4,9/17/2013
13497,923,Touring Tire Tube,4,7/27/2013
"13498,866,""Classic Vest, L"",3,1/19/2014"
13498,922,Road Tire Tube,4,1/19/2014
"13499,865,""Classic Vest, M"",3,7/16/2013"
"13500,711,""Sport-100 Helmet, Blue"",4,4/22/2014"
"13501,707,""Sport-100 Helmet, Red"",4,10/17/2013"
"13502,713,""Long-Sleeve Logo Jersey, S"",3,1/18/2014"
13503,880,Hydration Pack - 70 oz.,4,10/22/2013
13503,873,Patch Kit/8 Patches,4,9/19/2013
13503,871,Mountain Bottle Cage,4,10/22/2013
13503,934,Touring Tire,4,9/19/2013
13504,870,Water Bottle - 30 oz.,4,5/20/2014
"13504,707,""Sport-100 Helmet, Red"",4,5/20/2014"
13505,923,Touring Tire Tube,4,11/7/2013
13505,870,Water Bottle - 30 oz.,4,12/29/2013
13505,712,AWC Logo Cap,3,12/29/2013
13505,871,Mountain Bottle Cage,4,12/29/2013
"13506,867,""Women's Mountain Shorts, S"",3,3/5/2014"
13507,870,Water Bottle - 30 oz.,4,9/25/2013
13507,934,Touring Tire,4,9/19/2013
"13508,716,""Long-Sleeve Logo Jersey, XL"",3,7/7/2013"
"13508,868,""Women's Mountain Shorts, M"",3,7/7/2013"
13509,923,Touring Tire Tube,4,10/17/2013
13509,870,Water Bottle - 30 oz.,4,11/7/2013
13509,934,Touring Tire,4,10/17/2013
"13510,869,""Women's Mountain Shorts, L"",3,7/5/2013"
"13511,715,""Long-Sleeve Logo Jersey, L"",3,5/18/2014"
13511,712,AWC Logo Cap,3,5/18/2014
13513,871,Mountain Bottle Cage,4,5/6/2014
"13514,708,""Sport-100 Helmet, Black"",4,5/5/2014"
13514,930,HL Mountain Tire,4,5/5/2014
"13515,708,""Sport-100 Helmet, Black"",4,5/29/2014"
13515,930,HL Mountain Tire,4,5/29/2014
13516,870,Water Bottle - 30 oz.,4,12/22/2013
13516,871,Mountain Bottle Cage,4,12/22/2013
13517,871,Mountain Bottle Cage,4,1/21/2014
13517,872,Road Bottle Cage,4,4/4/2014
"13517,860,""Half-Finger Gloves, L"",3,4/4/2014"
"13517,882,""Short-Sleeve Classic Jersey, M"",3,1/21/2014"
13518,873,Patch Kit/8 Patches,4,5/15/2014
13520,922,Road Tire Tube,4,7/29/2013
"13522,707,""Sport-100 Helmet, Red"",4,11/25/2013"
13523,921,Mountain Tire Tube,4,11/26/2013
13523,928,LL Mountain Tire,4,11/26/2013
13523,873,Patch Kit/8 Patches,4,11/26/2013
13524,872,Road Bottle Cage,4,9/16/2013
13525,870,Water Bottle - 30 oz.,4,10/20/2013
13525,872,Road Bottle Cage,4,10/20/2013
"13525,858,""Half-Finger Gloves, S"",3,10/20/2013"
13527,922,Road Tire Tube,4,12/14/2013
13528,873,Patch Kit/8 Patches,4,1/19/2014
13528,872,Road Bottle Cage,4,1/19/2014
"13529,866,""Classic Vest, L"",3,1/11/2014"
13529,933,HL Road Tire,4,1/11/2014
13530,928,LL Mountain Tire,4,2/14/2014
13530,879,All-Purpose Bike Stand,4,2/14/2014
13532,923,Touring Tire Tube,4,2/25/2014
13533,934,Touring Tire,4,5/10/2014
"13533,881,""Short-Sleeve Classic Jersey, S"",3,9/9/2013"
"13533,707,""Sport-100 Helmet, Red"",4,5/10/2014"
13533,923,Touring Tire Tube,4,5/10/2014
13534,934,Touring Tire,4,5/4/2014
13534,923,Touring Tire Tube,4,5/4/2014
13534,870,Water Bottle - 30 oz.,4,1/7/2014
13534,873,Patch Kit/8 Patches,4,5/4/2014
13535,870,Water Bottle - 30 oz.,4,3/21/2014
13535,877,Bike Wash - Dissolver,4,12/21/2013
13535,873,Patch Kit/8 Patches,4,12/21/2013
13535,923,Touring Tire Tube,4,12/21/2013
"13536,708,""Sport-100 Helmet, Black"",4,5/23/2014"
13536,921,Mountain Tire Tube,4,5/23/2014
13537,870,Water Bottle - 30 oz.,4,5/24/2014
13537,878,Fender Set - Mountain,4,5/24/2014
13539,923,Touring Tire Tube,4,3/31/2014
"13539,708,""Sport-100 Helmet, Black"",4,3/31/2014"
13539,934,Touring Tire,4,3/31/2014
13540,871,Mountain Bottle Cage,4,7/2/2013
13540,712,AWC Logo Cap,3,7/2/2013
13540,878,Fender Set - Mountain,4,7/2/2013
13540,872,Road Bottle Cage,4,12/27/2013
13541,870,Water Bottle - 30 oz.,4,8/14/2013
13541,871,Mountain Bottle Cage,4,8/14/2013
13541,921,Mountain Tire Tube,4,8/14/2013
13541,930,HL Mountain Tire,4,8/14/2013
13542,871,Mountain Bottle Cage,4,5/5/2014
13543,871,Mountain Bottle Cage,4,5/26/2014
13543,870,Water Bottle - 30 oz.,4,5/26/2014
13544,870,Water Bottle - 30 oz.,4,9/19/2013
13544,934,Touring Tire,4,4/19/2014
"13544,859,""Half-Finger Gloves, M"",3,9/19/2013"
"13544,711,""Sport-100 Helmet, Blue"",4,4/19/2014"
13546,871,Mountain Bottle Cage,4,5/14/2014
13547,934,Touring Tire,4,1/16/2014
13547,871,Mountain Bottle Cage,4,3/3/2014
"13547,711,""Sport-100 Helmet, Blue"",4,3/3/2014"
13547,870,Water Bottle - 30 oz.,4,3/3/2014
"13549,858,""Half-Finger Gloves, S"",3,10/1/2013"
13551,880,Hydration Pack - 70 oz.,4,1/28/2014
13552,873,Patch Kit/8 Patches,4,5/18/2014
13555,877,Bike Wash - Dissolver,4,3/4/2014
13555,870,Water Bottle - 30 oz.,4,8/12/2013
"13555,858,""Half-Finger Gloves, S"",3,8/12/2013"
13555,873,Patch Kit/8 Patches,4,3/4/2014
"13556,708,""Sport-100 Helmet, Black"",4,4/20/2014"
13556,872,Road Bottle Cage,4,4/20/2014
13557,880,Hydration Pack - 70 oz.,4,12/26/2013
13558,930,HL Mountain Tire,4,9/6/2013
13558,878,Fender Set - Mountain,4,9/6/2013
13559,871,Mountain Bottle Cage,4,8/14/2013
"13559,711,""Sport-100 Helmet, Blue"",4,12/2/2013"
13559,931,LL Road Tire,4,12/2/2013
13560,870,Water Bottle - 30 oz.,4,8/18/2013
13561,873,Patch Kit/8 Patches,4,12/4/2013
13563,871,Mountain Bottle Cage,4,1/8/2014
"13563,708,""Sport-100 Helmet, Black"",4,1/8/2014"
13564,871,Mountain Bottle Cage,4,5/6/2014
13564,712,AWC Logo Cap,3,5/6/2014
13564,870,Water Bottle - 30 oz.,4,5/6/2014
13565,873,Patch Kit/8 Patches,4,5/23/2014
13566,923,Touring Tire Tube,4,11/23/2013
13567,930,HL Mountain Tire,4,5/24/2014
"13568,867,""Women's Mountain Shorts, S"",3,7/21/2013"
"13569,707,""Sport-100 Helmet, Red"",4,10/31/2013"
13569,712,AWC Logo Cap,3,10/31/2013
13570,871,Mountain Bottle Cage,4,5/30/2014
"13570,711,""Sport-100 Helmet, Blue"",4,5/30/2014"
"13571,858,""Half-Finger Gloves, S"",3,6/30/2013"
"13571,869,""Women's Mountain Shorts, L"",3,6/30/2013"
13572,878,Fender Set - Mountain,4,5/11/2014
"13573,867,""Women's Mountain Shorts, S"",3,10/13/2013"
13574,923,Touring Tire Tube,4,7/2/2013
13575,934,Touring Tire,4,11/27/2013
13575,923,Touring Tire Tube,4,11/27/2013
"13575,882,""Short-Sleeve Classic Jersey, M"",3,11/20/2013"
13575,870,Water Bottle - 30 oz.,4,1/3/2014
"13575,708,""Sport-100 Helmet, Black"",4,11/20/2013"
13575,871,Mountain Bottle Cage,4,11/20/2013
13576,872,Road Bottle Cage,4,11/21/2013
"13576,708,""Sport-100 Helmet, Black"",4,10/11/2013"
"13576,859,""Half-Finger Gloves, M"",3,11/21/2013"
"13577,865,""Classic Vest, M"",3,1/16/2014"
13577,923,Touring Tire Tube,4,11/5/2013
13577,871,Mountain Bottle Cage,4,11/22/2013
13577,873,Patch Kit/8 Patches,4,11/5/2013
13577,934,Touring Tire,4,11/5/2013
"13578,711,""Sport-100 Helmet, Blue"",4,6/17/2014"
13579,871,Mountain Bottle Cage,4,11/1/2013
"13579,711,""Sport-100 Helmet, Blue"",4,4/14/2014"
"13579,708,""Sport-100 Helmet, Black"",4,4/20/2014"
13579,931,LL Road Tire,4,4/20/2014
"13580,708,""Sport-100 Helmet, Black"",4,5/18/2014"
13581,872,Road Bottle Cage,4,11/9/2013
"13581,865,""Classic Vest, M"",3,11/9/2013"
13581,871,Mountain Bottle Cage,4,10/26/2013
13582,712,AWC Logo Cap,3,1/28/2014
13582,934,Touring Tire,4,7/1/2013
13582,923,Touring Tire Tube,4,7/1/2013
"13583,875,""Racing Socks, L"",3,11/6/2013"
13583,930,HL Mountain Tire,4,10/30/2013
13583,921,Mountain Tire Tube,4,10/30/2013
13583,712,AWC Logo Cap,3,10/30/2013
13584,934,Touring Tire,4,12/26/2013
"13584,711,""Sport-100 Helmet, Blue"",4,12/26/2013"
13585,878,Fender Set - Mountain,4,11/10/2013
"13585,882,""Short-Sleeve Classic Jersey, M"",3,11/10/2013"
13586,923,Touring Tire Tube,4,5/20/2014
13586,712,AWC Logo Cap,3,9/27/2013
13586,934,Touring Tire,4,5/20/2014
13587,870,Water Bottle - 30 oz.,4,3/30/2014
13587,871,Mountain Bottle Cage,4,3/30/2014
13588,871,Mountain Bottle Cage,4,4/18/2014
"13589,866,""Classic Vest, L"",3,1/20/2014"
13589,870,Water Bottle - 30 oz.,4,1/20/2014
13590,872,Road Bottle Cage,4,12/22/2013
"13590,707,""Sport-100 Helmet, Red"",4,11/8/2013"
13591,870,Water Bottle - 30 oz.,4,12/10/2013
13591,712,AWC Logo Cap,3,12/10/2013
13591,872,Road Bottle Cage,4,12/10/2013
13591,871,Mountain Bottle Cage,4,11/27/2013
"13592,707,""Sport-100 Helmet, Red"",4,1/11/2014"
13593,871,Mountain Bottle Cage,4,5/17/2014
13593,870,Water Bottle - 30 oz.,4,5/17/2014
13594,871,Mountain Bottle Cage,4,12/28/2013
"13595,711,""Sport-100 Helmet, Blue"",4,10/31/2013"
13595,871,Mountain Bottle Cage,4,11/29/2013
13595,870,Water Bottle - 30 oz.,4,11/29/2013
13595,933,HL Road Tire,4,1/15/2014
13597,871,Mountain Bottle Cage,4,1/19/2014
13597,712,AWC Logo Cap,3,1/19/2014
"13597,708,""Sport-100 Helmet, Black"",4,1/19/2014"
13598,871,Mountain Bottle Cage,4,3/9/2014
13598,870,Water Bottle - 30 oz.,4,3/9/2014
13599,871,Mountain Bottle Cage,4,10/1/2013
13599,934,Touring Tire,4,3/2/2014
13599,873,Patch Kit/8 Patches,4,3/2/2014
13599,923,Touring Tire Tube,4,3/2/2014
"13600,711,""Sport-100 Helmet, Blue"",4,11/1/2013"
"13600,707,""Sport-100 Helmet, Red"",4,12/3/2013"
13600,923,Touring Tire Tube,4,12/3/2013
13600,870,Water Bottle - 30 oz.,4,11/1/2013
13600,934,Touring Tire,4,12/3/2013
13600,871,Mountain Bottle Cage,4,11/1/2013
13601,871,Mountain Bottle Cage,4,6/5/2014
13602,871,Mountain Bottle Cage,4,11/17/2013
"13602,711,""Sport-100 Helmet, Blue"",4,11/30/2013"
13602,870,Water Bottle - 30 oz.,4,11/17/2013
"13603,707,""Sport-100 Helmet, Red"",4,11/10/2013"
13603,870,Water Bottle - 30 oz.,4,11/10/2013
"13603,715,""Long-Sleeve Logo Jersey, L"",3,8/22/2013"
13603,923,Touring Tire Tube,4,8/22/2013
"13604,711,""Sport-100 Helmet, Blue"",4,6/21/2014"
13604,934,Touring Tire,4,3/12/2014
"13604,707,""Sport-100 Helmet, Red"",4,3/12/2014"
"13604,714,""Long-Sleeve Logo Jersey, M"",3,3/12/2014"
13604,870,Water Bottle - 30 oz.,4,3/12/2014
13604,923,Touring Tire Tube,4,3/12/2014
13605,870,Water Bottle - 30 oz.,4,12/22/2013
13605,872,Road Bottle Cage,4,12/22/2013
13606,871,Mountain Bottle Cage,4,11/12/2013
"13607,859,""Half-Finger Gloves, M"",3,5/11/2014"
13608,933,HL Road Tire,4,3/14/2014
13608,922,Road Tire Tube,4,3/14/2014
13609,923,Touring Tire Tube,4,4/19/2014
13609,934,Touring Tire,4,4/19/2014
13609,871,Mountain Bottle Cage,4,1/7/2014
"13610,707,""Sport-100 Helmet, Red"",4,8/21/2013"
13611,873,Patch Kit/8 Patches,4,6/7/2014
13611,933,HL Road Tire,4,6/7/2014
13612,870,Water Bottle - 30 oz.,4,5/28/2014
13612,871,Mountain Bottle Cage,4,5/28/2014
13612,934,Touring Tire,4,11/10/2013
"13612,711,""Sport-100 Helmet, Blue"",4,5/28/2014"
13613,928,LL Mountain Tire,4,7/16/2013
"13613,868,""Women's Mountain Shorts, M"",3,11/29/2013"
13613,873,Patch Kit/8 Patches,4,7/16/2013
13614,877,Bike Wash - Dissolver,4,9/27/2013
13614,928,LL Mountain Tire,4,3/18/2014
"13614,875,""Racing Socks, L"",3,9/26/2013"
"13614,867,""Women's Mountain Shorts, S"",3,9/26/2013"
"13615,708,""Sport-100 Helmet, Black"",4,3/25/2014"
"13615,869,""Women's Mountain Shorts, L"",3,11/27/2013"
13615,928,LL Mountain Tire,4,3/25/2014
13615,712,AWC Logo Cap,3,11/27/2013
13616,923,Touring Tire Tube,4,4/9/2014
13616,877,Bike Wash - Dissolver,4,12/30/2013
13616,934,Touring Tire,4,4/9/2014
13616,880,Hydration Pack - 70 oz.,4,4/9/2014
13617,922,Road Tire Tube,4,4/25/2014
13617,880,Hydration Pack - 70 oz.,4,9/18/2013
13617,877,Bike Wash - Dissolver,4,9/18/2013
"13617,715,""Long-Sleeve Logo Jersey, L"",3,4/25/2014"
13619,878,Fender Set - Mountain,4,12/21/2013
"13619,707,""Sport-100 Helmet, Red"",4,4/24/2014"
13619,870,Water Bottle - 30 oz.,4,4/24/2014
13619,872,Road Bottle Cage,4,4/24/2014
13620,878,Fender Set - Mountain,4,12/27/2013
"13620,711,""Sport-100 Helmet, Blue"",4,4/15/2014"
13620,877,Bike Wash - Dissolver,4,12/27/2013
13621,877,Bike Wash - Dissolver,4,1/19/2014
"13621,868,""Women's Mountain Shorts, M"",3,12/23/2013"
"13621,859,""Half-Finger Gloves, M"",3,2/9/2014"
13621,928,LL Mountain Tire,4,2/9/2014
13622,923,Touring Tire Tube,4,4/3/2014
"13622,707,""Sport-100 Helmet, Red"",4,4/3/2014"
13622,934,Touring Tire,4,4/3/2014
13623,921,Mountain Tire Tube,4,3/3/2014
13623,922,Road Tire Tube,4,11/27/2013
13623,877,Bike Wash - Dissolver,4,3/3/2014
13623,880,Hydration Pack - 70 oz.,4,5/20/2014
"13624,708,""Sport-100 Helmet, Black"",4,7/25/2013"
13624,922,Road Tire Tube,4,6/10/2014
13624,880,Hydration Pack - 70 oz.,4,5/19/2014
13625,876,Hitch Rack - 4-Bike,4,11/30/2013
"13625,711,""Sport-100 Helmet, Blue"",4,3/31/2014"
"13626,707,""Sport-100 Helmet, Red"",4,4/15/2014"
"13626,882,""Short-Sleeve Classic Jersey, M"",3,4/15/2014"
13626,878,Fender Set - Mountain,4,12/9/2013
13626,880,Hydration Pack - 70 oz.,4,12/9/2013
13627,873,Patch Kit/8 Patches,4,8/20/2013
13627,712,AWC Logo Cap,3,8/17/2013
13627,928,LL Mountain Tire,4,8/20/2013
13627,876,Hitch Rack - 4-Bike,4,4/22/2014
13628,922,Road Tire Tube,4,2/26/2014
13628,873,Patch Kit/8 Patches,4,9/1/2013
13628,928,LL Mountain Tire,4,9/1/2013
"13628,711,""Sport-100 Helmet, Blue"",4,2/26/2014"
13629,934,Touring Tire,4,4/21/2014
13629,878,Fender Set - Mountain,4,12/10/2013
"13629,707,""Sport-100 Helmet, Red"",4,12/10/2013"
13630,878,Fender Set - Mountain,4,12/27/2013
13630,870,Water Bottle - 30 oz.,4,12/27/2013
13630,930,HL Mountain Tire,4,12/27/2013
13630,871,Mountain Bottle Cage,4,12/27/2013
13631,921,Mountain Tire Tube,4,12/22/2013
"13631,707,""Sport-100 Helmet, Red"",4,12/22/2013"
13631,930,HL Mountain Tire,4,12/22/2013
13631,872,Road Bottle Cage,4,5/23/2014
13632,712,AWC Logo Cap,3,5/19/2014
"13633,711,""Sport-100 Helmet, Blue"",4,12/23/2013"
13633,930,HL Mountain Tire,4,12/23/2013
"13634,874,""Racing Socks, M"",3,5/26/2014"
13634,922,Road Tire Tube,4,5/26/2014
13634,928,LL Mountain Tire,4,2/3/2014
13634,921,Mountain Tire Tube,4,2/3/2014
13634,876,Hitch Rack - 4-Bike,4,5/8/2014
13635,922,Road Tire Tube,4,5/28/2014
13635,873,Patch Kit/8 Patches,4,7/4/2013
"13635,858,""Half-Finger Gloves, S"",3,5/28/2014"
"13635,711,""Sport-100 Helmet, Blue"",4,5/28/2014"
13635,928,LL Mountain Tire,4,7/4/2013
13636,873,Patch Kit/8 Patches,4,12/16/2013
13637,870,Water Bottle - 30 oz.,4,5/24/2014
13637,872,Road Bottle Cage,4,5/24/2014
13638,870,Water Bottle - 30 oz.,4,12/26/2013
13638,871,Mountain Bottle Cage,4,12/26/2013
"13638,711,""Sport-100 Helmet, Blue"",4,5/10/2014"
13639,922,Road Tire Tube,4,7/17/2013
13639,921,Mountain Tire Tube,4,9/10/2013
13639,876,Hitch Rack - 4-Bike,4,11/21/2013
13639,928,LL Mountain Tire,4,9/10/2013
"13640,708,""Sport-100 Helmet, Black"",4,4/8/2014"
13640,873,Patch Kit/8 Patches,4,8/15/2013
13640,921,Mountain Tire Tube,4,8/15/2013
13640,922,Road Tire Tube,4,4/8/2014
13641,922,Road Tire Tube,4,8/17/2013
"13641,881,""Short-Sleeve Classic Jersey, S"",3,8/17/2013"
"13641,860,""Half-Finger Gloves, L"",3,8/17/2013"
13641,928,LL Mountain Tire,4,11/7/2013
"13642,713,""Long-Sleeve Logo Jersey, S"",3,10/15/2013"
13642,921,Mountain Tire Tube,4,10/9/2013
13643,871,Mountain Bottle Cage,4,12/25/2013
13643,870,Water Bottle - 30 oz.,4,12/25/2013
"13644,884,""Short-Sleeve Classic Jersey, XL"",3,5/25/2014"
"13645,711,""Sport-100 Helmet, Blue"",4,12/13/2013"
13645,921,Mountain Tire Tube,4,12/13/2013
13645,870,Water Bottle - 30 oz.,4,5/18/2014
13645,872,Road Bottle Cage,4,5/18/2014
"13646,860,""Half-Finger Gloves, L"",3,12/18/2013"
13646,878,Fender Set - Mountain,4,12/18/2013
"13646,884,""Short-Sleeve Classic Jersey, XL"",3,12/18/2013"
13646,870,Water Bottle - 30 oz.,4,12/18/2013
13647,930,HL Mountain Tire,4,12/12/2013
"13648,708,""Sport-100 Helmet, Black"",4,5/24/2014"
"13649,874,""Racing Socks, M"",3,5/17/2014"
13649,930,HL Mountain Tire,4,12/12/2013
"13649,707,""Sport-100 Helmet, Red"",4,12/12/2013"
13650,870,Water Bottle - 30 oz.,4,12/4/2013
13651,871,Mountain Bottle Cage,4,12/7/2013
"13651,711,""Sport-100 Helmet, Blue"",4,5/22/2014"
13651,870,Water Bottle - 30 oz.,4,12/7/2013
"13652,875,""Racing Socks, L"",3,10/8/2013"
13653,873,Patch Kit/8 Patches,4,11/5/2013
13653,877,Bike Wash - Dissolver,4,11/5/2013
"13654,708,""Sport-100 Helmet, Black"",4,12/8/2013"
"13656,711,""Sport-100 Helmet, Blue"",4,12/14/2013"
13657,712,AWC Logo Cap,3,11/6/2013
"13657,713,""Long-Sleeve Logo Jersey, S"",3,11/6/2013"
13658,873,Patch Kit/8 Patches,4,11/23/2013
"13659,707,""Sport-100 Helmet, Red"",4,11/5/2013"
"13659,874,""Racing Socks, M"",3,11/5/2013"
13660,878,Fender Set - Mountain,4,10/20/2013
13660,872,Road Bottle Cage,4,1/14/2014
"13660,707,""Sport-100 Helmet, Red"",4,10/20/2013"
13661,871,Mountain Bottle Cage,4,1/6/2014
13663,923,Touring Tire Tube,4,7/5/2013
13663,873,Patch Kit/8 Patches,4,7/5/2013
13664,870,Water Bottle - 30 oz.,4,12/27/2013
13664,934,Touring Tire,4,3/28/2014
13664,871,Mountain Bottle Cage,4,12/27/2013
13664,923,Touring Tire Tube,4,3/28/2014
13665,871,Mountain Bottle Cage,4,1/2/2014
13665,934,Touring Tire,4,6/16/2014
13665,923,Touring Tire Tube,4,6/16/2014
"13665,708,""Sport-100 Helmet, Black"",4,6/16/2014"
13668,712,AWC Logo Cap,3,7/9/2013
13668,928,LL Mountain Tire,4,7/13/2013
13668,873,Patch Kit/8 Patches,4,7/13/2013
13668,877,Bike Wash - Dissolver,4,5/9/2014
13669,877,Bike Wash - Dissolver,4,10/24/2013
13669,873,Patch Kit/8 Patches,4,6/20/2014
"13669,858,""Half-Finger Gloves, S"",3,9/20/2013"
"13669,869,""Women's Mountain Shorts, L"",3,9/20/2013"
"13670,869,""Women's Mountain Shorts, L"",3,5/4/2014"
13670,921,Mountain Tire Tube,4,10/10/2013
"13670,884,""Short-Sleeve Classic Jersey, XL"",3,5/4/2014"
13670,928,LL Mountain Tire,4,10/10/2013
13671,877,Bike Wash - Dissolver,4,6/30/2014
13671,873,Patch Kit/8 Patches,4,6/30/2014
13671,876,Hitch Rack - 4-Bike,4,6/30/2014
"13672,867,""Women's Mountain Shorts, S"",3,11/27/2013"
"13673,858,""Half-Finger Gloves, S"",3,4/19/2014"
"13674,859,""Half-Finger Gloves, M"",3,10/5/2013"
"13674,881,""Short-Sleeve Classic Jersey, S"",3,10/5/2013"
13675,923,Touring Tire Tube,4,4/10/2014
13675,870,Water Bottle - 30 oz.,4,11/16/2013
13675,712,AWC Logo Cap,3,4/10/2014
13675,871,Mountain Bottle Cage,4,11/16/2013
13675,876,Hitch Rack - 4-Bike,4,4/10/2014
13675,934,Touring Tire,4,4/10/2014
13676,933,HL Road Tire,4,1/20/2014
13676,873,Patch Kit/8 Patches,4,8/27/2013
13676,934,Touring Tire,4,8/27/2013
13677,923,Touring Tire Tube,4,6/6/2014
13680,921,Mountain Tire Tube,4,1/6/2014
13680,930,HL Mountain Tire,4,1/6/2014
"13681,707,""Sport-100 Helmet, Red"",4,3/3/2014"
13681,930,HL Mountain Tire,4,3/3/2014
13682,877,Bike Wash - Dissolver,4,11/13/2013
13682,923,Touring Tire Tube,4,11/13/2013
"13683,711,""Sport-100 Helmet, Blue"",4,3/15/2014"
"13683,714,""Long-Sleeve Logo Jersey, M"",3,3/15/2014"
"13684,711,""Sport-100 Helmet, Blue"",4,5/1/2014"
13685,930,HL Mountain Tire,4,9/20/2013
13685,922,Road Tire Tube,4,1/25/2014
13685,931,LL Road Tire,4,1/25/2014
13685,878,Fender Set - Mountain,4,9/20/2013
13688,928,LL Mountain Tire,4,11/29/2013
"13690,708,""Sport-100 Helmet, Black"",4,4/8/2014"
13690,872,Road Bottle Cage,4,4/8/2014
13691,870,Water Bottle - 30 oz.,4,1/28/2014
"13691,865,""Classic Vest, M"",3,1/28/2014"
13693,923,Touring Tire Tube,4,5/7/2014
13693,934,Touring Tire,4,5/7/2014
13694,922,Road Tire Tube,4,9/5/2013
13694,933,HL Road Tire,4,9/5/2013
"13694,708,""Sport-100 Helmet, Black"",4,9/5/2013"
13694,934,Touring Tire,4,3/2/2014
13696,712,AWC Logo Cap,3,7/24/2013
13696,921,Mountain Tire Tube,4,7/24/2013
13697,871,Mountain Bottle Cage,4,9/20/2013
"13697,860,""Half-Finger Gloves, L"",3,1/31/2014"
13697,870,Water Bottle - 30 oz.,4,9/20/2013
13698,928,LL Mountain Tire,4,7/23/2013
13698,921,Mountain Tire Tube,4,7/23/2013
13699,878,Fender Set - Mountain,4,3/17/2014
13700,878,Fender Set - Mountain,4,5/28/2014
13701,934,Touring Tire,4,1/14/2014
13701,872,Road Bottle Cage,4,1/14/2014
13701,930,HL Mountain Tire,4,2/22/2014
13701,933,HL Road Tire,4,9/30/2013
13701,871,Mountain Bottle Cage,4,6/20/2014
"13701,707,""Sport-100 Helmet, Red"",4,2/22/2014"
13701,922,Road Tire Tube,4,9/30/2013
13701,921,Mountain Tire Tube,4,2/22/2014
13703,930,HL Mountain Tire,4,10/6/2013
"13703,707,""Sport-100 Helmet, Red"",4,10/6/2013"
13704,871,Mountain Bottle Cage,4,11/7/2013
13706,873,Patch Kit/8 Patches,4,4/30/2014
13706,921,Mountain Tire Tube,4,4/30/2014
13707,870,Water Bottle - 30 oz.,4,5/2/2014
13707,923,Touring Tire Tube,4,1/29/2014
13707,922,Road Tire Tube,4,2/8/2014
13707,871,Mountain Bottle Cage,4,5/2/2014
13707,921,Mountain Tire Tube,4,6/25/2014
13707,930,HL Mountain Tire,4,6/25/2014
13707,933,HL Road Tire,4,2/8/2014
13708,871,Mountain Bottle Cage,4,12/8/2013
"13708,708,""Sport-100 Helmet, Black"",4,7/28/2013"
13708,922,Road Tire Tube,4,6/12/2014
13708,921,Mountain Tire Tube,4,10/18/2013
13708,934,Touring Tire,4,7/28/2013
13708,933,HL Road Tire,4,6/12/2014
13708,923,Touring Tire Tube,4,7/28/2013
13709,873,Patch Kit/8 Patches,4,4/13/2014
"13710,858,""Half-Finger Gloves, S"",3,4/1/2014"
"13711,865,""Classic Vest, M"",3,4/18/2014"
13713,871,Mountain Bottle Cage,4,5/22/2014
"13713,716,""Long-Sleeve Logo Jersey, XL"",3,5/22/2014"
13714,871,Mountain Bottle Cage,4,1/9/2014
13714,870,Water Bottle - 30 oz.,4,1/9/2014
13715,878,Fender Set - Mountain,4,2/14/2014
13716,870,Water Bottle - 30 oz.,4,2/18/2014
13716,880,Hydration Pack - 70 oz.,4,2/18/2014
"13717,711,""Sport-100 Helmet, Blue"",4,10/17/2013"
13717,930,HL Mountain Tire,4,10/17/2013
13721,921,Mountain Tire Tube,4,3/2/2014
"13721,708,""Sport-100 Helmet, Black"",4,3/2/2014"
13722,870,Water Bottle - 30 oz.,4,3/19/2014
13722,871,Mountain Bottle Cage,4,3/19/2014
"13722,860,""Half-Finger Gloves, L"",3,3/19/2014"
13723,921,Mountain Tire Tube,4,4/3/2014
"13723,708,""Sport-100 Helmet, Black"",4,4/3/2014"
"13725,875,""Racing Socks, L"",3,5/22/2014"
13726,878,Fender Set - Mountain,4,5/15/2014
13727,712,AWC Logo Cap,3,5/12/2014
"13727,714,""Long-Sleeve Logo Jersey, M"",3,5/12/2014"
13728,930,HL Mountain Tire,4,5/28/2014
13728,878,Fender Set - Mountain,4,5/28/2014
"13728,708,""Sport-100 Helmet, Black"",4,5/28/2014"
13729,878,Fender Set - Mountain,4,5/2/2014
13729,930,HL Mountain Tire,4,5/2/2014
"13730,858,""Half-Finger Gloves, S"",3,5/17/2014"
"13730,708,""Sport-100 Helmet, Black"",4,5/17/2014"
"13732,881,""Short-Sleeve Classic Jersey, S"",3,9/17/2013"
13732,870,Water Bottle - 30 oz.,4,9/17/2013
13732,930,HL Mountain Tire,4,1/25/2014
13733,880,Hydration Pack - 70 oz.,4,5/7/2014
13734,870,Water Bottle - 30 oz.,4,5/6/2014
13734,712,AWC Logo Cap,3,5/6/2014
13734,871,Mountain Bottle Cage,4,5/6/2014
13735,871,Mountain Bottle Cage,4,5/30/2014
13737,870,Water Bottle - 30 oz.,4,12/1/2013
13737,873,Patch Kit/8 Patches,4,12/1/2013
13737,878,Fender Set - Mountain,4,12/1/2013
"13739,713,""Long-Sleeve Logo Jersey, S"",3,1/24/2014"
"13740,711,""Sport-100 Helmet, Blue"",4,1/29/2014"
13742,873,Patch Kit/8 Patches,4,6/28/2013
13742,929,ML Mountain Tire,4,6/28/2013
"13745,711,""Sport-100 Helmet, Blue"",4,6/11/2013"
13745,921,Mountain Tire Tube,4,6/11/2013
13746,873,Patch Kit/8 Patches,4,6/25/2013
13746,929,ML Mountain Tire,4,6/25/2013
"13747,858,""Half-Finger Gloves, S"",3,6/22/2013"
"13748,716,""Long-Sleeve Logo Jersey, XL"",3,9/20/2013"
"13750,714,""Long-Sleeve Logo Jersey, M"",3,11/8/2013"
13751,871,Mountain Bottle Cage,4,11/20/2013
13751,930,HL Mountain Tire,4,5/29/2014
"13751,711,""Sport-100 Helmet, Blue"",4,5/29/2014"
13751,878,Fender Set - Mountain,4,5/29/2014
"13751,884,""Short-Sleeve Classic Jersey, XL"",3,2/18/2014"
13752,873,Patch Kit/8 Patches,4,1/14/2014
13753,877,Bike Wash - Dissolver,4,6/30/2014
13753,880,Hydration Pack - 70 oz.,4,6/30/2014
"13754,707,""Sport-100 Helmet, Red"",4,5/20/2014"
13755,878,Fender Set - Mountain,4,5/5/2014
13755,870,Water Bottle - 30 oz.,4,5/5/2014
13755,712,AWC Logo Cap,3,5/5/2014
13756,930,HL Mountain Tire,4,11/22/2013
13756,921,Mountain Tire Tube,4,11/22/2013
"13756,881,""Short-Sleeve Classic Jersey, S"",3,11/10/2013"
"13756,860,""Half-Finger Gloves, L"",3,11/22/2013"
13756,934,Touring Tire,4,8/1/2013
13756,933,HL Road Tire,4,10/15/2013
13756,923,Touring Tire Tube,4,8/1/2013
13756,870,Water Bottle - 30 oz.,4,11/10/2013
"13756,707,""Sport-100 Helmet, Red"",4,11/22/2013"
13757,878,Fender Set - Mountain,4,1/6/2014
13757,880,Hydration Pack - 70 oz.,4,1/6/2014
13758,933,HL Road Tire,4,11/17/2013
13758,879,All-Purpose Bike Stand,4,11/17/2013
13758,873,Patch Kit/8 Patches,4,1/14/2014
13758,921,Mountain Tire Tube,4,7/7/2013
13758,871,Mountain Bottle Cage,4,1/14/2014
13758,922,Road Tire Tube,4,11/17/2013
13758,930,HL Mountain Tire,4,7/7/2013
13759,870,Water Bottle - 30 oz.,4,9/3/2013
"13759,866,""Classic Vest, L"",3,9/3/2013"
13759,871,Mountain Bottle Cage,4,9/3/2013
13760,933,HL Road Tire,4,2/18/2014
13760,873,Patch Kit/8 Patches,4,11/13/2013
13760,922,Road Tire Tube,4,2/18/2014
13760,930,HL Mountain Tire,4,11/15/2013
"13760,707,""Sport-100 Helmet, Red"",4,6/5/2014"
"13760,708,""Sport-100 Helmet, Black"",4,11/15/2013"
13760,934,Touring Tire,4,6/5/2014
13760,870,Water Bottle - 30 oz.,4,11/13/2013
"13761,859,""Half-Finger Gloves, M"",3,11/24/2013"
13762,922,Road Tire Tube,4,8/27/2013
13762,870,Water Bottle - 30 oz.,4,5/21/2014
13762,930,HL Mountain Tire,4,2/22/2014
13762,933,HL Road Tire,4,8/27/2013
13762,878,Fender Set - Mountain,4,2/22/2014
13762,923,Touring Tire Tube,4,6/7/2014
"13762,865,""Classic Vest, M"",3,5/21/2014"
13762,712,AWC Logo Cap,3,6/7/2014
13763,878,Fender Set - Mountain,4,2/10/2014
13764,930,HL Mountain Tire,4,8/17/2013
13764,921,Mountain Tire Tube,4,8/17/2013
"13765,707,""Sport-100 Helmet, Red"",4,2/10/2014"
13767,878,Fender Set - Mountain,4,5/15/2014
13767,871,Mountain Bottle Cage,4,5/15/2014
13769,930,HL Mountain Tire,4,10/27/2013
13770,870,Water Bottle - 30 oz.,4,9/9/2013
"13771,858,""Half-Finger Gloves, S"",3,3/17/2014"
13771,872,Road Bottle Cage,4,3/17/2014
13771,870,Water Bottle - 30 oz.,4,3/17/2014
13771,930,HL Mountain Tire,4,9/29/2013
13771,712,AWC Logo Cap,3,9/29/2013
13773,930,HL Mountain Tire,4,12/10/2013
13773,921,Mountain Tire Tube,4,12/10/2013
"13774,708,""Sport-100 Helmet, Black"",4,6/7/2013"
13775,923,Touring Tire Tube,4,5/21/2014
"13775,875,""Racing Socks, L"",3,5/21/2014"
13776,922,Road Tire Tube,4,8/16/2013
13776,934,Touring Tire,4,8/8/2013
13776,923,Touring Tire Tube,4,8/8/2013
13777,870,Water Bottle - 30 oz.,4,2/4/2014
13777,871,Mountain Bottle Cage,4,2/4/2014
13777,712,AWC Logo Cap,3,5/29/2014
13779,921,Mountain Tire Tube,4,9/18/2013
13779,878,Fender Set - Mountain,4,9/18/2013
13779,880,Hydration Pack - 70 oz.,4,9/18/2013
"13780,860,""Half-Finger Gloves, L"",3,4/26/2014"
"13781,708,""Sport-100 Helmet, Black"",4,11/3/2013"
13781,930,HL Mountain Tire,4,11/18/2013
13781,921,Mountain Tire Tube,4,11/18/2013
"13782,708,""Sport-100 Helmet, Black"",4,3/17/2014"
13782,872,Road Bottle Cage,4,3/17/2014
13782,871,Mountain Bottle Cage,4,11/2/2013
13783,878,Fender Set - Mountain,4,2/8/2014
13785,872,Road Bottle Cage,4,9/29/2013
13785,922,Road Tire Tube,4,11/17/2013
13785,933,HL Road Tire,4,11/17/2013
13785,873,Patch Kit/8 Patches,4,11/17/2013
13785,870,Water Bottle - 30 oz.,4,9/29/2013
"13785,708,""Sport-100 Helmet, Black"",4,9/29/2013"
13787,880,Hydration Pack - 70 oz.,4,10/16/2013
13788,877,Bike Wash - Dissolver,4,3/20/2014
13788,923,Touring Tire Tube,4,8/30/2013
13788,873,Patch Kit/8 Patches,4,3/20/2014
13788,876,Hitch Rack - 4-Bike,4,3/20/2014
13788,934,Touring Tire,4,8/30/2013
13791,933,HL Road Tire,4,11/5/2013
13791,922,Road Tire Tube,4,11/5/2013
13791,923,Touring Tire Tube,4,2/10/2014
13791,934,Touring Tire,4,2/10/2014
"13792,883,""Short-Sleeve Classic Jersey, L"",3,5/24/2014"
13792,930,HL Mountain Tire,4,2/16/2014
13792,872,Road Bottle Cage,4,5/24/2014
13794,872,Road Bottle Cage,4,5/14/2014
13794,930,HL Mountain Tire,4,3/21/2014
"13794,711,""Sport-100 Helmet, Blue"",4,5/14/2014"
13794,870,Water Bottle - 30 oz.,4,5/14/2014
"13796,707,""Sport-100 Helmet, Red"",4,4/3/2014"
13797,923,Touring Tire Tube,4,6/1/2014
13798,934,Touring Tire,4,5/7/2014
"13798,864,""Classic Vest, S"",3,6/7/2014"
13798,933,HL Road Tire,4,6/7/2014
13798,923,Touring Tire Tube,4,5/7/2014
"13799,714,""Long-Sleeve Logo Jersey, M"",3,9/7/2013"
13802,870,Water Bottle - 30 oz.,4,7/25/2013
13802,871,Mountain Bottle Cage,4,7/25/2013
13802,921,Mountain Tire Tube,4,7/25/2013
"13802,860,""Half-Finger Gloves, L"",3,7/25/2013"
13803,879,All-Purpose Bike Stand,4,1/12/2014
13803,873,Patch Kit/8 Patches,4,1/12/2014
13804,873,Patch Kit/8 Patches,4,6/2/2014
13805,922,Road Tire Tube,4,10/29/2013
"13806,716,""Long-Sleeve Logo Jersey, XL"",3,10/28/2013"
13806,871,Mountain Bottle Cage,4,10/28/2013
"13806,858,""Half-Finger Gloves, S"",3,10/28/2013"
"13806,711,""Sport-100 Helmet, Blue"",4,10/28/2013"
13808,712,AWC Logo Cap,3,10/23/2013
13809,932,ML Road Tire,4,9/18/2013
"13809,708,""Sport-100 Helmet, Black"",4,9/18/2013"
13809,922,Road Tire Tube,4,9/18/2013
"13810,858,""Half-Finger Gloves, S"",3,5/21/2014"
13810,922,Road Tire Tube,4,5/21/2014
13813,921,Mountain Tire Tube,4,8/3/2013
"13813,708,""Sport-100 Helmet, Black"",4,8/3/2013"
13814,933,HL Road Tire,4,9/13/2013
"13814,884,""Short-Sleeve Classic Jersey, XL"",3,8/22/2013"
13814,923,Touring Tire Tube,4,8/22/2013
"13814,716,""Long-Sleeve Logo Jersey, XL"",3,9/13/2013"
"13814,859,""Half-Finger Gloves, M"",3,9/13/2013"
13815,923,Touring Tire Tube,4,7/12/2013
"13815,707,""Sport-100 Helmet, Red"",4,2/28/2014"
13815,922,Road Tire Tube,4,2/28/2014
13815,934,Touring Tire,4,7/12/2013
13816,923,Touring Tire Tube,4,9/23/2013
"13816,715,""Long-Sleeve Logo Jersey, L"",3,9/23/2013"
13816,876,Hitch Rack - 4-Bike,4,9/23/2013
13816,922,Road Tire Tube,4,1/30/2014
13816,712,AWC Logo Cap,3,9/23/2013
13816,934,Touring Tire,4,9/23/2013
13816,933,HL Road Tire,4,1/30/2014
13818,921,Mountain Tire Tube,4,7/3/2013
13821,873,Patch Kit/8 Patches,4,2/10/2014
13821,930,HL Mountain Tire,4,2/10/2014
13822,870,Water Bottle - 30 oz.,4,11/13/2013
"13822,708,""Sport-100 Helmet, Black"",4,11/13/2013"
13822,871,Mountain Bottle Cage,4,11/13/2013
13823,880,Hydration Pack - 70 oz.,4,10/17/2013
13825,930,HL Mountain Tire,4,1/25/2014
"13826,711,""Sport-100 Helmet, Blue"",4,4/8/2014"
13826,923,Touring Tire Tube,4,4/8/2014
13827,923,Touring Tire Tube,4,12/17/2013
13828,879,All-Purpose Bike Stand,4,4/2/2014
13828,873,Patch Kit/8 Patches,4,4/2/2014
13829,873,Patch Kit/8 Patches,4,10/5/2013
13830,933,HL Road Tire,4,6/11/2014
13830,922,Road Tire Tube,4,6/11/2014
13830,880,Hydration Pack - 70 oz.,4,5/13/2014
13830,923,Touring Tire Tube,4,5/13/2014
13832,878,Fender Set - Mountain,4,8/20/2013
"13833,714,""Long-Sleeve Logo Jersey, M"",3,4/20/2014"
13833,878,Fender Set - Mountain,4,4/20/2014
13835,871,Mountain Bottle Cage,4,1/28/2014
13835,878,Fender Set - Mountain,4,1/28/2014
13836,873,Patch Kit/8 Patches,4,11/24/2013
"13837,713,""Long-Sleeve Logo Jersey, S"",3,4/14/2014"
"13837,707,""Sport-100 Helmet, Red"",4,4/14/2014"
13838,934,Touring Tire,4,2/11/2014
13838,923,Touring Tire Tube,4,2/11/2014
"13838,707,""Sport-100 Helmet, Red"",4,5/26/2014"
13838,922,Road Tire Tube,4,5/26/2014
"13840,715,""Long-Sleeve Logo Jersey, L"",3,12/28/2013"
13842,878,Fender Set - Mountain,4,11/21/2013
13843,712,AWC Logo Cap,3,8/11/2013
13845,712,AWC Logo Cap,3,2/24/2014
13847,871,Mountain Bottle Cage,4,2/2/2014
13848,878,Fender Set - Mountain,4,7/12/2013
13848,871,Mountain Bottle Cage,4,7/12/2013
"13848,860,""Half-Finger Gloves, L"",3,7/12/2013"
"13849,868,""Women's Mountain Shorts, M"",3,6/12/2013"
"13850,708,""Sport-100 Helmet, Black"",4,11/3/2013"
13851,878,Fender Set - Mountain,4,4/13/2014
13851,871,Mountain Bottle Cage,4,4/13/2014
13854,921,Mountain Tire Tube,4,7/12/2013
"13855,859,""Half-Finger Gloves, M"",3,7/29/2013"
"13855,713,""Long-Sleeve Logo Jersey, S"",3,7/29/2013"
13856,712,AWC Logo Cap,3,7/19/2013
"13857,874,""Racing Socks, M"",3,5/12/2014"
13857,870,Water Bottle - 30 oz.,4,5/12/2014
13857,878,Fender Set - Mountain,4,5/12/2014
"13858,708,""Sport-100 Helmet, Black"",4,1/10/2014"
13858,878,Fender Set - Mountain,4,1/10/2014
13858,871,Mountain Bottle Cage,4,1/10/2014
13860,870,Water Bottle - 30 oz.,4,7/4/2013
13860,873,Patch Kit/8 Patches,4,3/6/2014
13860,871,Mountain Bottle Cage,4,7/4/2013
13860,930,HL Mountain Tire,4,9/13/2013
13860,922,Road Tire Tube,4,3/6/2014
13860,934,Touring Tire,4,6/21/2014
13863,878,Fender Set - Mountain,4,2/8/2014
13865,878,Fender Set - Mountain,4,11/8/2013
13866,930,HL Mountain Tire,4,11/7/2013
13866,921,Mountain Tire Tube,4,11/7/2013
"13866,881,""Short-Sleeve Classic Jersey, S"",3,11/7/2013"
"13866,708,""Sport-100 Helmet, Black"",4,11/7/2013"
13867,878,Fender Set - Mountain,4,11/1/2013
"13868,875,""Racing Socks, L"",3,8/24/2013"
"13871,714,""Long-Sleeve Logo Jersey, M"",3,7/26/2013"
"13871,858,""Half-Finger Gloves, S"",3,7/26/2013"
13872,879,All-Purpose Bike Stand,4,7/4/2013
13874,878,Fender Set - Mountain,4,12/24/2013
13875,873,Patch Kit/8 Patches,4,6/26/2014
13877,712,AWC Logo Cap,3,7/30/2013
13878,878,Fender Set - Mountain,4,5/17/2014
"13880,716,""Long-Sleeve Logo Jersey, XL"",3,12/7/2013"
"13881,716,""Long-Sleeve Logo Jersey, XL"",3,1/27/2014"
"13882,711,""Sport-100 Helmet, Blue"",4,7/8/2013"
13882,929,ML Mountain Tire,4,7/8/2013
"13884,711,""Sport-100 Helmet, Blue"",4,7/14/2013"
13884,921,Mountain Tire Tube,4,7/14/2013
13884,929,ML Mountain Tire,4,7/14/2013
"13885,707,""Sport-100 Helmet, Red"",4,11/2/2013"
"13885,858,""Half-Finger Gloves, S"",3,11/2/2013"
13889,712,AWC Logo Cap,3,7/28/2013
"13889,884,""Short-Sleeve Classic Jersey, XL"",3,7/28/2013"
13890,878,Fender Set - Mountain,4,8/18/2013
"13891,865,""Classic Vest, M"",3,10/7/2013"
13894,878,Fender Set - Mountain,4,11/16/2013
"13894,707,""Sport-100 Helmet, Red"",4,11/16/2013"
13894,870,Water Bottle - 30 oz.,4,11/16/2013
"13895,708,""Sport-100 Helmet, Black"",4,11/1/2013"
13896,930,HL Mountain Tire,4,11/6/2013
13898,878,Fender Set - Mountain,4,11/10/2013
13898,870,Water Bottle - 30 oz.,4,11/10/2013
13898,871,Mountain Bottle Cage,4,11/10/2013
"13901,707,""Sport-100 Helmet, Red"",4,11/11/2013"
13901,871,Mountain Bottle Cage,4,11/11/2013
"13905,715,""Long-Sleeve Logo Jersey, L"",3,11/29/2013"
13908,934,Touring Tire,4,1/17/2014
13908,923,Touring Tire Tube,4,1/17/2014
"13909,711,""Sport-100 Helmet, Blue"",4,2/3/2014"
13909,870,Water Bottle - 30 oz.,4,10/5/2013
13909,871,Mountain Bottle Cage,4,10/5/2013
"13910,707,""Sport-100 Helmet, Red"",4,11/13/2013"
13910,871,Mountain Bottle Cage,4,11/13/2013
"13911,716,""Long-Sleeve Logo Jersey, XL"",3,11/26/2013"
13912,878,Fender Set - Mountain,4,10/30/2013
"13913,713,""Long-Sleeve Logo Jersey, S"",3,12/8/2013"
13913,878,Fender Set - Mountain,4,12/8/2013
"13914,713,""Long-Sleeve Logo Jersey, S"",3,9/26/2013"
"13915,860,""Half-Finger Gloves, L"",3,8/2/2013"
13917,929,ML Mountain Tire,4,8/1/2013
"13917,708,""Sport-100 Helmet, Black"",4,8/1/2013"
13918,871,Mountain Bottle Cage,4,5/18/2014
13918,870,Water Bottle - 30 oz.,4,5/18/2014
13918,712,AWC Logo Cap,3,5/18/2014
13919,878,Fender Set - Mountain,4,6/6/2014
13920,921,Mountain Tire Tube,4,12/23/2013
"13920,707,""Sport-100 Helmet, Red"",4,3/31/2014"
13920,871,Mountain Bottle Cage,4,11/27/2013
"13920,866,""Classic Vest, L"",3,11/27/2013"
"13920,708,""Sport-100 Helmet, Black"",4,9/7/2013"
13920,923,Touring Tire Tube,4,3/31/2014
13920,870,Water Bottle - 30 oz.,4,11/27/2013
13920,934,Touring Tire,4,3/31/2014
13920,877,Bike Wash - Dissolver,4,12/23/2013
13921,878,Fender Set - Mountain,4,3/6/2014
13922,878,Fender Set - Mountain,4,4/16/2014
13923,878,Fender Set - Mountain,4,9/10/2013
13924,878,Fender Set - Mountain,4,11/28/2013
"13926,707,""Sport-100 Helmet, Red"",4,10/5/2013"
13928,878,Fender Set - Mountain,4,5/13/2014
13929,878,Fender Set - Mountain,4,6/29/2014
13930,880,Hydration Pack - 70 oz.,4,3/30/2014
13930,878,Fender Set - Mountain,4,3/30/2014
"13933,708,""Sport-100 Helmet, Black"",4,7/29/2013"
"13934,874,""Racing Socks, M"",3,5/8/2014"
13935,878,Fender Set - Mountain,4,8/2/2013
"13936,713,""Long-Sleeve Logo Jersey, S"",3,4/10/2014"
13936,871,Mountain Bottle Cage,4,4/10/2014
"13936,715,""Long-Sleeve Logo Jersey, L"",3,3/22/2014"
13936,870,Water Bottle - 30 oz.,4,4/10/2014
13936,880,Hydration Pack - 70 oz.,4,3/22/2014
"13937,866,""Classic Vest, L"",3,1/5/2014"
13938,921,Mountain Tire Tube,4,8/17/2013
"13938,713,""Long-Sleeve Logo Jersey, S"",3,8/17/2013"
"13938,707,""Sport-100 Helmet, Red"",4,8/17/2013"
"13939,884,""Short-Sleeve Classic Jersey, XL"",3,8/9/2013"
13939,712,AWC Logo Cap,3,8/9/2013
13940,878,Fender Set - Mountain,4,1/8/2014
13941,933,HL Road Tire,4,10/3/2013
13941,930,HL Mountain Tire,4,5/21/2014
13941,870,Water Bottle - 30 oz.,4,5/11/2014
13941,876,Hitch Rack - 4-Bike,4,5/11/2014
13941,921,Mountain Tire Tube,4,5/21/2014
13941,922,Road Tire Tube,4,10/3/2013
13941,871,Mountain Bottle Cage,4,5/11/2014
13941,712,AWC Logo Cap,3,5/11/2014
13942,878,Fender Set - Mountain,4,8/7/2013
13943,870,Water Bottle - 30 oz.,4,2/4/2014
13943,871,Mountain Bottle Cage,4,2/4/2014
13944,922,Road Tire Tube,4,10/6/2013
13944,873,Patch Kit/8 Patches,4,3/27/2014
13944,930,HL Mountain Tire,4,3/27/2014
13944,933,HL Road Tire,4,10/6/2013
"13944,711,""Sport-100 Helmet, Blue"",4,10/6/2013"
13944,934,Touring Tire,4,7/9/2013
13944,871,Mountain Bottle Cage,4,6/8/2014
"13945,707,""Sport-100 Helmet, Red"",4,8/15/2013"
13947,921,Mountain Tire Tube,4,11/26/2013
13947,930,HL Mountain Tire,4,11/26/2013
13948,878,Fender Set - Mountain,4,11/18/2013
13949,878,Fender Set - Mountain,4,11/29/2013
13950,873,Patch Kit/8 Patches,4,2/27/2014
13951,878,Fender Set - Mountain,4,2/26/2014
13952,921,Mountain Tire Tube,4,3/3/2014
13952,928,LL Mountain Tire,4,3/3/2014
13952,873,Patch Kit/8 Patches,4,3/3/2014
"13953,884,""Short-Sleeve Classic Jersey, XL"",3,5/21/2014"
13953,873,Patch Kit/8 Patches,4,12/14/2013
"13954,874,""Racing Socks, M"",3,3/6/2014"
"13954,859,""Half-Finger Gloves, M"",3,12/15/2013"
13954,928,LL Mountain Tire,4,12/9/2013
13955,870,Water Bottle - 30 oz.,4,12/27/2013
"13955,860,""Half-Finger Gloves, L"",3,5/17/2014"
"13955,708,""Sport-100 Helmet, Black"",4,5/17/2014"
13955,871,Mountain Bottle Cage,4,12/27/2013
"13956,715,""Long-Sleeve Logo Jersey, L"",3,1/11/2014"
13956,873,Patch Kit/8 Patches,4,3/23/2014
13956,921,Mountain Tire Tube,4,3/23/2014
13957,880,Hydration Pack - 70 oz.,4,5/14/2014
13958,878,Fender Set - Mountain,4,12/25/2013
"13959,884,""Short-Sleeve Classic Jersey, XL"",3,5/12/2014"
13959,712,AWC Logo Cap,3,5/12/2014
13959,921,Mountain Tire Tube,4,1/21/2014
13959,930,HL Mountain Tire,4,1/21/2014
13960,873,Patch Kit/8 Patches,4,1/25/2014
13960,712,AWC Logo Cap,3,5/25/2014
"13960,715,""Long-Sleeve Logo Jersey, L"",3,5/25/2014"
13961,928,LL Mountain Tire,4,6/18/2014
13961,921,Mountain Tire Tube,4,6/18/2014
"13961,707,""Sport-100 Helmet, Red"",4,6/18/2014"
"13961,716,""Long-Sleeve Logo Jersey, XL"",3,3/3/2014"
13962,877,Bike Wash - Dissolver,4,7/23/2013
13962,873,Patch Kit/8 Patches,4,7/23/2013
13962,928,LL Mountain Tire,4,7/23/2013
13962,921,Mountain Tire Tube,4,7/23/2013
"13963,859,""Half-Finger Gloves, M"",3,10/1/2013"
13963,928,LL Mountain Tire,4,6/15/2014
13963,921,Mountain Tire Tube,4,6/15/2014
"13963,707,""Sport-100 Helmet, Red"",4,6/15/2014"
13964,878,Fender Set - Mountain,4,1/27/2014
13965,921,Mountain Tire Tube,4,1/12/2014
"13965,708,""Sport-100 Helmet, Black"",4,1/12/2014"
13965,930,HL Mountain Tire,4,1/12/2014
13965,872,Road Bottle Cage,4,5/22/2014
13966,921,Mountain Tire Tube,4,1/16/2014
13966,930,HL Mountain Tire,4,1/16/2014
"13966,708,""Sport-100 Helmet, Black"",4,1/16/2014"
13966,870,Water Bottle - 30 oz.,4,5/28/2014
"13967,865,""Classic Vest, M"",3,5/30/2014"
13967,921,Mountain Tire Tube,4,5/30/2014
"13967,708,""Sport-100 Helmet, Black"",4,5/21/2014"
13967,930,HL Mountain Tire,4,5/30/2014
13968,872,Road Bottle Cage,4,8/20/2013
"13968,711,""Sport-100 Helmet, Blue"",4,8/20/2013"
13968,870,Water Bottle - 30 oz.,4,5/24/2014
13968,712,AWC Logo Cap,3,5/24/2014
13969,873,Patch Kit/8 Patches,4,5/13/2014
"13969,716,""Long-Sleeve Logo Jersey, XL"",3,2/20/2014"
13970,880,Hydration Pack - 70 oz.,4,1/1/2014
13971,870,Water Bottle - 30 oz.,4,1/7/2014
13971,934,Touring Tire,4,5/26/2014
13972,873,Patch Kit/8 Patches,4,5/27/2014
"13972,714,""Long-Sleeve Logo Jersey, M"",3,3/13/2014"
13973,870,Water Bottle - 30 oz.,4,9/13/2013
13973,880,Hydration Pack - 70 oz.,4,5/11/2014
13973,872,Road Bottle Cage,4,9/13/2013
"13974,881,""Short-Sleeve Classic Jersey, S"",3,10/3/2013"
13974,921,Mountain Tire Tube,4,5/3/2014
13974,930,HL Mountain Tire,4,5/3/2014
"13975,716,""Long-Sleeve Logo Jersey, XL"",3,11/11/2013"
13977,921,Mountain Tire Tube,4,11/23/2013
13977,877,Bike Wash - Dissolver,4,11/23/2013
13977,873,Patch Kit/8 Patches,4,11/23/2013
13978,878,Fender Set - Mountain,4,11/22/2013
13978,870,Water Bottle - 30 oz.,4,11/22/2013
13980,878,Fender Set - Mountain,4,9/21/2013
13981,928,LL Mountain Tire,4,12/20/2013
"13981,881,""Short-Sleeve Classic Jersey, S"",3,10/5/2013"
"13981,708,""Sport-100 Helmet, Black"",4,10/5/2013"
13981,873,Patch Kit/8 Patches,4,12/20/2013
13982,928,LL Mountain Tire,4,4/7/2014
13983,928,LL Mountain Tire,4,8/8/2013
13983,871,Mountain Bottle Cage,4,8/8/2013
"13983,708,""Sport-100 Helmet, Black"",4,12/26/2013"
13983,921,Mountain Tire Tube,4,8/8/2013
"13983,860,""Half-Finger Gloves, L"",3,8/8/2013"
13983,878,Fender Set - Mountain,4,8/8/2013
13985,878,Fender Set - Mountain,4,9/22/2013
"13986,868,""Women's Mountain Shorts, M"",3,8/23/2013"
13988,871,Mountain Bottle Cage,4,3/2/2014
"13988,708,""Sport-100 Helmet, Black"",4,12/28/2013"
13988,934,Touring Tire,4,3/4/2014
13988,921,Mountain Tire Tube,4,12/28/2013
"13988,711,""Sport-100 Helmet, Blue"",4,3/2/2014"
13988,923,Touring Tire Tube,4,3/4/2014
13988,870,Water Bottle - 30 oz.,4,3/2/2014
13988,930,HL Mountain Tire,4,12/28/2013
"13989,859,""Half-Finger Gloves, M"",3,8/19/2013"
"13990,881,""Short-Sleeve Classic Jersey, S"",3,8/26/2013"
"13991,864,""Classic Vest, S"",3,4/4/2014"
13992,929,ML Mountain Tire,4,9/12/2013
13994,872,Road Bottle Cage,4,2/10/2014
13995,928,LL Mountain Tire,4,4/19/2014
"13995,707,""Sport-100 Helmet, Red"",4,10/15/2013"
13996,932,ML Road Tire,4,10/15/2013
13996,873,Patch Kit/8 Patches,4,10/15/2013
13996,922,Road Tire Tube,4,10/15/2013
"13997,708,""Sport-100 Helmet, Black"",4,5/27/2014"
13997,933,HL Road Tire,4,5/27/2014
13998,932,ML Road Tire,4,3/24/2014
13998,712,AWC Logo Cap,3,7/7/2013
"13998,884,""Short-Sleeve Classic Jersey, XL"",3,7/7/2013"
"13998,707,""Sport-100 Helmet, Red"",4,7/7/2013"
14000,880,Hydration Pack - 70 oz.,4,12/27/2013
14000,877,Bike Wash - Dissolver,4,12/27/2013
"14001,707,""Sport-100 Helmet, Red"",4,1/8/2014"
14001,878,Fender Set - Mountain,4,1/8/2014
"14002,865,""Classic Vest, M"",3,8/15/2013"
"14003,875,""Racing Socks, L"",3,3/2/2014"
14003,921,Mountain Tire Tube,4,3/2/2014
"14004,708,""Sport-100 Helmet, Black"",4,1/26/2014"
14005,870,Water Bottle - 30 oz.,4,11/1/2013
"14005,874,""Racing Socks, M"",3,11/1/2013"
"14008,711,""Sport-100 Helmet, Blue"",4,7/15/2013"
14008,922,Road Tire Tube,4,12/25/2013
14009,932,ML Road Tire,4,4/6/2014
"14009,708,""Sport-100 Helmet, Black"",4,3/16/2014"
"14010,707,""Sport-100 Helmet, Red"",4,7/30/2013"
"14011,707,""Sport-100 Helmet, Red"",4,7/16/2013"
14012,930,HL Mountain Tire,4,5/8/2014
"14012,866,""Classic Vest, L"",3,5/8/2014"
14012,921,Mountain Tire Tube,4,5/8/2014
"14013,715,""Long-Sleeve Logo Jersey, L"",3,10/6/2013"
14013,932,ML Road Tire,4,10/6/2013
"14013,708,""Sport-100 Helmet, Black"",4,5/14/2014"
"14013,859,""Half-Finger Gloves, M"",3,10/6/2013"
"14014,708,""Sport-100 Helmet, Black"",4,10/20/2013"
14014,932,ML Road Tire,4,4/4/2014
"14015,708,""Sport-100 Helmet, Black"",4,3/25/2014"
14016,932,ML Road Tire,4,2/5/2014
"14016,708,""Sport-100 Helmet, Black"",4,2/5/2014"
14016,933,HL Road Tire,4,12/23/2013
14016,922,Road Tire Tube,4,2/5/2014
14017,712,AWC Logo Cap,3,8/31/2013
14018,922,Road Tire Tube,4,3/27/2014
14018,932,ML Road Tire,4,3/7/2014
14018,933,HL Road Tire,4,3/27/2014
14019,922,Road Tire Tube,4,6/6/2014
14019,933,HL Road Tire,4,6/6/2014
14020,873,Patch Kit/8 Patches,4,1/7/2014
"14022,711,""Sport-100 Helmet, Blue"",4,4/7/2014"
14022,921,Mountain Tire Tube,4,4/7/2014
14022,928,LL Mountain Tire,4,4/7/2014
"14024,868,""Women's Mountain Shorts, M"",3,9/5/2013"
14024,712,AWC Logo Cap,3,9/5/2013
14025,870,Water Bottle - 30 oz.,4,5/7/2014
"14025,875,""Racing Socks, L"",3,5/7/2014"
14025,871,Mountain Bottle Cage,4,5/7/2014
14026,873,Patch Kit/8 Patches,4,5/11/2014
14028,870,Water Bottle - 30 oz.,4,12/19/2013
14028,878,Fender Set - Mountain,4,12/19/2013
14028,880,Hydration Pack - 70 oz.,4,12/19/2013
"14029,708,""Sport-100 Helmet, Black"",4,6/30/2014"
"14030,707,""Sport-100 Helmet, Red"",4,5/12/2014"
14031,870,Water Bottle - 30 oz.,4,1/17/2014
14031,879,All-Purpose Bike Stand,4,1/17/2014
14031,873,Patch Kit/8 Patches,4,1/17/2014
"14031,711,""Sport-100 Helmet, Blue"",4,5/12/2014"
14032,871,Mountain Bottle Cage,4,1/4/2014
"14032,713,""Long-Sleeve Logo Jersey, S"",3,1/4/2014"
14032,712,AWC Logo Cap,3,1/4/2014
14032,870,Water Bottle - 30 oz.,4,1/4/2014
"14033,711,""Sport-100 Helmet, Blue"",4,5/17/2014"
14034,921,Mountain Tire Tube,4,5/11/2014
14034,928,LL Mountain Tire,4,5/11/2014
"14034,715,""Long-Sleeve Logo Jersey, L"",3,12/23/2013"
14034,878,Fender Set - Mountain,4,5/11/2014
14035,878,Fender Set - Mountain,4,12/27/2013
"14035,707,""Sport-100 Helmet, Red"",4,12/27/2013"
"14037,713,""Long-Sleeve Logo Jersey, S"",3,9/23/2013"
"14037,867,""Women's Mountain Shorts, S"",3,9/23/2013"
"14038,711,""Sport-100 Helmet, Blue"",4,1/1/2014"
14038,712,AWC Logo Cap,3,5/19/2014
"14039,711,""Sport-100 Helmet, Blue"",4,5/7/2014"
14040,871,Mountain Bottle Cage,4,11/12/2013
14041,934,Touring Tire,4,2/6/2014
14041,878,Fender Set - Mountain,4,10/4/2013
"14043,707,""Sport-100 Helmet, Red"",4,8/5/2013"
14044,873,Patch Kit/8 Patches,4,11/4/2013
14045,878,Fender Set - Mountain,4,1/14/2014
"14046,884,""Short-Sleeve Classic Jersey, XL"",3,6/23/2013"
14047,873,Patch Kit/8 Patches,4,1/13/2014
14048,870,Water Bottle - 30 oz.,4,5/10/2014
14049,921,Mountain Tire Tube,4,5/22/2014
14049,872,Road Bottle Cage,4,11/1/2013
14049,930,HL Mountain Tire,4,5/22/2014
14049,876,Hitch Rack - 4-Bike,4,11/1/2013
"14050,711,""Sport-100 Helmet, Blue"",4,1/4/2014"
14051,872,Road Bottle Cage,4,7/8/2013
"14051,874,""Racing Socks, M"",3,7/8/2013"
14052,928,LL Mountain Tire,4,7/2/2013
14052,873,Patch Kit/8 Patches,4,7/2/2013
14052,712,AWC Logo Cap,3,11/5/2013
14053,873,Patch Kit/8 Patches,4,7/11/2013
"14053,716,""Long-Sleeve Logo Jersey, XL"",3,7/9/2013"
14053,712,AWC Logo Cap,3,7/9/2013
"14054,859,""Half-Finger Gloves, M"",3,5/17/2014"
"14054,867,""Women's Mountain Shorts, S"",3,6/26/2014"
14054,873,Patch Kit/8 Patches,4,5/1/2014
14054,928,LL Mountain Tire,4,5/1/2014
14055,712,AWC Logo Cap,3,1/15/2014
14055,878,Fender Set - Mountain,4,5/30/2014
"14056,860,""Half-Finger Gloves, L"",3,10/9/2013"
14056,712,AWC Logo Cap,3,6/20/2014
14056,928,LL Mountain Tire,4,12/14/2013
14057,928,LL Mountain Tire,4,2/4/2014
"14057,714,""Long-Sleeve Logo Jersey, M"",3,6/22/2014"
14057,921,Mountain Tire Tube,4,2/4/2014
14058,873,Patch Kit/8 Patches,4,1/3/2014
14058,934,Touring Tire,4,7/19/2013
14058,923,Touring Tire Tube,4,7/19/2013
14059,921,Mountain Tire Tube,4,12/4/2013
"14059,714,""Long-Sleeve Logo Jersey, M"",3,8/17/2013"
"14059,860,""Half-Finger Gloves, L"",3,8/17/2013"
14059,928,LL Mountain Tire,4,12/4/2013
"14060,714,""Long-Sleeve Logo Jersey, M"",3,8/13/2013"
"14060,859,""Half-Finger Gloves, M"",3,3/26/2014"
14061,873,Patch Kit/8 Patches,4,7/30/2013
14061,921,Mountain Tire Tube,4,7/30/2013
14061,928,LL Mountain Tire,4,7/30/2013
"14062,875,""Racing Socks, L"",3,8/12/2013"
"14063,707,""Sport-100 Helmet, Red"",4,8/13/2013"
"14064,708,""Sport-100 Helmet, Black"",4,9/7/2013"
"14064,882,""Short-Sleeve Classic Jersey, M"",3,9/7/2013"
14064,870,Water Bottle - 30 oz.,4,1/19/2014
14064,712,AWC Logo Cap,3,1/19/2014
14066,872,Road Bottle Cage,4,1/9/2014
14066,929,ML Mountain Tire,4,5/31/2013
14066,870,Water Bottle - 30 oz.,4,1/9/2014
14066,921,Mountain Tire Tube,4,5/31/2013
14067,928,LL Mountain Tire,4,1/16/2014
"14067,716,""Long-Sleeve Logo Jersey, XL"",3,9/11/2013"
"14067,708,""Sport-100 Helmet, Black"",4,1/16/2014"
14068,928,LL Mountain Tire,4,10/2/2013
14068,873,Patch Kit/8 Patches,4,10/2/2013
"14069,716,""Long-Sleeve Logo Jersey, XL"",3,5/26/2014"
"14069,713,""Long-Sleeve Logo Jersey, S"",3,1/27/2014"
14069,921,Mountain Tire Tube,4,5/26/2014
14069,712,AWC Logo Cap,3,5/26/2014
14071,934,Touring Tire,4,9/21/2013
14072,928,LL Mountain Tire,4,1/18/2014
14073,922,Road Tire Tube,4,3/23/2014
"14073,884,""Short-Sleeve Classic Jersey, XL"",3,3/23/2014"
14073,933,HL Road Tire,4,7/16/2013
14073,932,ML Road Tire,4,3/23/2014
14074,933,HL Road Tire,4,10/27/2013
14074,873,Patch Kit/8 Patches,4,10/12/2013
"14075,711,""Sport-100 Helmet, Blue"",4,9/23/2013"
14076,878,Fender Set - Mountain,4,10/3/2013
14077,871,Mountain Bottle Cage,4,1/1/2014
14077,873,Patch Kit/8 Patches,4,3/14/2014
14077,928,LL Mountain Tire,4,3/21/2014
14077,932,ML Road Tire,4,3/5/2014
14077,870,Water Bottle - 30 oz.,4,1/1/2014
"14077,884,""Short-Sleeve Classic Jersey, XL"",3,1/1/2014"
"14079,707,""Sport-100 Helmet, Red"",4,5/5/2014"
14079,871,Mountain Bottle Cage,4,10/19/2013
14079,923,Touring Tire Tube,4,5/5/2014
14079,873,Patch Kit/8 Patches,4,6/28/2014
"14079,866,""Classic Vest, L"",3,10/19/2013"
14079,934,Touring Tire,4,5/5/2014
14079,870,Water Bottle - 30 oz.,4,10/19/2013
14079,933,HL Road Tire,4,6/28/2014
14080,712,AWC Logo Cap,3,9/6/2013
14084,870,Water Bottle - 30 oz.,4,1/27/2014
14084,922,Road Tire Tube,4,1/14/2014
14084,928,LL Mountain Tire,4,10/13/2013
14084,877,Bike Wash - Dissolver,4,10/13/2013
14084,871,Mountain Bottle Cage,4,1/27/2014
14084,930,HL Mountain Tire,4,10/4/2013
14084,932,ML Road Tire,4,1/14/2014
14085,871,Mountain Bottle Cage,4,9/24/2013
14085,878,Fender Set - Mountain,4,9/24/2013
14086,873,Patch Kit/8 Patches,4,6/22/2014
14086,933,HL Road Tire,4,6/22/2014
14086,932,ML Road Tire,4,3/24/2014
"14087,866,""Classic Vest, L"",3,9/27/2013"
"14087,867,""Women's Mountain Shorts, S"",3,9/27/2013"
"14087,858,""Half-Finger Gloves, S"",3,12/8/2013"
14087,879,All-Purpose Bike Stand,4,7/11/2013
"14089,868,""Women's Mountain Shorts, M"",3,9/17/2013"
14090,878,Fender Set - Mountain,4,9/30/2013
"14091,881,""Short-Sleeve Classic Jersey, S"",3,7/3/2013"
14091,921,Mountain Tire Tube,4,1/5/2014
14091,928,LL Mountain Tire,4,1/5/2014
"14091,715,""Long-Sleeve Logo Jersey, L"",3,12/13/2013"
14091,870,Water Bottle - 30 oz.,4,12/13/2013
14091,932,ML Road Tire,4,10/12/2013
14091,871,Mountain Bottle Cage,4,12/13/2013
14091,930,HL Mountain Tire,4,10/17/2013
14092,878,Fender Set - Mountain,4,2/8/2014
14093,712,AWC Logo Cap,3,1/23/2014
14095,873,Patch Kit/8 Patches,4,9/11/2013
"14096,875,""Racing Socks, L"",3,6/22/2014"
14096,922,Road Tire Tube,4,1/17/2014
"14096,860,""Half-Finger Gloves, L"",3,1/4/2014"
14096,870,Water Bottle - 30 oz.,4,6/22/2014
14096,932,ML Road Tire,4,1/17/2014
14096,873,Patch Kit/8 Patches,4,12/7/2013
14096,930,HL Mountain Tire,4,12/7/2013
"14096,708,""Sport-100 Helmet, Black"",4,6/22/2014"
14096,928,LL Mountain Tire,4,11/11/2013
"14097,708,""Sport-100 Helmet, Black"",4,12/25/2013"
14098,878,Fender Set - Mountain,4,9/12/2013
14099,712,AWC Logo Cap,3,9/14/2013
14099,873,Patch Kit/8 Patches,4,8/17/2013
14099,879,All-Purpose Bike Stand,4,2/14/2014
14099,928,LL Mountain Tire,4,8/17/2013
14100,928,LL Mountain Tire,4,3/31/2014
14100,923,Touring Tire Tube,4,5/8/2014
14100,879,All-Purpose Bike Stand,4,11/12/2013
14100,873,Patch Kit/8 Patches,4,3/31/2014
14101,872,Road Bottle Cage,4,1/13/2014
"14101,867,""Women's Mountain Shorts, S"",3,7/11/2013"
"14101,708,""Sport-100 Helmet, Black"",4,1/13/2014"
14102,872,Road Bottle Cage,4,1/1/2014
14102,870,Water Bottle - 30 oz.,4,1/1/2014
14103,872,Road Bottle Cage,4,2/8/2014
14103,871,Mountain Bottle Cage,4,8/16/2013
"14104,713,""Long-Sleeve Logo Jersey, S"",3,9/1/2013"
14105,870,Water Bottle - 30 oz.,4,9/11/2013
14106,921,Mountain Tire Tube,4,9/28/2013
14106,929,ML Mountain Tire,4,9/28/2013
14107,870,Water Bottle - 30 oz.,4,8/19/2013
14107,871,Mountain Bottle Cage,4,8/19/2013
14110,871,Mountain Bottle Cage,4,9/23/2013
"14110,708,""Sport-100 Helmet, Black"",4,9/23/2013"
14111,880,Hydration Pack - 70 oz.,4,12/31/2013
14112,878,Fender Set - Mountain,4,11/3/2013
"14112,711,""Sport-100 Helmet, Blue"",4,11/3/2013"
"14114,864,""Classic Vest, S"",3,6/30/2014"
"14117,708,""Sport-100 Helmet, Black"",4,11/13/2013"
"14118,707,""Sport-100 Helmet, Red"",4,2/18/2014"
"14119,711,""Sport-100 Helmet, Blue"",4,3/30/2014"
"14119,881,""Short-Sleeve Classic Jersey, S"",3,11/16/2013"
14119,930,HL Mountain Tire,4,3/30/2014
14119,871,Mountain Bottle Cage,4,11/16/2013
"14120,859,""Half-Finger Gloves, M"",3,11/27/2013"
"14120,707,""Sport-100 Helmet, Red"",4,11/27/2013"
14121,878,Fender Set - Mountain,4,11/8/2013
14122,712,AWC Logo Cap,3,9/16/2013
14123,932,ML Road Tire,4,8/21/2013
14123,933,HL Road Tire,4,12/15/2013
14124,933,HL Road Tire,4,9/28/2013
"14126,707,""Sport-100 Helmet, Red"",4,7/30/2013"
"14126,711,""Sport-100 Helmet, Blue"",4,4/30/2014"
14126,933,HL Road Tire,4,4/30/2014
14126,922,Road Tire Tube,4,4/30/2014
"14127,708,""Sport-100 Helmet, Black"",4,8/11/2013"
14128,922,Road Tire Tube,4,8/5/2013
14128,932,ML Road Tire,4,8/5/2013
14130,922,Road Tire Tube,4,9/28/2013
14130,932,ML Road Tire,4,9/28/2013
14133,872,Road Bottle Cage,4,10/5/2013
"14134,708,""Sport-100 Helmet, Black"",4,10/3/2013"
14135,878,Fender Set - Mountain,4,9/18/2013
14135,880,Hydration Pack - 70 oz.,4,9/18/2013
14136,870,Water Bottle - 30 oz.,4,10/23/2013
"14136,707,""Sport-100 Helmet, Red"",4,10/23/2013"
14136,871,Mountain Bottle Cage,4,10/23/2013
"14138,715,""Long-Sleeve Logo Jersey, L"",3,11/3/2013"
14138,878,Fender Set - Mountain,4,11/3/2013
14141,929,ML Mountain Tire,4,12/25/2013
"14141,711,""Sport-100 Helmet, Blue"",4,12/25/2013"
"14142,859,""Half-Finger Gloves, M"",3,3/31/2014"
14143,923,Touring Tire Tube,4,6/19/2014
14143,933,HL Road Tire,4,9/12/2013
14143,922,Road Tire Tube,4,9/12/2013
14143,872,Road Bottle Cage,4,6/19/2014
"14144,707,""Sport-100 Helmet, Red"",4,3/27/2014"
14145,873,Patch Kit/8 Patches,4,7/9/2013
"14146,707,""Sport-100 Helmet, Red"",4,3/18/2014"
14146,870,Water Bottle - 30 oz.,4,3/18/2014
"14146,716,""Long-Sleeve Logo Jersey, XL"",3,6/16/2013"
"14146,711,""Sport-100 Helmet, Blue"",4,6/16/2013"
"14148,713,""Long-Sleeve Logo Jersey, S"",3,1/8/2014"
"14150,708,""Sport-100 Helmet, Black"",4,7/2/2013"
14151,878,Fender Set - Mountain,4,2/16/2014
"14152,713,""Long-Sleeve Logo Jersey, S"",3,12/25/2013"
14153,712,AWC Logo Cap,3,10/11/2013
"14153,708,""Sport-100 Helmet, Black"",4,10/11/2013"
14154,871,Mountain Bottle Cage,4,1/24/2014
14154,921,Mountain Tire Tube,4,1/24/2014
14154,929,ML Mountain Tire,4,1/24/2014
14156,934,Touring Tire,4,7/13/2013
14156,879,All-Purpose Bike Stand,4,4/16/2014
14156,923,Touring Tire Tube,4,7/13/2013
14156,933,HL Road Tire,4,4/16/2014
14158,871,Mountain Bottle Cage,4,3/22/2014
14158,870,Water Bottle - 30 oz.,4,3/22/2014
14159,878,Fender Set - Mountain,4,3/15/2014
"14160,711,""Sport-100 Helmet, Blue"",4,11/4/2013"
14160,931,LL Road Tire,4,3/11/2014
14160,879,All-Purpose Bike Stand,4,3/11/2014
14160,878,Fender Set - Mountain,4,11/4/2013
14161,870,Water Bottle - 30 oz.,4,11/10/2013
14161,712,AWC Logo Cap,3,11/10/2013
14161,871,Mountain Bottle Cage,4,11/10/2013
14162,878,Fender Set - Mountain,4,11/11/2013
14162,872,Road Bottle Cage,4,5/21/2014
14162,870,Water Bottle - 30 oz.,4,5/21/2014
14163,871,Mountain Bottle Cage,4,11/10/2013
14163,873,Patch Kit/8 Patches,4,5/6/2014
14163,931,LL Road Tire,4,5/6/2014
"14164,708,""Sport-100 Helmet, Black"",4,11/4/2013"
14164,870,Water Bottle - 30 oz.,4,11/4/2013
14164,871,Mountain Bottle Cage,4,11/4/2013
14165,873,Patch Kit/8 Patches,4,3/10/2014
14166,878,Fender Set - Mountain,4,7/17/2013
14167,712,AWC Logo Cap,3,1/7/2014
14168,871,Mountain Bottle Cage,4,6/27/2014
14168,870,Water Bottle - 30 oz.,4,6/27/2014
"14168,707,""Sport-100 Helmet, Red"",4,6/27/2014"
"14170,867,""Women's Mountain Shorts, S"",3,1/1/2014"
14171,872,Road Bottle Cage,4,5/14/2014
"14171,713,""Long-Sleeve Logo Jersey, S"",3,5/14/2014"
14171,870,Water Bottle - 30 oz.,4,5/14/2014
14171,930,HL Mountain Tire,4,11/14/2013
"14171,864,""Classic Vest, S"",3,11/14/2013"
14172,870,Water Bottle - 30 oz.,4,2/18/2014
14172,934,Touring Tire,4,9/9/2013
14172,873,Patch Kit/8 Patches,4,9/9/2013
"14172,859,""Half-Finger Gloves, M"",3,2/18/2014"
14173,922,Road Tire Tube,4,10/25/2013
14173,933,HL Road Tire,4,10/25/2013
14174,873,Patch Kit/8 Patches,4,7/25/2013
14174,933,HL Road Tire,4,7/25/2013
14175,871,Mountain Bottle Cage,4,1/17/2014
14175,712,AWC Logo Cap,3,1/17/2014
14175,880,Hydration Pack - 70 oz.,4,1/17/2014
14175,934,Touring Tire,4,6/15/2014
14175,923,Touring Tire Tube,4,6/15/2014
14176,933,HL Road Tire,4,11/10/2013
"14176,707,""Sport-100 Helmet, Red"",4,11/10/2013"
14176,922,Road Tire Tube,4,11/10/2013
14177,933,HL Road Tire,4,5/10/2014
14177,873,Patch Kit/8 Patches,4,5/10/2014
14177,877,Bike Wash - Dissolver,4,5/10/2014
14178,933,HL Road Tire,4,4/26/2014
14178,922,Road Tire Tube,4,4/26/2014
"14179,708,""Sport-100 Helmet, Black"",4,6/16/2014"
14179,922,Road Tire Tube,4,6/16/2014
14181,712,AWC Logo Cap,3,6/29/2013
"14183,874,""Racing Socks, M"",3,12/27/2013"
14184,934,Touring Tire,4,9/4/2013
14184,871,Mountain Bottle Cage,4,12/29/2013
14184,870,Water Bottle - 30 oz.,4,12/29/2013
"14184,882,""Short-Sleeve Classic Jersey, M"",3,12/29/2013"
14185,922,Road Tire Tube,4,12/31/2013
14185,880,Hydration Pack - 70 oz.,4,12/1/2013
14185,871,Mountain Bottle Cage,4,11/29/2013
14185,872,Road Bottle Cage,4,12/1/2013
"14185,865,""Classic Vest, M"",3,12/31/2013"
14185,933,HL Road Tire,4,12/31/2013
14186,876,Hitch Rack - 4-Bike,4,11/17/2013
"14186,711,""Sport-100 Helmet, Blue"",4,12/26/2013"
14186,870,Water Bottle - 30 oz.,4,12/26/2013
14186,933,HL Road Tire,4,1/12/2014
14187,922,Road Tire Tube,4,5/9/2014
14190,922,Road Tire Tube,4,12/16/2013
14191,712,AWC Logo Cap,3,11/22/2013
"14192,707,""Sport-100 Helmet, Red"",4,11/21/2013"
14192,712,AWC Logo Cap,3,1/3/2014
"14192,711,""Sport-100 Helmet, Blue"",4,1/3/2014"
14192,871,Mountain Bottle Cage,4,11/21/2013
14193,933,HL Road Tire,4,10/23/2013
"14194,707,""Sport-100 Helmet, Red"",4,2/27/2014"
"14194,713,""Long-Sleeve Logo Jersey, S"",3,2/27/2014"
14194,934,Touring Tire,4,8/13/2013
14194,871,Mountain Bottle Cage,4,2/27/2014
14195,870,Water Bottle - 30 oz.,4,11/19/2013
14195,871,Mountain Bottle Cage,4,11/19/2013
"14195,707,""Sport-100 Helmet, Red"",4,11/19/2013"
"14196,884,""Short-Sleeve Classic Jersey, XL"",3,9/13/2013"
"14196,711,""Sport-100 Helmet, Blue"",4,6/10/2014"
14196,870,Water Bottle - 30 oz.,4,9/13/2013
14196,871,Mountain Bottle Cage,4,9/13/2013
"14197,716,""Long-Sleeve Logo Jersey, XL"",3,3/10/2014"
"14197,860,""Half-Finger Gloves, L"",3,3/10/2014"
14198,872,Road Bottle Cage,4,6/15/2013
14198,870,Water Bottle - 30 oz.,4,6/15/2013
"14198,707,""Sport-100 Helmet, Red"",4,6/15/2013"
"14199,707,""Sport-100 Helmet, Red"",4,1/24/2014"
14199,934,Touring Tire,4,1/24/2014
14199,871,Mountain Bottle Cage,4,11/3/2013
"14199,708,""Sport-100 Helmet, Black"",4,11/3/2013"
14200,934,Touring Tire,4,1/23/2014
14200,871,Mountain Bottle Cage,4,11/6/2013
14200,870,Water Bottle - 30 oz.,4,11/6/2013
14200,872,Road Bottle Cage,4,2/28/2014
"14203,714,""Long-Sleeve Logo Jersey, M"",3,11/8/2013"
"14203,711,""Sport-100 Helmet, Blue"",4,11/8/2013"
14203,933,HL Road Tire,4,1/31/2014
14203,930,HL Mountain Tire,4,11/8/2013
"14204,708,""Sport-100 Helmet, Black"",4,6/30/2013"
14204,933,HL Road Tire,4,6/30/2013
14206,876,Hitch Rack - 4-Bike,4,6/11/2014
14206,922,Road Tire Tube,4,6/11/2014
14207,712,AWC Logo Cap,3,11/17/2013
"14207,711,""Sport-100 Helmet, Blue"",4,7/30/2013"
"14208,707,""Sport-100 Helmet, Red"",4,12/18/2013"
14208,923,Touring Tire Tube,4,7/8/2013
14208,712,AWC Logo Cap,3,12/18/2013
"14208,860,""Half-Finger Gloves, L"",3,7/8/2013"
14208,934,Touring Tire,4,7/8/2013
14209,921,Mountain Tire Tube,4,3/21/2014
14209,923,Touring Tire Tube,4,7/24/2013
14209,928,LL Mountain Tire,4,3/21/2014
14210,871,Mountain Bottle Cage,4,1/28/2014
14211,880,Hydration Pack - 70 oz.,4,1/5/2014
14211,712,AWC Logo Cap,3,10/28/2013
14211,871,Mountain Bottle Cage,4,1/5/2014
14212,873,Patch Kit/8 Patches,4,10/11/2013
14212,928,LL Mountain Tire,4,10/11/2013
14212,921,Mountain Tire Tube,4,10/11/2013
14213,928,LL Mountain Tire,4,4/13/2014
14213,873,Patch Kit/8 Patches,4,4/13/2014
14213,712,AWC Logo Cap,3,10/6/2013
14214,877,Bike Wash - Dissolver,4,11/17/2013
14214,923,Touring Tire Tube,4,11/17/2013
14214,879,All-Purpose Bike Stand,4,11/17/2013
14215,930,HL Mountain Tire,4,12/31/2013
14215,921,Mountain Tire Tube,4,12/31/2013
14215,871,Mountain Bottle Cage,4,12/31/2013
"14215,708,""Sport-100 Helmet, Black"",4,11/6/2013"
14217,928,LL Mountain Tire,4,8/9/2013
14217,921,Mountain Tire Tube,4,8/9/2013
"14217,858,""Half-Finger Gloves, S"",3,8/9/2013"
"14217,707,""Sport-100 Helmet, Red"",4,8/9/2013"
"14218,874,""Racing Socks, M"",3,1/18/2014"
14218,923,Touring Tire Tube,4,11/23/2013
14218,870,Water Bottle - 30 oz.,4,1/18/2014
14218,871,Mountain Bottle Cage,4,1/18/2014
14219,930,HL Mountain Tire,4,1/27/2014
"14219,707,""Sport-100 Helmet, Red"",4,1/27/2014"
"14219,884,""Short-Sleeve Classic Jersey, XL"",3,1/27/2014"
14219,921,Mountain Tire Tube,4,1/27/2014
"14220,874,""Racing Socks, M"",3,1/20/2014"
14220,870,Water Bottle - 30 oz.,4,12/16/2013
"14220,711,""Sport-100 Helmet, Blue"",4,1/20/2014"
14220,878,Fender Set - Mountain,4,1/20/2014
"14221,716,""Long-Sleeve Logo Jersey, XL"",3,8/7/2013"
14221,873,Patch Kit/8 Patches,4,1/28/2014
14221,921,Mountain Tire Tube,4,1/28/2014
"14222,713,""Long-Sleeve Logo Jersey, S"",3,5/16/2014"
14222,921,Mountain Tire Tube,4,1/18/2014
14222,873,Patch Kit/8 Patches,4,1/18/2014
14223,921,Mountain Tire Tube,4,11/17/2013
14223,878,Fender Set - Mountain,4,11/17/2013
"14223,713,""Long-Sleeve Logo Jersey, S"",3,11/4/2013"
14223,928,LL Mountain Tire,4,11/17/2013
14224,873,Patch Kit/8 Patches,4,1/2/2014
14225,871,Mountain Bottle Cage,4,1/9/2014
"14226,711,""Sport-100 Helmet, Blue"",4,1/20/2014"
14226,921,Mountain Tire Tube,4,1/20/2014
14227,928,LL Mountain Tire,4,5/14/2014
"14227,711,""Sport-100 Helmet, Blue"",4,5/14/2014"
"14227,715,""Long-Sleeve Logo Jersey, L"",3,7/29/2013"
14228,928,LL Mountain Tire,4,6/10/2014
"14229,713,""Long-Sleeve Logo Jersey, S"",3,10/17/2013"
"14230,707,""Sport-100 Helmet, Red"",4,2/11/2014"
"14230,874,""Racing Socks, M"",3,2/11/2014"
14230,923,Touring Tire Tube,4,2/11/2014
14231,712,AWC Logo Cap,3,12/25/2013
14231,932,ML Road Tire,4,7/11/2013
14232,932,ML Road Tire,4,10/12/2013
"14232,716,""Long-Sleeve Logo Jersey, XL"",3,8/30/2013"
"14233,716,""Long-Sleeve Logo Jersey, XL"",3,12/26/2013"
14233,922,Road Tire Tube,4,12/3/2013
"14234,708,""Sport-100 Helmet, Black"",4,2/4/2014"
"14234,860,""Half-Finger Gloves, L"",3,2/22/2014"
14235,872,Road Bottle Cage,4,3/16/2014
14235,878,Fender Set - Mountain,4,2/9/2014
14235,871,Mountain Bottle Cage,4,2/9/2014
14235,880,Hydration Pack - 70 oz.,4,3/16/2014
14236,921,Mountain Tire Tube,4,2/25/2014
"14236,708,""Sport-100 Helmet, Black"",4,2/25/2014"
14236,930,HL Mountain Tire,4,2/25/2014
14237,922,Road Tire Tube,4,9/7/2013
"14237,714,""Long-Sleeve Logo Jersey, M"",3,1/11/2014"
14237,873,Patch Kit/8 Patches,4,9/7/2013
14237,932,ML Road Tire,4,9/7/2013
"14238,707,""Sport-100 Helmet, Red"",4,3/22/2014"
14238,870,Water Bottle - 30 oz.,4,2/2/2014
14238,712,AWC Logo Cap,3,2/2/2014
14240,921,Mountain Tire Tube,4,11/27/2013
"14240,874,""Racing Socks, M"",3,11/27/2013"
14240,878,Fender Set - Mountain,4,11/27/2013
14241,877,Bike Wash - Dissolver,4,12/31/2013
14241,880,Hydration Pack - 70 oz.,4,12/31/2013
14242,878,Fender Set - Mountain,4,11/3/2013
"14243,714,""Long-Sleeve Logo Jersey, M"",3,9/6/2013"
14244,930,HL Mountain Tire,4,5/22/2014
14244,871,Mountain Bottle Cage,4,1/9/2014
"14244,869,""Women's Mountain Shorts, L"",3,9/18/2013"
"14244,708,""Sport-100 Helmet, Black"",4,1/9/2014"
"14245,711,""Sport-100 Helmet, Blue"",4,7/2/2013"
14246,878,Fender Set - Mountain,4,8/2/2013
14247,878,Fender Set - Mountain,4,6/12/2014
"14247,859,""Half-Finger Gloves, M"",3,6/12/2014"
14248,878,Fender Set - Mountain,4,2/24/2014
"14249,716,""Long-Sleeve Logo Jersey, XL"",3,10/30/2013"
14249,878,Fender Set - Mountain,4,10/30/2013
14250,878,Fender Set - Mountain,4,1/30/2014
14251,878,Fender Set - Mountain,4,4/8/2014
"14252,715,""Long-Sleeve Logo Jersey, L"",3,5/22/2014"
"14252,858,""Half-Finger Gloves, S"",3,5/22/2014"
"14253,858,""Half-Finger Gloves, S"",3,11/11/2013"
14253,930,HL Mountain Tire,4,11/11/2013
"14253,711,""Sport-100 Helmet, Blue"",4,11/11/2013"
"14254,711,""Sport-100 Helmet, Blue"",4,12/2/2013"
14254,878,Fender Set - Mountain,4,12/2/2013
"14255,858,""Half-Finger Gloves, S"",3,11/11/2013"
14257,878,Fender Set - Mountain,4,1/19/2014
14258,712,AWC Logo Cap,3,6/26/2014
14258,878,Fender Set - Mountain,4,6/26/2014
"14260,881,""Short-Sleeve Classic Jersey, S"",3,8/11/2013"
14260,872,Road Bottle Cage,4,2/1/2014
"14261,707,""Sport-100 Helmet, Red"",4,4/18/2014"
14262,873,Patch Kit/8 Patches,4,1/29/2014
14262,930,HL Mountain Tire,4,1/29/2014
"14263,881,""Short-Sleeve Classic Jersey, S"",3,5/13/2014"
14264,930,HL Mountain Tire,4,2/3/2014
14264,872,Road Bottle Cage,4,6/26/2013
14264,921,Mountain Tire Tube,4,2/3/2014
14265,873,Patch Kit/8 Patches,4,12/2/2013
14265,870,Water Bottle - 30 oz.,4,12/3/2013
14265,871,Mountain Bottle Cage,4,12/3/2013
14265,932,ML Road Tire,4,5/2/2014
14265,930,HL Mountain Tire,4,5/23/2014
14265,922,Road Tire Tube,4,5/2/2014
14265,928,LL Mountain Tire,4,12/2/2013
"14266,708,""Sport-100 Helmet, Black"",4,7/30/2013"
"14267,711,""Sport-100 Helmet, Blue"",4,3/14/2014"
14269,878,Fender Set - Mountain,4,2/23/2014
14270,873,Patch Kit/8 Patches,4,10/11/2013
"14272,707,""Sport-100 Helmet, Red"",4,3/13/2014"
14272,932,ML Road Tire,4,3/13/2014
"14273,715,""Long-Sleeve Logo Jersey, L"",3,2/6/2014"
14274,871,Mountain Bottle Cage,4,9/28/2013
14274,930,HL Mountain Tire,4,5/19/2014
14274,922,Road Tire Tube,4,5/31/2014
"14274,711,""Sport-100 Helmet, Blue"",4,5/19/2014"
14275,872,Road Bottle Cage,4,6/27/2013
14275,877,Bike Wash - Dissolver,4,2/26/2014
"14276,858,""Half-Finger Gloves, S"",3,1/29/2014"
14276,872,Road Bottle Cage,4,9/6/2013
"14276,707,""Sport-100 Helmet, Red"",4,1/29/2014"
14276,871,Mountain Bottle Cage,4,1/29/2014
"14277,882,""Short-Sleeve Classic Jersey, M"",3,10/26/2013"
14278,922,Road Tire Tube,4,12/19/2013
"14278,716,""Long-Sleeve Logo Jersey, XL"",3,1/24/2014"
"14278,707,""Sport-100 Helmet, Red"",4,12/19/2013"
"14278,866,""Classic Vest, L"",3,12/19/2013"
14279,873,Patch Kit/8 Patches,4,2/24/2014
14279,921,Mountain Tire Tube,4,2/24/2014
"14279,875,""Racing Socks, L"",3,10/21/2013"
14280,878,Fender Set - Mountain,4,9/20/2013
14281,934,Touring Tire,4,2/14/2014
"14281,874,""Racing Socks, M"",3,10/8/2013"
14281,878,Fender Set - Mountain,4,10/8/2013
14281,873,Patch Kit/8 Patches,4,2/14/2014
"14282,708,""Sport-100 Helmet, Black"",4,8/7/2013"
14282,922,Road Tire Tube,4,6/11/2014
14282,928,LL Mountain Tire,4,5/25/2014
14282,930,HL Mountain Tire,4,8/7/2013
14282,921,Mountain Tire Tube,4,8/7/2013
14282,932,ML Road Tire,4,6/11/2014
"14282,882,""Short-Sleeve Classic Jersey, M"",3,3/28/2014"
14286,880,Hydration Pack - 70 oz.,4,2/3/2014
14286,872,Road Bottle Cage,4,10/2/2013
14286,870,Water Bottle - 30 oz.,4,10/2/2013
14288,878,Fender Set - Mountain,4,11/17/2013
"14289,708,""Sport-100 Helmet, Black"",4,11/12/2013"
14289,878,Fender Set - Mountain,4,11/12/2013
"14290,711,""Sport-100 Helmet, Blue"",4,11/23/2013"
"14291,708,""Sport-100 Helmet, Black"",4,7/1/2013"
"14291,868,""Women's Mountain Shorts, M"",3,11/16/2013"
14291,870,Water Bottle - 30 oz.,4,7/1/2013
14291,871,Mountain Bottle Cage,4,7/1/2013
14291,921,Mountain Tire Tube,4,1/16/2014
14291,930,HL Mountain Tire,4,1/16/2014
14292,873,Patch Kit/8 Patches,4,11/26/2013
"14293,860,""Half-Finger Gloves, L"",3,1/18/2014"
"14294,860,""Half-Finger Gloves, L"",3,9/25/2013"
14294,878,Fender Set - Mountain,4,9/25/2013
"14295,711,""Sport-100 Helmet, Blue"",4,10/28/2013"
14296,878,Fender Set - Mountain,4,10/28/2013
14296,870,Water Bottle - 30 oz.,4,10/28/2013
14296,871,Mountain Bottle Cage,4,10/28/2013
14297,921,Mountain Tire Tube,4,11/28/2013
14298,877,Bike Wash - Dissolver,4,11/21/2013
14298,930,HL Mountain Tire,4,11/21/2013
14300,871,Mountain Bottle Cage,4,2/28/2014
14300,930,HL Mountain Tire,4,2/28/2014
14300,870,Water Bottle - 30 oz.,4,2/28/2014
14300,921,Mountain Tire Tube,4,2/28/2014
14302,871,Mountain Bottle Cage,4,2/10/2014
"14303,884,""Short-Sleeve Classic Jersey, XL"",3,9/4/2013"
"14305,882,""Short-Sleeve Classic Jersey, M"",3,3/7/2014"
14305,929,ML Mountain Tire,4,10/27/2013
14305,873,Patch Kit/8 Patches,4,10/27/2013
14306,921,Mountain Tire Tube,4,10/1/2013
"14306,711,""Sport-100 Helmet, Blue"",4,10/1/2013"
14307,921,Mountain Tire Tube,4,12/15/2013
14307,928,LL Mountain Tire,4,12/15/2013
14307,923,Touring Tire Tube,4,9/12/2013
14307,879,All-Purpose Bike Stand,4,7/22/2013
14308,871,Mountain Bottle Cage,4,2/6/2014
14308,872,Road Bottle Cage,4,12/14/2013
14309,932,ML Road Tire,4,4/6/2014
"14309,859,""Half-Finger Gloves, M"",3,7/28/2013"
14310,880,Hydration Pack - 70 oz.,4,2/15/2014
14310,871,Mountain Bottle Cage,4,2/15/2014
14310,872,Road Bottle Cage,4,1/23/2014
14310,877,Bike Wash - Dissolver,4,1/23/2014
"14311,708,""Sport-100 Helmet, Black"",4,1/11/2014"
14311,932,ML Road Tire,4,1/11/2014
"14311,859,""Half-Finger Gloves, M"",3,8/6/2013"
14311,922,Road Tire Tube,4,1/11/2014
14312,879,All-Purpose Bike Stand,4,8/18/2013
14312,873,Patch Kit/8 Patches,4,7/21/2013
14312,928,LL Mountain Tire,4,1/4/2014
14313,923,Touring Tire Tube,4,4/23/2014
"14313,711,""Sport-100 Helmet, Blue"",4,4/23/2014"
14313,932,ML Road Tire,4,1/26/2014
"14313,708,""Sport-100 Helmet, Black"",4,1/26/2014"
"14313,866,""Classic Vest, L"",3,1/9/2014"
14314,712,AWC Logo Cap,3,11/20/2013
"14314,714,""Long-Sleeve Logo Jersey, M"",3,11/20/2013"
14314,932,ML Road Tire,4,1/9/2014
14314,922,Road Tire Tube,4,1/9/2014
"14315,716,""Long-Sleeve Logo Jersey, XL"",3,9/22/2013"
"14315,858,""Half-Finger Gloves, S"",3,9/22/2013"
14315,932,ML Road Tire,4,3/7/2014
14315,873,Patch Kit/8 Patches,4,3/7/2014
14316,923,Touring Tire Tube,4,3/27/2014
"14316,708,""Sport-100 Helmet, Black"",4,3/27/2014"
14316,934,Touring Tire,4,3/27/2014
"14316,883,""Short-Sleeve Classic Jersey, L"",3,3/27/2014"
"14317,716,""Long-Sleeve Logo Jersey, XL"",3,7/8/2013"
14317,922,Road Tire Tube,4,4/10/2014
14317,873,Patch Kit/8 Patches,4,4/10/2014
14318,922,Road Tire Tube,4,8/11/2013
14318,932,ML Road Tire,4,8/11/2013
"14318,859,""Half-Finger Gloves, M"",3,1/25/2014"
"14318,716,""Long-Sleeve Logo Jersey, XL"",3,1/25/2014"
"14319,711,""Sport-100 Helmet, Blue"",4,5/7/2014"
"14319,716,""Long-Sleeve Logo Jersey, XL"",3,12/1/2013"
"14319,860,""Half-Finger Gloves, L"",3,12/1/2013"
14319,922,Road Tire Tube,4,5/7/2014
14320,712,AWC Logo Cap,3,2/18/2014
14320,932,ML Road Tire,4,2/18/2014
"14320,881,""Short-Sleeve Classic Jersey, S"",3,2/18/2014"
14320,876,Hitch Rack - 4-Bike,4,2/18/2014
"14321,716,""Long-Sleeve Logo Jersey, XL"",3,6/27/2014"
14321,873,Patch Kit/8 Patches,4,4/16/2014
14323,878,Fender Set - Mountain,4,1/31/2014
14323,873,Patch Kit/8 Patches,4,1/31/2014
14323,930,HL Mountain Tire,4,1/31/2014
14325,870,Water Bottle - 30 oz.,4,3/20/2014
"14325,713,""Long-Sleeve Logo Jersey, S"",3,3/20/2014"
14325,872,Road Bottle Cage,4,3/20/2014
"14326,883,""Short-Sleeve Classic Jersey, L"",3,2/23/2014"
14326,878,Fender Set - Mountain,4,2/23/2014
14326,872,Road Bottle Cage,4,3/15/2014
14326,712,AWC Logo Cap,3,3/15/2014
14327,877,Bike Wash - Dissolver,4,4/20/2014
14327,873,Patch Kit/8 Patches,4,4/20/2014
"14328,711,""Sport-100 Helmet, Blue"",4,2/15/2014"
"14328,883,""Short-Sleeve Classic Jersey, L"",3,8/25/2013"
14328,930,HL Mountain Tire,4,8/31/2013
14328,873,Patch Kit/8 Patches,4,8/31/2013
"14328,707,""Sport-100 Helmet, Red"",4,7/25/2013"
14328,922,Road Tire Tube,4,3/5/2014
14328,871,Mountain Bottle Cage,4,7/25/2013
14328,921,Mountain Tire Tube,4,2/15/2014
14328,928,LL Mountain Tire,4,2/15/2014
14328,870,Water Bottle - 30 oz.,4,7/25/2013
14328,712,AWC Logo Cap,3,8/25/2013
14329,871,Mountain Bottle Cage,4,6/30/2013
14329,870,Water Bottle - 30 oz.,4,6/30/2013
14329,880,Hydration Pack - 70 oz.,4,6/30/2013
14330,873,Patch Kit/8 Patches,4,10/14/2013
14330,929,ML Mountain Tire,4,10/14/2013
14331,878,Fender Set - Mountain,4,2/23/2014
14332,932,ML Road Tire,4,1/30/2014
14332,921,Mountain Tire Tube,4,1/20/2014
14332,930,HL Mountain Tire,4,11/6/2013
14332,928,LL Mountain Tire,4,1/20/2014
"14333,708,""Sport-100 Helmet, Black"",4,4/29/2014"
"14333,860,""Half-Finger Gloves, L"",3,4/29/2014"
14334,712,AWC Logo Cap,3,10/12/2013
"14336,882,""Short-Sleeve Classic Jersey, M"",3,10/14/2013"
14337,877,Bike Wash - Dissolver,4,10/13/2013
14337,929,ML Mountain Tire,4,10/13/2013
14337,873,Patch Kit/8 Patches,4,10/13/2013
14338,878,Fender Set - Mountain,4,10/17/2013
14338,873,Patch Kit/8 Patches,4,10/17/2013
14338,921,Mountain Tire Tube,4,10/17/2013
14339,878,Fender Set - Mountain,4,7/15/2013
"14339,707,""Sport-100 Helmet, Red"",4,7/15/2013"
14339,870,Water Bottle - 30 oz.,4,7/15/2013
14341,921,Mountain Tire Tube,4,12/10/2013
"14341,716,""Long-Sleeve Logo Jersey, XL"",3,12/10/2013"
14341,930,HL Mountain Tire,4,12/10/2013
14341,923,Touring Tire Tube,4,6/24/2014
14341,870,Water Bottle - 30 oz.,4,3/19/2014
14341,877,Bike Wash - Dissolver,4,2/9/2014
14341,934,Touring Tire,4,6/24/2014
14341,922,Road Tire Tube,4,2/9/2014
14341,932,ML Road Tire,4,2/9/2014
14341,871,Mountain Bottle Cage,4,3/19/2014
14341,878,Fender Set - Mountain,4,12/10/2013
"14344,884,""Short-Sleeve Classic Jersey, XL"",3,5/24/2014"
"14344,711,""Sport-100 Helmet, Blue"",4,9/19/2013"
14344,922,Road Tire Tube,4,9/19/2013
14344,932,ML Road Tire,4,9/19/2013
"14345,869,""Women's Mountain Shorts, L"",3,11/11/2013"
"14347,707,""Sport-100 Helmet, Red"",4,12/16/2013"
"14348,882,""Short-Sleeve Classic Jersey, M"",3,12/23/2013"
"14348,860,""Half-Finger Gloves, L"",3,12/23/2013"
14349,878,Fender Set - Mountain,4,2/11/2014
14350,878,Fender Set - Mountain,4,2/18/2014
"14350,711,""Sport-100 Helmet, Blue"",4,2/18/2014"
14350,870,Water Bottle - 30 oz.,4,2/18/2014
14351,878,Fender Set - Mountain,4,8/20/2013
"14352,864,""Classic Vest, S"",3,12/10/2013"
14353,933,HL Road Tire,4,8/31/2013
14353,930,HL Mountain Tire,4,8/16/2013
"14353,707,""Sport-100 Helmet, Red"",4,8/16/2013"
14353,873,Patch Kit/8 Patches,4,8/31/2013
14353,922,Road Tire Tube,4,8/31/2013
14353,871,Mountain Bottle Cage,4,9/5/2013
14356,878,Fender Set - Mountain,4,11/6/2013
14357,930,HL Mountain Tire,4,11/11/2013
14357,921,Mountain Tire Tube,4,11/11/2013
14358,878,Fender Set - Mountain,4,12/29/2013
14358,712,AWC Logo Cap,3,12/29/2013
14358,871,Mountain Bottle Cage,4,12/29/2013
"14359,874,""Racing Socks, M"",3,7/13/2013"
14359,870,Water Bottle - 30 oz.,4,4/16/2014
14359,921,Mountain Tire Tube,4,3/17/2014
14359,876,Hitch Rack - 4-Bike,4,4/16/2014
"14359,869,""Women's Mountain Shorts, L"",3,7/13/2013"
14359,930,HL Mountain Tire,4,3/17/2014
"14360,866,""Classic Vest, L"",3,3/26/2014"
"14361,713,""Long-Sleeve Logo Jersey, S"",3,6/8/2014"
"14361,708,""Sport-100 Helmet, Black"",4,6/8/2014"
14362,878,Fender Set - Mountain,4,10/13/2013
14363,870,Water Bottle - 30 oz.,4,9/29/2013
14363,871,Mountain Bottle Cage,4,9/29/2013
"14363,711,""Sport-100 Helmet, Blue"",4,4/19/2014"
14363,873,Patch Kit/8 Patches,4,3/21/2014
14363,921,Mountain Tire Tube,4,4/19/2014
"14363,865,""Classic Vest, M"",3,4/19/2014"
14363,930,HL Mountain Tire,4,4/19/2014
"14364,882,""Short-Sleeve Classic Jersey, M"",3,11/15/2013"
14366,877,Bike Wash - Dissolver,4,11/27/2013
"14368,865,""Classic Vest, M"",3,6/16/2014"
14369,878,Fender Set - Mountain,4,12/6/2013
14370,871,Mountain Bottle Cage,4,12/13/2013
"14370,708,""Sport-100 Helmet, Black"",4,12/25/2013"
14370,870,Water Bottle - 30 oz.,4,12/13/2013
14370,921,Mountain Tire Tube,4,12/25/2013
14371,930,HL Mountain Tire,4,5/18/2014
14371,870,Water Bottle - 30 oz.,4,8/15/2013
14371,933,HL Road Tire,4,6/6/2014
14371,873,Patch Kit/8 Patches,4,5/18/2014
14372,873,Patch Kit/8 Patches,4,11/11/2013
14373,878,Fender Set - Mountain,4,11/21/2013
14374,873,Patch Kit/8 Patches,4,10/31/2013
14374,921,Mountain Tire Tube,4,10/31/2013
"14375,708,""Sport-100 Helmet, Black"",4,12/2/2013"
"14376,716,""Long-Sleeve Logo Jersey, XL"",3,12/30/2013"
14378,871,Mountain Bottle Cage,4,11/1/2013
"14378,858,""Half-Finger Gloves, S"",3,11/1/2013"
"14379,707,""Sport-100 Helmet, Red"",4,10/31/2013"
14382,870,Water Bottle - 30 oz.,4,11/12/2013
"14382,864,""Classic Vest, S"",3,11/12/2013"
14383,878,Fender Set - Mountain,4,1/11/2014
"14384,711,""Sport-100 Helmet, Blue"",4,3/8/2014"
14384,921,Mountain Tire Tube,4,3/8/2014
"14386,869,""Women's Mountain Shorts, L"",3,11/23/2013"
"14386,859,""Half-Finger Gloves, M"",3,11/23/2013"
"14387,713,""Long-Sleeve Logo Jersey, S"",3,10/2/2013"
"14387,869,""Women's Mountain Shorts, L"",3,10/2/2013"
"14388,859,""Half-Finger Gloves, M"",3,10/28/2013"
"14388,707,""Sport-100 Helmet, Red"",4,10/28/2013"
14389,873,Patch Kit/8 Patches,4,4/1/2014
14390,921,Mountain Tire Tube,4,4/5/2014
14393,871,Mountain Bottle Cage,4,3/1/2014
14394,878,Fender Set - Mountain,4,12/22/2013
"14395,859,""Half-Finger Gloves, M"",3,3/19/2014"
"14395,713,""Long-Sleeve Logo Jersey, S"",3,3/19/2014"
"14396,714,""Long-Sleeve Logo Jersey, M"",3,12/17/2013"
14396,878,Fender Set - Mountain,4,12/17/2013
14397,921,Mountain Tire Tube,4,6/27/2014
14400,921,Mountain Tire Tube,4,12/14/2013
14400,930,HL Mountain Tire,4,12/14/2013
14401,921,Mountain Tire Tube,4,10/22/2013
14401,873,Patch Kit/8 Patches,4,10/22/2013
14402,921,Mountain Tire Tube,4,6/2/2014
14403,873,Patch Kit/8 Patches,4,5/15/2014
"14405,859,""Half-Finger Gloves, M"",3,2/21/2014"
"14405,711,""Sport-100 Helmet, Blue"",4,2/21/2014"
"14406,711,""Sport-100 Helmet, Blue"",4,11/8/2013"
14406,878,Fender Set - Mountain,4,11/8/2013
14407,921,Mountain Tire Tube,4,6/5/2014
"14407,859,""Half-Finger Gloves, M"",3,6/5/2014"
"14408,708,""Sport-100 Helmet, Black"",4,5/8/2014"
"14408,874,""Racing Socks, M"",3,5/8/2014"
"14409,865,""Classic Vest, M"",3,12/1/2013"
14410,878,Fender Set - Mountain,4,4/28/2014
14411,921,Mountain Tire Tube,4,12/28/2013
"14413,869,""Women's Mountain Shorts, L"",3,11/3/2013"
14414,712,AWC Logo Cap,3,11/29/2013
14414,870,Water Bottle - 30 oz.,4,11/29/2013
"14417,868,""Women's Mountain Shorts, M"",3,11/16/2013"
"14419,884,""Short-Sleeve Classic Jersey, XL"",3,12/16/2013"
14421,930,HL Mountain Tire,4,12/23/2013
14421,921,Mountain Tire Tube,4,12/23/2013
14422,873,Patch Kit/8 Patches,4,9/6/2013
14422,922,Road Tire Tube,4,9/6/2013
14423,870,Water Bottle - 30 oz.,4,10/15/2013
14423,872,Road Bottle Cage,4,9/4/2013
14423,712,AWC Logo Cap,3,9/4/2013
"14423,708,""Sport-100 Helmet, Black"",4,10/15/2013"
14423,934,Touring Tire,4,9/4/2013
14424,870,Water Bottle - 30 oz.,4,2/25/2014
14424,871,Mountain Bottle Cage,4,10/30/2013
14424,872,Road Bottle Cage,4,2/25/2014
14425,870,Water Bottle - 30 oz.,4,11/11/2013
14425,871,Mountain Bottle Cage,4,11/11/2013
14426,878,Fender Set - Mountain,4,11/16/2013
14426,921,Mountain Tire Tube,4,11/16/2013
14427,880,Hydration Pack - 70 oz.,4,11/28/2013
"14427,715,""Long-Sleeve Logo Jersey, L"",3,11/28/2013"
14427,871,Mountain Bottle Cage,4,11/28/2013
14427,872,Road Bottle Cage,4,1/27/2014
"14428,707,""Sport-100 Helmet, Red"",4,12/13/2013"
"14429,707,""Sport-100 Helmet, Red"",4,1/16/2014"
14429,880,Hydration Pack - 70 oz.,4,12/2/2013
14430,878,Fender Set - Mountain,4,3/4/2014
"14434,881,""Short-Sleeve Classic Jersey, S"",3,12/5/2013"
14435,878,Fender Set - Mountain,4,1/12/2014
"14435,715,""Long-Sleeve Logo Jersey, L"",3,1/12/2014"
14436,871,Mountain Bottle Cage,4,10/17/2013
"14436,708,""Sport-100 Helmet, Black"",4,2/25/2014"
14436,870,Water Bottle - 30 oz.,4,10/17/2013
"14438,707,""Sport-100 Helmet, Red"",4,12/26/2013"
14439,870,Water Bottle - 30 oz.,4,12/19/2013
14439,873,Patch Kit/8 Patches,4,12/19/2013
14440,878,Fender Set - Mountain,4,12/19/2013
14440,870,Water Bottle - 30 oz.,4,12/19/2013
14440,871,Mountain Bottle Cage,4,12/19/2013
14441,878,Fender Set - Mountain,4,9/23/2013
14442,930,HL Mountain Tire,4,12/17/2013
"14442,707,""Sport-100 Helmet, Red"",4,12/17/2013"
14444,878,Fender Set - Mountain,4,11/24/2013
"14445,866,""Classic Vest, L"",3,9/6/2013"
14445,870,Water Bottle - 30 oz.,4,9/6/2013
14445,871,Mountain Bottle Cage,4,9/6/2013
14446,930,HL Mountain Tire,4,4/24/2014
14446,870,Water Bottle - 30 oz.,4,7/4/2013
14446,873,Patch Kit/8 Patches,4,4/24/2014
"14446,859,""Half-Finger Gloves, M"",3,3/30/2014"
"14447,715,""Long-Sleeve Logo Jersey, L"",3,12/10/2013"
14447,871,Mountain Bottle Cage,4,12/10/2013
14448,921,Mountain Tire Tube,4,12/23/2013
14448,930,HL Mountain Tire,4,12/23/2013
14450,878,Fender Set - Mountain,4,10/23/2013
14451,930,HL Mountain Tire,4,12/11/2013
14451,921,Mountain Tire Tube,4,12/11/2013
"14452,708,""Sport-100 Helmet, Black"",4,12/8/2013"
14453,878,Fender Set - Mountain,4,12/24/2013
"14453,715,""Long-Sleeve Logo Jersey, L"",3,12/24/2013"
14454,871,Mountain Bottle Cage,4,9/2/2013
14455,930,HL Mountain Tire,4,4/15/2014
"14455,716,""Long-Sleeve Logo Jersey, XL"",3,12/10/2013"
14455,870,Water Bottle - 30 oz.,4,8/2/2013
"14455,874,""Racing Socks, M"",3,8/2/2013"
"14455,711,""Sport-100 Helmet, Blue"",4,4/15/2014"
14455,871,Mountain Bottle Cage,4,8/2/2013
14456,878,Fender Set - Mountain,4,12/1/2013
14457,870,Water Bottle - 30 oz.,4,12/26/2013
"14457,859,""Half-Finger Gloves, M"",3,12/26/2013"
14458,930,HL Mountain Tire,4,2/2/2014
"14458,868,""Women's Mountain Shorts, M"",3,12/17/2013"
14458,870,Water Bottle - 30 oz.,4,2/14/2014
14458,921,Mountain Tire Tube,4,2/2/2014
14459,872,Road Bottle Cage,4,2/14/2014
14459,878,Fender Set - Mountain,4,11/14/2013
14459,870,Water Bottle - 30 oz.,4,2/14/2014
14460,878,Fender Set - Mountain,4,5/6/2014
"14460,859,""Half-Finger Gloves, M"",3,5/6/2014"
14461,870,Water Bottle - 30 oz.,4,12/13/2013
14463,877,Bike Wash - Dissolver,4,8/8/2013
14463,880,Hydration Pack - 70 oz.,4,8/8/2013
14464,930,HL Mountain Tire,4,12/3/2013
14465,873,Patch Kit/8 Patches,4,7/11/2013
"14466,866,""Classic Vest, L"",3,3/15/2014"
14466,878,Fender Set - Mountain,4,3/15/2014
"14467,711,""Sport-100 Helmet, Blue"",4,10/10/2013"
14468,921,Mountain Tire Tube,4,7/14/2013
"14469,711,""Sport-100 Helmet, Blue"",4,8/31/2013"
"14469,859,""Half-Finger Gloves, M"",3,8/31/2013"
14470,921,Mountain Tire Tube,4,12/10/2013
14470,878,Fender Set - Mountain,4,12/10/2013
14472,873,Patch Kit/8 Patches,4,12/27/2013
14472,879,All-Purpose Bike Stand,4,12/27/2013
"14473,866,""Classic Vest, L"",3,12/24/2013"
14474,921,Mountain Tire Tube,4,6/30/2014
14475,921,Mountain Tire Tube,4,9/17/2013
14476,873,Patch Kit/8 Patches,4,1/26/2014
14478,934,Touring Tire,4,2/4/2014
14478,878,Fender Set - Mountain,4,11/9/2013
"14478,708,""Sport-100 Helmet, Black"",4,2/4/2014"
14479,921,Mountain Tire Tube,4,5/14/2014
14479,880,Hydration Pack - 70 oz.,4,5/14/2014
14480,930,HL Mountain Tire,4,1/31/2014
"14480,707,""Sport-100 Helmet, Red"",4,1/31/2014"
14480,870,Water Bottle - 30 oz.,4,1/12/2014
"14480,869,""Women's Mountain Shorts, L"",3,4/3/2014"
"14480,708,""Sport-100 Helmet, Black"",4,1/12/2014"
14481,921,Mountain Tire Tube,4,12/28/2013
"14482,715,""Long-Sleeve Logo Jersey, L"",3,6/7/2014"
"14482,708,""Sport-100 Helmet, Black"",4,6/7/2014"
"14483,707,""Sport-100 Helmet, Red"",4,10/16/2013"
"14484,708,""Sport-100 Helmet, Black"",4,12/2/2013"
14484,870,Water Bottle - 30 oz.,4,12/2/2013
14485,873,Patch Kit/8 Patches,4,12/12/2013
14485,871,Mountain Bottle Cage,4,12/12/2013
14486,870,Water Bottle - 30 oz.,4,11/30/2013
"14487,708,""Sport-100 Helmet, Black"",4,11/9/2013"
14488,880,Hydration Pack - 70 oz.,4,3/11/2014
14488,921,Mountain Tire Tube,4,3/11/2014
"14489,707,""Sport-100 Helmet, Red"",4,3/29/2014"
14490,921,Mountain Tire Tube,4,5/6/2014
14491,921,Mountain Tire Tube,4,10/26/2013
14491,873,Patch Kit/8 Patches,4,10/26/2013
14492,873,Patch Kit/8 Patches,4,9/20/2013
14493,870,Water Bottle - 30 oz.,4,5/7/2014
14493,871,Mountain Bottle Cage,4,5/7/2014
14493,921,Mountain Tire Tube,4,5/7/2014
14498,870,Water Bottle - 30 oz.,4,12/9/2013
14498,712,AWC Logo Cap,3,12/9/2013
"14498,714,""Long-Sleeve Logo Jersey, M"",3,12/9/2013"
14499,873,Patch Kit/8 Patches,4,4/1/2014
14499,921,Mountain Tire Tube,4,4/1/2014
14500,921,Mountain Tire Tube,4,6/17/2014
"14500,858,""Half-Finger Gloves, S"",3,6/17/2014"
14502,870,Water Bottle - 30 oz.,4,8/18/2013
14502,871,Mountain Bottle Cage,4,8/18/2013
"14502,867,""Women's Mountain Shorts, S"",3,9/1/2013"
14502,930,HL Mountain Tire,4,3/1/2014
"14503,708,""Sport-100 Helmet, Black"",4,10/18/2013"
14504,871,Mountain Bottle Cage,4,6/24/2014
14504,921,Mountain Tire Tube,4,12/22/2013
14504,870,Water Bottle - 30 oz.,4,6/24/2014
"14504,707,""Sport-100 Helmet, Red"",4,6/24/2014"
14504,873,Patch Kit/8 Patches,4,12/22/2013
14505,878,Fender Set - Mountain,4,7/17/2013
14505,921,Mountain Tire Tube,4,7/17/2013
"14506,711,""Sport-100 Helmet, Blue"",4,4/15/2014"
14507,921,Mountain Tire Tube,4,7/15/2013
14508,921,Mountain Tire Tube,4,10/28/2013
14509,921,Mountain Tire Tube,4,3/1/2014
14510,921,Mountain Tire Tube,4,12/23/2013
14510,930,HL Mountain Tire,4,12/23/2013
"14511,707,""Sport-100 Helmet, Red"",4,9/5/2013"
14511,921,Mountain Tire Tube,4,9/5/2013
"14512,707,""Sport-100 Helmet, Red"",4,7/9/2013"
14514,878,Fender Set - Mountain,4,6/28/2014
"14515,707,""Sport-100 Helmet, Red"",4,3/17/2014"
14516,932,ML Road Tire,4,7/24/2013
14517,922,Road Tire Tube,4,3/22/2014
"14517,881,""Short-Sleeve Classic Jersey, S"",3,12/10/2013"
14518,712,AWC Logo Cap,3,1/1/2014
14518,922,Road Tire Tube,4,7/20/2013
"14518,881,""Short-Sleeve Classic Jersey, S"",3,1/1/2014"
14518,932,ML Road Tire,4,7/20/2013
14519,878,Fender Set - Mountain,4,8/13/2013
"14519,883,""Short-Sleeve Classic Jersey, L"",3,8/13/2013"
14521,922,Road Tire Tube,4,12/18/2013
"14521,707,""Sport-100 Helmet, Red"",4,12/18/2013"
14521,932,ML Road Tire,4,12/18/2013
"14522,881,""Short-Sleeve Classic Jersey, S"",3,2/24/2014"
"14522,708,""Sport-100 Helmet, Black"",4,10/14/2013"
14522,932,ML Road Tire,4,10/14/2013
"14522,875,""Racing Socks, L"",3,10/14/2013"
14525,871,Mountain Bottle Cage,4,3/28/2014
14525,870,Water Bottle - 30 oz.,4,3/28/2014
14526,923,Touring Tire Tube,4,11/15/2013
14529,879,All-Purpose Bike Stand,4,9/13/2013
14529,934,Touring Tire,4,5/24/2014
14529,923,Touring Tire Tube,4,5/24/2014
"14529,858,""Half-Finger Gloves, S"",3,5/24/2014"
14530,873,Patch Kit/8 Patches,4,4/16/2014
14530,933,HL Road Tire,4,8/20/2013
14530,922,Road Tire Tube,4,8/20/2013
14530,934,Touring Tire,4,4/16/2014
14531,934,Touring Tire,4,7/27/2013
14531,923,Touring Tire Tube,4,7/27/2013
"14531,708,""Sport-100 Helmet, Black"",4,8/28/2013"
"14531,711,""Sport-100 Helmet, Blue"",4,7/27/2013"
"14531,714,""Long-Sleeve Logo Jersey, M"",3,7/27/2013"
14533,922,Road Tire Tube,4,6/1/2014
14533,934,Touring Tire,4,2/4/2014
"14533,707,""Sport-100 Helmet, Red"",4,2/4/2014"
14533,923,Touring Tire Tube,4,2/4/2014
14534,871,Mountain Bottle Cage,4,4/6/2014
14534,870,Water Bottle - 30 oz.,4,4/6/2014
14535,934,Touring Tire,4,8/17/2013
"14535,859,""Half-Finger Gloves, M"",3,8/8/2013"
"14536,865,""Classic Vest, M"",3,12/3/2013"
14537,930,HL Mountain Tire,4,12/7/2013
14537,873,Patch Kit/8 Patches,4,12/7/2013
14538,712,AWC Logo Cap,3,2/15/2014
"14538,708,""Sport-100 Helmet, Black"",4,2/15/2014"
"14539,875,""Racing Socks, L"",3,2/28/2014"
14540,934,Touring Tire,4,8/9/2013
"14540,716,""Long-Sleeve Logo Jersey, XL"",3,2/3/2014"
14540,923,Touring Tire Tube,4,8/9/2013
"14540,869,""Women's Mountain Shorts, L"",3,2/3/2014"
14542,923,Touring Tire Tube,4,12/19/2013
14542,873,Patch Kit/8 Patches,4,12/19/2013
14542,712,AWC Logo Cap,3,3/7/2014
"14542,868,""Women's Mountain Shorts, M"",3,3/7/2014"
14543,930,HL Mountain Tire,4,12/5/2013
14543,921,Mountain Tire Tube,4,12/5/2013
14544,921,Mountain Tire Tube,4,10/11/2013
14545,712,AWC Logo Cap,3,9/13/2013
14545,934,Touring Tire,4,6/16/2014
14545,923,Touring Tire Tube,4,6/16/2014
"14546,884,""Short-Sleeve Classic Jersey, XL"",3,6/3/2014"
"14546,868,""Women's Mountain Shorts, M"",3,6/3/2014"
"14547,884,""Short-Sleeve Classic Jersey, XL"",3,5/25/2014"
"14547,711,""Sport-100 Helmet, Blue"",4,4/25/2014"
14547,923,Touring Tire Tube,4,4/25/2014
"14547,869,""Women's Mountain Shorts, L"",3,5/25/2014"
14548,876,Hitch Rack - 4-Bike,4,4/3/2014
14549,930,HL Mountain Tire,4,1/16/2014
"14549,708,""Sport-100 Helmet, Black"",4,1/16/2014"
14550,921,Mountain Tire Tube,4,2/7/2014
14550,712,AWC Logo Cap,3,2/7/2014
14551,921,Mountain Tire Tube,4,5/22/2014
14551,930,HL Mountain Tire,4,5/22/2014
14551,878,Fender Set - Mountain,4,5/22/2014
14552,923,Touring Tire Tube,4,3/24/2014
"14552,869,""Women's Mountain Shorts, L"",3,4/23/2014"
14553,923,Touring Tire Tube,4,9/26/2013
"14553,867,""Women's Mountain Shorts, S"",3,8/20/2013"
14553,934,Touring Tire,4,9/26/2013
"14553,874,""Racing Socks, M"",3,8/20/2013"
14554,923,Touring Tire Tube,4,1/9/2014
"14554,713,""Long-Sleeve Logo Jersey, S"",3,1/9/2014"
14554,934,Touring Tire,4,1/9/2014
"14554,868,""Women's Mountain Shorts, M"",3,9/7/2013"
14555,929,ML Mountain Tire,4,3/20/2014
"14555,711,""Sport-100 Helmet, Blue"",4,3/20/2014"
14556,921,Mountain Tire Tube,4,2/26/2014
14556,870,Water Bottle - 30 oz.,4,2/26/2014
14557,922,Road Tire Tube,4,7/1/2013
14557,932,ML Road Tire,4,7/1/2013
"14557,883,""Short-Sleeve Classic Jersey, L"",3,6/25/2014"
"14558,860,""Half-Finger Gloves, L"",3,11/11/2013"
14559,712,AWC Logo Cap,3,11/3/2013
"14561,707,""Sport-100 Helmet, Red"",4,7/4/2013"
14561,933,HL Road Tire,4,4/13/2014
"14561,708,""Sport-100 Helmet, Black"",4,4/13/2014"
14561,870,Water Bottle - 30 oz.,4,7/4/2013
14561,922,Road Tire Tube,4,4/13/2014
14561,871,Mountain Bottle Cage,4,7/4/2013
14562,873,Patch Kit/8 Patches,4,10/19/2013
"14563,711,""Sport-100 Helmet, Blue"",4,12/24/2013"
14564,876,Hitch Rack - 4-Bike,4,5/21/2014
14566,878,Fender Set - Mountain,4,3/1/2014
14566,930,HL Mountain Tire,4,3/1/2014
14566,712,AWC Logo Cap,3,1/6/2014
14566,933,HL Road Tire,4,9/17/2013
14566,880,Hydration Pack - 70 oz.,4,1/6/2014
14566,870,Water Bottle - 30 oz.,4,3/1/2014
14566,922,Road Tire Tube,4,9/17/2013
"14566,714,""Long-Sleeve Logo Jersey, M"",3,3/1/2014"
14567,933,HL Road Tire,4,6/30/2013
14567,930,HL Mountain Tire,4,11/22/2013
"14567,858,""Half-Finger Gloves, S"",3,6/30/2013"
14567,873,Patch Kit/8 Patches,4,11/22/2013
14567,922,Road Tire Tube,4,6/30/2013
"14567,708,""Sport-100 Helmet, Black"",4,6/30/2013"
14567,871,Mountain Bottle Cage,4,5/8/2014
14567,921,Mountain Tire Tube,4,11/22/2013
14568,870,Water Bottle - 30 oz.,4,9/7/2013
"14568,711,""Sport-100 Helmet, Blue"",4,9/7/2013"
14568,921,Mountain Tire Tube,4,9/7/2013
14569,873,Patch Kit/8 Patches,4,3/24/2014
14570,921,Mountain Tire Tube,4,10/5/2013
"14571,707,""Sport-100 Helmet, Red"",4,1/21/2014"
"14571,715,""Long-Sleeve Logo Jersey, L"",3,1/21/2014"
14573,921,Mountain Tire Tube,4,2/26/2014
14574,921,Mountain Tire Tube,4,11/23/2013
14574,871,Mountain Bottle Cage,4,12/4/2013
14574,873,Patch Kit/8 Patches,4,4/28/2014
14574,878,Fender Set - Mountain,4,11/23/2013
14574,870,Water Bottle - 30 oz.,4,12/4/2013
"14574,711,""Sport-100 Helmet, Blue"",4,12/4/2013"
"14574,858,""Half-Finger Gloves, S"",3,12/4/2013"
14574,930,HL Mountain Tire,4,11/23/2013
14575,921,Mountain Tire Tube,4,6/25/2014
14575,878,Fender Set - Mountain,4,6/25/2014
14577,929,ML Mountain Tire,4,12/9/2013
14577,921,Mountain Tire Tube,4,12/9/2013
"14578,869,""Women's Mountain Shorts, L"",3,11/28/2013"
14579,921,Mountain Tire Tube,4,8/3/2013
"14581,858,""Half-Finger Gloves, S"",3,12/1/2013"
"14581,708,""Sport-100 Helmet, Black"",4,12/1/2013"
14581,921,Mountain Tire Tube,4,12/1/2013
14582,933,HL Road Tire,4,9/20/2013
14582,873,Patch Kit/8 Patches,4,9/20/2013
14582,870,Water Bottle - 30 oz.,4,7/13/2013
14582,877,Bike Wash - Dissolver,4,9/20/2013
14582,922,Road Tire Tube,4,9/20/2013
14582,930,HL Mountain Tire,4,4/26/2014
14584,878,Fender Set - Mountain,4,12/18/2013
14584,870,Water Bottle - 30 oz.,4,12/18/2013
14584,712,AWC Logo Cap,3,12/18/2013
"14586,881,""Short-Sleeve Classic Jersey, S"",3,5/22/2014"
14586,870,Water Bottle - 30 oz.,4,4/21/2014
14586,880,Hydration Pack - 70 oz.,4,4/21/2014
"14586,869,""Women's Mountain Shorts, L"",3,5/22/2014"
14586,871,Mountain Bottle Cage,4,4/21/2014
14587,873,Patch Kit/8 Patches,4,10/27/2013
"14588,708,""Sport-100 Helmet, Black"",4,2/20/2014"
"14590,867,""Women's Mountain Shorts, S"",3,12/14/2013"
14590,712,AWC Logo Cap,3,12/14/2013
14591,929,ML Mountain Tire,4,12/9/2013
14593,921,Mountain Tire Tube,4,11/17/2013
14594,921,Mountain Tire Tube,4,9/28/2013
"14595,707,""Sport-100 Helmet, Red"",4,4/1/2014"
14596,878,Fender Set - Mountain,4,12/22/2013
14596,870,Water Bottle - 30 oz.,4,12/22/2013
14597,873,Patch Kit/8 Patches,4,11/28/2013
14597,878,Fender Set - Mountain,4,11/28/2013
"14597,708,""Sport-100 Helmet, Black"",4,3/23/2014"
14597,921,Mountain Tire Tube,4,11/28/2013
14598,712,AWC Logo Cap,3,11/3/2013
14598,880,Hydration Pack - 70 oz.,4,11/3/2013
14598,878,Fender Set - Mountain,4,11/3/2013
14598,930,HL Mountain Tire,4,11/3/2013
14600,921,Mountain Tire Tube,4,2/10/2014
"14601,707,""Sport-100 Helmet, Red"",4,12/11/2013"
"14602,714,""Long-Sleeve Logo Jersey, M"",3,12/6/2013"
"14602,860,""Half-Finger Gloves, L"",3,12/6/2013"
"14602,711,""Sport-100 Helmet, Blue"",4,12/6/2013"
14603,871,Mountain Bottle Cage,4,12/28/2013
"14604,867,""Women's Mountain Shorts, S"",3,10/5/2013"
14604,871,Mountain Bottle Cage,4,7/7/2013
"14604,874,""Racing Socks, M"",3,10/5/2013"
14604,870,Water Bottle - 30 oz.,4,7/7/2013
14605,870,Water Bottle - 30 oz.,4,3/12/2014
14605,872,Road Bottle Cage,4,3/12/2014
14605,878,Fender Set - Mountain,4,11/27/2013
14606,870,Water Bottle - 30 oz.,4,11/19/2013
14606,871,Mountain Bottle Cage,4,11/19/2013
14608,921,Mountain Tire Tube,4,9/21/2013
14611,933,HL Road Tire,4,3/15/2014
14611,870,Water Bottle - 30 oz.,4,2/4/2014
14611,922,Road Tire Tube,4,3/15/2014
14611,879,All-Purpose Bike Stand,4,3/15/2014
14611,921,Mountain Tire Tube,4,3/10/2014
14611,871,Mountain Bottle Cage,4,2/4/2014
14612,921,Mountain Tire Tube,4,5/6/2014
14613,712,AWC Logo Cap,3,12/7/2013
"14613,868,""Women's Mountain Shorts, M"",3,12/7/2013"
14614,929,ML Mountain Tire,4,12/18/2013
14614,878,Fender Set - Mountain,4,12/18/2013
14614,921,Mountain Tire Tube,4,12/18/2013
14615,871,Mountain Bottle Cage,4,4/1/2014
14615,712,AWC Logo Cap,3,4/1/2014
14615,921,Mountain Tire Tube,4,4/1/2014
"14617,708,""Sport-100 Helmet, Black"",4,12/13/2013"
14617,929,ML Mountain Tire,4,12/13/2013
"14618,711,""Sport-100 Helmet, Blue"",4,3/2/2014"
"14619,711,""Sport-100 Helmet, Blue"",4,3/24/2014"
"14621,711,""Sport-100 Helmet, Blue"",4,5/22/2014"
"14621,865,""Classic Vest, M"",3,5/22/2014"
14622,870,Water Bottle - 30 oz.,4,10/13/2013
14622,871,Mountain Bottle Cage,4,10/13/2013
14622,921,Mountain Tire Tube,4,10/13/2013
"14623,707,""Sport-100 Helmet, Red"",4,8/6/2013"
"14623,860,""Half-Finger Gloves, L"",3,8/6/2013"
14624,921,Mountain Tire Tube,4,3/30/2014
14625,921,Mountain Tire Tube,4,3/31/2014
"14626,859,""Half-Finger Gloves, M"",3,3/25/2014"
14626,871,Mountain Bottle Cage,4,5/25/2014
"14626,714,""Long-Sleeve Logo Jersey, M"",3,3/25/2014"
"14626,711,""Sport-100 Helmet, Blue"",4,3/25/2014"
14626,930,HL Mountain Tire,4,3/25/2014
14626,933,HL Road Tire,4,9/5/2013
14627,921,Mountain Tire Tube,4,11/29/2013
"14631,867,""Women's Mountain Shorts, S"",3,12/16/2013"
14632,922,Road Tire Tube,4,6/9/2014
14632,930,HL Mountain Tire,4,5/23/2014
14632,921,Mountain Tire Tube,4,5/23/2014
14632,933,HL Road Tire,4,6/9/2014
"14633,711,""Sport-100 Helmet, Blue"",4,4/2/2014"
14633,922,Road Tire Tube,4,7/19/2013
14633,870,Water Bottle - 30 oz.,4,9/11/2013
14633,871,Mountain Bottle Cage,4,9/11/2013
"14633,874,""Racing Socks, M"",3,9/11/2013"
14633,930,HL Mountain Tire,4,4/2/2014
14633,878,Fender Set - Mountain,4,4/2/2014
14633,921,Mountain Tire Tube,4,4/2/2014
14635,921,Mountain Tire Tube,4,1/8/2014
14635,873,Patch Kit/8 Patches,4,1/8/2014
14635,878,Fender Set - Mountain,4,1/8/2014
"14637,711,""Sport-100 Helmet, Blue"",4,2/24/2014"
14638,921,Mountain Tire Tube,4,5/20/2014
"14639,868,""Women's Mountain Shorts, M"",3,12/15/2013"
14640,877,Bike Wash - Dissolver,4,12/27/2013
14640,921,Mountain Tire Tube,4,12/27/2013
14641,870,Water Bottle - 30 oz.,4,9/8/2013
14641,933,HL Road Tire,4,1/2/2014
"14641,708,""Sport-100 Helmet, Black"",4,9/8/2013"
14641,930,HL Mountain Tire,4,3/18/2014
14642,873,Patch Kit/8 Patches,4,10/26/2013
"14643,715,""Long-Sleeve Logo Jersey, L"",3,1/20/2014"
"14643,859,""Half-Finger Gloves, M"",3,1/20/2014"
14644,921,Mountain Tire Tube,4,7/13/2013
14646,929,ML Mountain Tire,4,1/2/2014
14646,921,Mountain Tire Tube,4,1/2/2014
"14647,715,""Long-Sleeve Logo Jersey, L"",3,1/23/2014"
14648,877,Bike Wash - Dissolver,4,12/2/2013
14649,712,AWC Logo Cap,3,1/2/2014
"14649,869,""Women's Mountain Shorts, L"",3,1/2/2014"
"14651,714,""Long-Sleeve Logo Jersey, M"",3,1/14/2014"
"14652,859,""Half-Finger Gloves, M"",3,1/27/2014"
"14653,867,""Women's Mountain Shorts, S"",3,1/5/2014"
14654,873,Patch Kit/8 Patches,4,9/1/2013
14655,870,Water Bottle - 30 oz.,4,7/24/2013
"14655,867,""Women's Mountain Shorts, S"",3,9/8/2013"
14655,930,HL Mountain Tire,4,10/10/2013
14655,880,Hydration Pack - 70 oz.,4,7/24/2013
14656,871,Mountain Bottle Cage,4,12/13/2013
14656,870,Water Bottle - 30 oz.,4,12/13/2013
14657,878,Fender Set - Mountain,4,12/8/2013
14658,871,Mountain Bottle Cage,4,4/7/2014
14658,870,Water Bottle - 30 oz.,4,4/7/2014
14658,873,Patch Kit/8 Patches,4,11/4/2013
14658,930,HL Mountain Tire,4,11/4/2013
14659,921,Mountain Tire Tube,4,10/27/2013
"14660,716,""Long-Sleeve Logo Jersey, XL"",3,1/10/2014"
"14661,860,""Half-Finger Gloves, L"",3,11/5/2013"
14661,930,HL Mountain Tire,4,10/2/2013
14661,933,HL Road Tire,4,11/5/2013
14661,921,Mountain Tire Tube,4,10/2/2013
14661,870,Water Bottle - 30 oz.,4,1/4/2014
14661,712,AWC Logo Cap,3,1/4/2014
"14661,708,""Sport-100 Helmet, Black"",4,10/2/2013"
14661,871,Mountain Bottle Cage,4,1/4/2014
"14662,865,""Classic Vest, M"",3,1/11/2014"
14663,921,Mountain Tire Tube,4,4/18/2014
14663,870,Water Bottle - 30 oz.,4,4/18/2014
14663,871,Mountain Bottle Cage,4,4/18/2014
"14663,708,""Sport-100 Helmet, Black"",4,4/18/2014"
"14664,707,""Sport-100 Helmet, Red"",4,12/19/2013"
14664,878,Fender Set - Mountain,4,12/19/2013
14665,932,ML Road Tire,4,11/22/2013
14665,873,Patch Kit/8 Patches,4,11/22/2013
14665,922,Road Tire Tube,4,11/22/2013
14666,930,HL Mountain Tire,4,2/22/2014
"14666,859,""Half-Finger Gloves, M"",3,3/12/2014"
14667,870,Water Bottle - 30 oz.,4,3/21/2014
14667,872,Road Bottle Cage,4,3/21/2014
14667,876,Hitch Rack - 4-Bike,4,2/2/2014
14668,877,Bike Wash - Dissolver,4,3/28/2014
"14668,711,""Sport-100 Helmet, Blue"",4,2/28/2014"
14668,930,HL Mountain Tire,4,2/28/2014
14669,873,Patch Kit/8 Patches,4,5/2/2014
"14669,716,""Long-Sleeve Logo Jersey, XL"",3,2/6/2014"
14669,922,Road Tire Tube,4,5/2/2014
14669,712,AWC Logo Cap,3,2/6/2014
14670,712,AWC Logo Cap,3,12/4/2013
"14671,860,""Half-Finger Gloves, L"",3,1/10/2014"
"14671,883,""Short-Sleeve Classic Jersey, L"",3,1/10/2014"
14671,871,Mountain Bottle Cage,4,1/10/2014
"14672,715,""Long-Sleeve Logo Jersey, L"",3,2/24/2014"
14672,921,Mountain Tire Tube,4,2/24/2014
14672,870,Water Bottle - 30 oz.,4,4/17/2014
14672,930,HL Mountain Tire,4,2/24/2014
14674,932,ML Road Tire,4,4/19/2014
"14674,864,""Classic Vest, S"",3,4/19/2014"
"14674,713,""Long-Sleeve Logo Jersey, S"",3,1/30/2014"
"14675,715,""Long-Sleeve Logo Jersey, L"",3,6/7/2014"
14675,922,Road Tire Tube,4,11/7/2013
14675,932,ML Road Tire,4,11/7/2013
14676,878,Fender Set - Mountain,4,2/24/2014
14677,932,ML Road Tire,4,5/28/2014
14677,922,Road Tire Tube,4,5/28/2014
"14677,716,""Long-Sleeve Logo Jersey, XL"",3,10/11/2013"
"14678,881,""Short-Sleeve Classic Jersey, S"",3,6/13/2014"
"14678,716,""Long-Sleeve Logo Jersey, XL"",3,7/22/2013"
14678,922,Road Tire Tube,4,6/13/2014
14678,932,ML Road Tire,4,6/13/2014
"14679,875,""Racing Socks, L"",3,5/27/2014"
14679,932,ML Road Tire,4,5/27/2014
"14679,713,""Long-Sleeve Logo Jersey, S"",3,6/17/2014"
14680,932,ML Road Tire,4,6/30/2014
"14680,716,""Long-Sleeve Logo Jersey, XL"",3,4/30/2014"
"14680,713,""Long-Sleeve Logo Jersey, S"",3,6/30/2014"
14680,922,Road Tire Tube,4,6/30/2014
"14681,707,""Sport-100 Helmet, Red"",4,4/7/2014"
14681,878,Fender Set - Mountain,4,2/9/2014
"14682,716,""Long-Sleeve Logo Jersey, XL"",3,5/8/2014"
"14682,708,""Sport-100 Helmet, Black"",4,10/17/2013"
14682,922,Road Tire Tube,4,10/17/2013
"14682,860,""Half-Finger Gloves, L"",3,10/17/2013"
14683,870,Water Bottle - 30 oz.,4,8/1/2013
14683,932,ML Road Tire,4,2/27/2014
14683,923,Touring Tire Tube,4,8/1/2013
14683,880,Hydration Pack - 70 oz.,4,9/8/2013
14684,880,Hydration Pack - 70 oz.,4,6/7/2014
14684,922,Road Tire Tube,4,5/20/2014
14684,932,ML Road Tire,4,5/20/2014
14684,923,Touring Tire Tube,4,3/18/2014
"14685,708,""Sport-100 Helmet, Black"",4,3/24/2014"
14685,880,Hydration Pack - 70 oz.,4,1/10/2014
"14685,858,""Half-Finger Gloves, S"",3,3/24/2014"
14685,873,Patch Kit/8 Patches,4,1/1/2014
14686,880,Hydration Pack - 70 oz.,4,4/11/2014
"14686,865,""Classic Vest, M"",3,4/11/2014"
14686,932,ML Road Tire,4,2/8/2014
"14687,884,""Short-Sleeve Classic Jersey, XL"",3,2/8/2014"
14687,878,Fender Set - Mountain,4,2/8/2014
14688,921,Mountain Tire Tube,4,7/26/2013
"14688,711,""Sport-100 Helmet, Blue"",4,7/26/2013"
"14690,713,""Long-Sleeve Logo Jersey, S"",3,5/22/2014"
"14690,707,""Sport-100 Helmet, Red"",4,5/22/2014"
14690,712,AWC Logo Cap,3,5/22/2014
"14691,715,""Long-Sleeve Logo Jersey, L"",3,2/2/2014"
14691,921,Mountain Tire Tube,4,2/2/2014
14692,873,Patch Kit/8 Patches,4,4/13/2014
14692,923,Touring Tire Tube,4,4/13/2014
"14692,867,""Women's Mountain Shorts, S"",3,6/13/2014"
14693,921,Mountain Tire Tube,4,3/8/2014
14694,923,Touring Tire Tube,4,11/4/2013
"14694,867,""Women's Mountain Shorts, S"",3,8/7/2013"
"14694,711,""Sport-100 Helmet, Blue"",4,11/4/2013"
14694,934,Touring Tire,4,11/4/2013
14695,930,HL Mountain Tire,4,4/5/2014
"14695,875,""Racing Socks, L"",3,4/5/2014"
14696,930,HL Mountain Tire,4,9/12/2013
14696,873,Patch Kit/8 Patches,4,9/12/2013
"14697,708,""Sport-100 Helmet, Black"",4,3/2/2014"
14697,934,Touring Tire,4,8/14/2013
"14698,875,""Racing Socks, L"",3,5/14/2014"
14698,878,Fender Set - Mountain,4,5/14/2014
14698,928,LL Mountain Tire,4,5/14/2014
"14699,881,""Short-Sleeve Classic Jersey, S"",3,12/6/2013"
14700,878,Fender Set - Mountain,4,3/17/2014
"14701,711,""Sport-100 Helmet, Blue"",4,3/7/2014"
14701,871,Mountain Bottle Cage,4,3/7/2014
"14702,711,""Sport-100 Helmet, Blue"",4,3/8/2014"
14702,871,Mountain Bottle Cage,4,3/8/2014
14702,712,AWC Logo Cap,3,3/8/2014
14703,930,HL Mountain Tire,4,7/20/2013
14703,873,Patch Kit/8 Patches,4,7/20/2013
14704,870,Water Bottle - 30 oz.,4,7/7/2013
14704,871,Mountain Bottle Cage,4,7/7/2013
"14704,881,""Short-Sleeve Classic Jersey, S"",3,7/7/2013"
14704,921,Mountain Tire Tube,4,7/7/2013
14707,873,Patch Kit/8 Patches,4,7/15/2013
14708,870,Water Bottle - 30 oz.,4,3/29/2014
14710,930,HL Mountain Tire,4,3/12/2014
"14711,714,""Long-Sleeve Logo Jersey, M"",3,8/27/2013"
"14712,708,""Sport-100 Helmet, Black"",4,3/6/2014"
"14713,859,""Half-Finger Gloves, M"",3,5/6/2014"
14713,870,Water Bottle - 30 oz.,4,5/6/2014
14713,871,Mountain Bottle Cage,4,11/24/2013
14714,870,Water Bottle - 30 oz.,4,5/29/2014
14714,872,Road Bottle Cage,4,5/29/2014
14714,712,AWC Logo Cap,3,5/29/2014
"14714,711,""Sport-100 Helmet, Blue"",4,10/17/2013"
14715,932,ML Road Tire,4,3/5/2014
14715,873,Patch Kit/8 Patches,4,3/5/2014
14716,872,Road Bottle Cage,4,5/11/2014
14716,877,Bike Wash - Dissolver,4,5/11/2014
14717,930,HL Mountain Tire,4,8/13/2013
14717,921,Mountain Tire Tube,4,10/9/2013
14717,929,ML Mountain Tire,4,10/9/2013
14717,712,AWC Logo Cap,3,10/9/2013
14718,932,ML Road Tire,4,8/6/2013
"14718,708,""Sport-100 Helmet, Black"",4,8/6/2013"
"14719,864,""Classic Vest, S"",3,10/7/2013"
14719,878,Fender Set - Mountain,4,10/7/2013
"14719,715,""Long-Sleeve Logo Jersey, L"",3,5/25/2014"
"14719,860,""Half-Finger Gloves, L"",3,5/25/2014"
"14719,707,""Sport-100 Helmet, Red"",4,5/25/2014"
14723,870,Water Bottle - 30 oz.,4,8/20/2013
14723,930,HL Mountain Tire,4,11/20/2013
14723,933,HL Road Tire,4,9/14/2013
14723,871,Mountain Bottle Cage,4,8/20/2013
14724,870,Water Bottle - 30 oz.,4,11/22/2013
14724,871,Mountain Bottle Cage,4,11/22/2013
14724,878,Fender Set - Mountain,4,10/20/2013
14724,873,Patch Kit/8 Patches,4,6/13/2014
14724,930,HL Mountain Tire,4,10/20/2013
14724,921,Mountain Tire Tube,4,10/20/2013
"14725,715,""Long-Sleeve Logo Jersey, L"",3,5/11/2014"
14725,871,Mountain Bottle Cage,4,8/18/2013
14725,880,Hydration Pack - 70 oz.,4,8/18/2013
14725,922,Road Tire Tube,4,12/6/2013
14725,921,Mountain Tire Tube,4,5/11/2014
14725,876,Hitch Rack - 4-Bike,4,12/6/2013
14725,870,Water Bottle - 30 oz.,4,8/18/2013
14725,933,HL Road Tire,4,12/6/2013
14726,871,Mountain Bottle Cage,4,1/21/2014
"14727,869,""Women's Mountain Shorts, L"",3,1/13/2014"
"14728,859,""Half-Finger Gloves, M"",3,1/23/2014"
14730,922,Road Tire Tube,4,5/29/2014
14730,879,All-Purpose Bike Stand,4,5/29/2014
"14736,864,""Classic Vest, S"",3,8/1/2013"
14739,873,Patch Kit/8 Patches,4,2/16/2014
14740,871,Mountain Bottle Cage,4,2/4/2014
14740,870,Water Bottle - 30 oz.,4,2/4/2014
"14741,713,""Long-Sleeve Logo Jersey, S"",3,2/19/2014"
14742,921,Mountain Tire Tube,4,1/17/2014
14743,921,Mountain Tire Tube,4,12/6/2013
"14743,708,""Sport-100 Helmet, Black"",4,12/6/2013"
14744,873,Patch Kit/8 Patches,4,2/21/2014
14744,921,Mountain Tire Tube,4,2/21/2014
14745,712,AWC Logo Cap,3,12/28/2013
"14745,868,""Women's Mountain Shorts, M"",3,12/28/2013"
"14746,716,""Long-Sleeve Logo Jersey, XL"",3,2/13/2014"
14748,876,Hitch Rack - 4-Bike,4,12/31/2013
"14749,715,""Long-Sleeve Logo Jersey, L"",3,8/16/2013"
14749,712,AWC Logo Cap,3,8/16/2013
"14749,708,""Sport-100 Helmet, Black"",4,8/16/2013"
"14750,716,""Long-Sleeve Logo Jersey, XL"",3,2/22/2014"
"14750,858,""Half-Finger Gloves, S"",3,2/22/2014"
14751,873,Patch Kit/8 Patches,4,11/30/2013
"14752,859,""Half-Finger Gloves, M"",3,2/20/2014"
14754,873,Patch Kit/8 Patches,4,2/24/2014
"14755,867,""Women's Mountain Shorts, S"",3,2/28/2014"
"14756,867,""Women's Mountain Shorts, S"",3,2/3/2014"
14758,921,Mountain Tire Tube,4,10/4/2013
14759,921,Mountain Tire Tube,4,6/13/2014
"14760,714,""Long-Sleeve Logo Jersey, M"",3,5/14/2014"
14760,871,Mountain Bottle Cage,4,11/5/2013
14760,873,Patch Kit/8 Patches,4,12/3/2013
14760,930,HL Mountain Tire,4,12/3/2013
14761,921,Mountain Tire Tube,4,7/6/2013
14764,873,Patch Kit/8 Patches,4,5/9/2014
"14765,708,""Sport-100 Helmet, Black"",4,1/26/2014"
14765,873,Patch Kit/8 Patches,4,6/11/2014
14765,871,Mountain Bottle Cage,4,2/7/2014
14765,921,Mountain Tire Tube,4,1/26/2014
14767,878,Fender Set - Mountain,4,3/1/2014
"14768,715,""Long-Sleeve Logo Jersey, L"",3,11/1/2013"
14768,878,Fender Set - Mountain,4,11/1/2013
"14770,711,""Sport-100 Helmet, Blue"",4,3/13/2014"
14771,872,Road Bottle Cage,4,9/3/2013
"14771,708,""Sport-100 Helmet, Black"",4,3/19/2014"
14772,873,Patch Kit/8 Patches,4,3/26/2014
14773,876,Hitch Rack - 4-Bike,4,11/29/2013
14775,878,Fender Set - Mountain,4,11/5/2013
14775,921,Mountain Tire Tube,4,11/5/2013
14775,930,HL Mountain Tire,4,11/5/2013
"14775,714,""Long-Sleeve Logo Jersey, M"",3,11/5/2013"
"14777,711,""Sport-100 Helmet, Blue"",4,3/25/2014"
14777,871,Mountain Bottle Cage,4,3/25/2014
14778,871,Mountain Bottle Cage,4,4/19/2014
"14778,708,""Sport-100 Helmet, Black"",4,4/19/2014"
14778,870,Water Bottle - 30 oz.,4,4/19/2014
14780,873,Patch Kit/8 Patches,4,3/29/2014
14781,878,Fender Set - Mountain,4,5/17/2014
"14782,707,""Sport-100 Helmet, Red"",4,7/22/2013"
14782,878,Fender Set - Mountain,4,7/22/2013
"14783,869,""Women's Mountain Shorts, L"",3,2/14/2014"
14783,934,Touring Tire,4,2/22/2014
14783,923,Touring Tire Tube,4,2/22/2014
14784,923,Touring Tire Tube,4,12/4/2013
"14784,713,""Long-Sleeve Logo Jersey, S"",3,5/7/2014"
14784,934,Touring Tire,4,12/4/2013
14784,873,Patch Kit/8 Patches,4,12/4/2013
14785,921,Mountain Tire Tube,4,6/6/2014
"14785,708,""Sport-100 Helmet, Black"",4,6/6/2014"
"14786,711,""Sport-100 Helmet, Blue"",4,1/11/2014"
14786,871,Mountain Bottle Cage,4,1/11/2014
14787,934,Touring Tire,4,5/1/2014
"14787,711,""Sport-100 Helmet, Blue"",4,5/1/2014"
"14787,858,""Half-Finger Gloves, S"",3,12/28/2013"
14787,923,Touring Tire Tube,4,5/1/2014
14789,929,ML Mountain Tire,4,3/18/2014
14790,878,Fender Set - Mountain,4,11/17/2013
14790,923,Touring Tire Tube,4,8/6/2013
"14790,858,""Half-Finger Gloves, S"",3,8/6/2013"
14790,934,Touring Tire,4,8/6/2013
14791,870,Water Bottle - 30 oz.,4,11/22/2013
14791,872,Road Bottle Cage,4,9/22/2013
"14791,860,""Half-Finger Gloves, L"",3,9/22/2013"
"14791,711,""Sport-100 Helmet, Blue"",4,11/22/2013"
14792,870,Water Bottle - 30 oz.,4,3/30/2014
"14793,708,""Sport-100 Helmet, Black"",4,3/24/2014"
14793,921,Mountain Tire Tube,4,3/24/2014
14795,929,ML Mountain Tire,4,3/15/2014
"14796,707,""Sport-100 Helmet, Red"",4,4/27/2014"
"14796,714,""Long-Sleeve Logo Jersey, M"",3,4/27/2014"
14796,929,ML Mountain Tire,4,4/27/2014
"14799,867,""Women's Mountain Shorts, S"",3,10/12/2013"
14799,934,Touring Tire,4,7/21/2013
14799,712,AWC Logo Cap,3,7/21/2013
14799,923,Touring Tire Tube,4,7/21/2013
14800,921,Mountain Tire Tube,4,3/31/2014
14800,929,ML Mountain Tire,4,3/31/2014
14801,921,Mountain Tire Tube,4,4/12/2014
"14802,714,""Long-Sleeve Logo Jersey, M"",3,4/6/2014"
14804,923,Touring Tire Tube,4,12/28/2013
"14804,707,""Sport-100 Helmet, Red"",4,12/28/2013"
"14804,867,""Women's Mountain Shorts, S"",3,9/29/2013"
14805,878,Fender Set - Mountain,4,11/22/2013
"14805,858,""Half-Finger Gloves, S"",3,11/22/2013"
"14806,881,""Short-Sleeve Classic Jersey, S"",3,9/22/2013"
14806,923,Touring Tire Tube,4,11/13/2013
"14806,716,""Long-Sleeve Logo Jersey, XL"",3,11/13/2013"
14806,934,Touring Tire,4,11/13/2013
"14807,708,""Sport-100 Helmet, Black"",4,2/22/2014"
"14808,716,""Long-Sleeve Logo Jersey, XL"",3,11/9/2013"
"14808,869,""Women's Mountain Shorts, L"",3,11/9/2013"
14808,934,Touring Tire,4,4/11/2014
14808,873,Patch Kit/8 Patches,4,4/11/2014
14809,712,AWC Logo Cap,3,8/2/2013
14809,934,Touring Tire,4,1/2/2014
14809,923,Touring Tire Tube,4,1/2/2014
"14809,868,""Women's Mountain Shorts, M"",3,8/2/2013"
14810,921,Mountain Tire Tube,4,11/4/2013
14811,877,Bike Wash - Dissolver,4,8/17/2013
14811,922,Road Tire Tube,4,8/17/2013
14812,922,Road Tire Tube,4,10/29/2013
"14812,707,""Sport-100 Helmet, Red"",4,10/29/2013"
"14813,869,""Women's Mountain Shorts, L"",3,5/16/2014"
14813,712,AWC Logo Cap,3,5/16/2014
"14814,868,""Women's Mountain Shorts, M"",3,8/8/2013"
14814,934,Touring Tire,4,7/13/2013
"14814,859,""Half-Finger Gloves, M"",3,8/8/2013"
"14815,711,""Sport-100 Helmet, Blue"",4,4/16/2014"
14815,932,ML Road Tire,4,4/16/2014
14816,932,ML Road Tire,4,5/11/2014
"14816,708,""Sport-100 Helmet, Black"",4,5/11/2014"
14817,932,ML Road Tire,4,1/26/2014
"14817,707,""Sport-100 Helmet, Red"",4,1/26/2014"
14818,870,Water Bottle - 30 oz.,4,5/4/2014
14818,877,Bike Wash - Dissolver,4,5/4/2014
14820,921,Mountain Tire Tube,4,7/17/2013
14820,929,ML Mountain Tire,4,7/17/2013
"14823,707,""Sport-100 Helmet, Red"",4,4/29/2014"
14824,929,ML Mountain Tire,4,4/11/2014
14825,878,Fender Set - Mountain,4,11/19/2013
14825,870,Water Bottle - 30 oz.,4,11/19/2013
"14825,858,""Half-Finger Gloves, S"",3,11/19/2013"
14826,921,Mountain Tire Tube,4,1/15/2014
"14827,869,""Women's Mountain Shorts, L"",3,5/13/2014"
"14828,881,""Short-Sleeve Classic Jersey, S"",3,9/14/2013"
14829,921,Mountain Tire Tube,4,11/13/2013
"14829,866,""Classic Vest, L"",3,11/13/2013"
"14830,711,""Sport-100 Helmet, Blue"",4,7/17/2013"
14830,872,Road Bottle Cage,4,7/17/2013
14830,870,Water Bottle - 30 oz.,4,10/30/2013
14831,871,Mountain Bottle Cage,4,4/15/2014
14831,870,Water Bottle - 30 oz.,4,4/15/2014
14832,880,Hydration Pack - 70 oz.,4,4/12/2014
14833,934,Touring Tire,4,9/29/2013
14835,712,AWC Logo Cap,3,11/9/2013
14835,878,Fender Set - Mountain,4,11/9/2013
14836,712,AWC Logo Cap,3,7/29/2013
"14836,867,""Women's Mountain Shorts, S"",3,7/29/2013"
14836,934,Touring Tire,4,1/18/2014
14836,923,Touring Tire Tube,4,1/18/2014
14837,871,Mountain Bottle Cage,4,4/19/2014
"14837,714,""Long-Sleeve Logo Jersey, M"",3,4/19/2014"
14837,878,Fender Set - Mountain,4,4/19/2014
14838,871,Mountain Bottle Cage,4,5/26/2014
"14838,707,""Sport-100 Helmet, Red"",4,5/26/2014"
14839,873,Patch Kit/8 Patches,4,11/1/2013
"14839,868,""Women's Mountain Shorts, M"",3,11/8/2013"
14839,934,Touring Tire,4,11/1/2013
14839,923,Touring Tire Tube,4,11/1/2013
"14840,869,""Women's Mountain Shorts, L"",3,2/12/2014"
14840,934,Touring Tire,4,7/24/2013
14840,923,Touring Tire Tube,4,7/24/2013
14841,878,Fender Set - Mountain,4,2/2/2014
"14842,883,""Short-Sleeve Classic Jersey, L"",3,8/8/2013"
14842,870,Water Bottle - 30 oz.,4,8/8/2013
14842,871,Mountain Bottle Cage,4,8/8/2013
14842,712,AWC Logo Cap,3,8/8/2013
14843,870,Water Bottle - 30 oz.,4,4/28/2014
"14843,711,""Sport-100 Helmet, Blue"",4,9/16/2013"
"14844,865,""Classic Vest, M"",3,3/17/2014"
14845,921,Mountain Tire Tube,4,7/19/2013
"14846,707,""Sport-100 Helmet, Red"",4,8/31/2013"
"14846,881,""Short-Sleeve Classic Jersey, S"",3,4/12/2014"
14846,871,Mountain Bottle Cage,4,4/12/2014
"14847,707,""Sport-100 Helmet, Red"",4,4/21/2014"
14847,871,Mountain Bottle Cage,4,4/21/2014
14849,878,Fender Set - Mountain,4,9/1/2013
14850,921,Mountain Tire Tube,4,1/17/2014
14851,871,Mountain Bottle Cage,4,7/26/2013
14851,712,AWC Logo Cap,3,7/26/2013
"14851,707,""Sport-100 Helmet, Red"",4,7/26/2013"
14851,878,Fender Set - Mountain,4,7/26/2013
14853,922,Road Tire Tube,4,5/4/2014
14853,932,ML Road Tire,4,5/4/2014
"14854,711,""Sport-100 Helmet, Blue"",4,12/29/2013"
14854,922,Road Tire Tube,4,12/29/2013
14854,712,AWC Logo Cap,3,1/23/2014
"14856,711,""Sport-100 Helmet, Blue"",4,6/17/2014"
"14857,883,""Short-Sleeve Classic Jersey, L"",3,7/23/2013"
14857,712,AWC Logo Cap,3,10/25/2013
14858,879,All-Purpose Bike Stand,4,8/3/2013
14858,712,AWC Logo Cap,3,4/4/2014
14858,932,ML Road Tire,4,8/3/2013
14859,932,ML Road Tire,4,7/16/2013
14859,712,AWC Logo Cap,3,6/14/2014
14859,922,Road Tire Tube,4,7/16/2013
14860,923,Touring Tire Tube,4,9/18/2013
"14860,707,""Sport-100 Helmet, Red"",4,9/18/2013"
14860,873,Patch Kit/8 Patches,4,11/24/2013
14861,870,Water Bottle - 30 oz.,4,4/4/2014
"14861,865,""Classic Vest, M"",3,4/4/2014"
14862,873,Patch Kit/8 Patches,4,1/27/2014
14863,873,Patch Kit/8 Patches,4,8/15/2013
14864,929,ML Mountain Tire,4,3/10/2014
"14864,707,""Sport-100 Helmet, Red"",4,3/10/2014"
14866,873,Patch Kit/8 Patches,4,7/10/2013
14866,932,ML Road Tire,4,7/10/2013
"14868,715,""Long-Sleeve Logo Jersey, L"",3,3/29/2014"
"14868,875,""Racing Socks, L"",3,3/29/2014"
14869,871,Mountain Bottle Cage,4,6/25/2014
14869,921,Mountain Tire Tube,4,6/25/2014
"14869,707,""Sport-100 Helmet, Red"",4,6/25/2014"
14870,712,AWC Logo Cap,3,6/30/2013
14870,921,Mountain Tire Tube,4,6/30/2013
"14870,713,""Long-Sleeve Logo Jersey, S"",3,6/30/2013"
"14871,867,""Women's Mountain Shorts, S"",3,1/24/2014"
14872,878,Fender Set - Mountain,4,10/27/2013
14876,921,Mountain Tire Tube,4,10/12/2013
"14877,715,""Long-Sleeve Logo Jersey, L"",3,2/7/2014"
14878,878,Fender Set - Mountain,4,9/21/2013
"14878,708,""Sport-100 Helmet, Black"",4,9/21/2013"
14878,921,Mountain Tire Tube,4,9/21/2013
"14879,713,""Long-Sleeve Logo Jersey, S"",3,3/23/2014"
"14879,859,""Half-Finger Gloves, M"",3,3/23/2014"
14884,932,ML Road Tire,4,4/2/2014
14884,922,Road Tire Tube,4,4/2/2014
14887,878,Fender Set - Mountain,4,9/7/2013
14887,871,Mountain Bottle Cage,4,9/7/2013
"14887,713,""Long-Sleeve Logo Jersey, S"",3,9/7/2013"
"14888,883,""Short-Sleeve Classic Jersey, L"",3,5/8/2014"
"14896,716,""Long-Sleeve Logo Jersey, XL"",3,3/20/2014"
"14897,711,""Sport-100 Helmet, Blue"",4,10/20/2013"
14897,871,Mountain Bottle Cage,4,10/20/2013
14897,921,Mountain Tire Tube,4,3/1/2014
14897,873,Patch Kit/8 Patches,4,3/1/2014
"14897,858,""Half-Finger Gloves, S"",3,10/20/2013"
14897,877,Bike Wash - Dissolver,4,3/1/2014
"14897,708,""Sport-100 Helmet, Black"",4,8/11/2013"
14897,870,Water Bottle - 30 oz.,4,10/20/2013
14898,870,Water Bottle - 30 oz.,4,5/4/2014
14898,878,Fender Set - Mountain,4,5/4/2014
14898,921,Mountain Tire Tube,4,5/4/2014
14901,873,Patch Kit/8 Patches,4,7/13/2013
14903,878,Fender Set - Mountain,4,9/14/2013
14903,921,Mountain Tire Tube,4,9/14/2013
14904,922,Road Tire Tube,4,5/3/2014
14904,873,Patch Kit/8 Patches,4,5/3/2014
"14904,708,""Sport-100 Helmet, Black"",4,1/18/2014"
14904,870,Water Bottle - 30 oz.,4,1/18/2014
14904,712,AWC Logo Cap,3,5/3/2014
14904,879,All-Purpose Bike Stand,4,5/3/2014
14904,871,Mountain Bottle Cage,4,1/18/2014
14904,933,HL Road Tire,4,5/3/2014
14905,879,All-Purpose Bike Stand,4,2/19/2014
14906,712,AWC Logo Cap,3,6/16/2014
14906,871,Mountain Bottle Cage,4,1/25/2014
"14906,707,""Sport-100 Helmet, Red"",4,3/30/2014"
14906,921,Mountain Tire Tube,4,3/30/2014
14906,870,Water Bottle - 30 oz.,4,1/25/2014
14906,922,Road Tire Tube,4,6/16/2014
"14906,884,""Short-Sleeve Classic Jersey, XL"",3,1/25/2014"
14907,873,Patch Kit/8 Patches,4,1/30/2014
14907,921,Mountain Tire Tube,4,1/30/2014
14908,921,Mountain Tire Tube,4,9/21/2013
"14911,865,""Classic Vest, M"",3,3/21/2014"
14911,929,ML Mountain Tire,4,3/21/2014
"14912,868,""Women's Mountain Shorts, M"",3,3/15/2014"
"14913,715,""Long-Sleeve Logo Jersey, L"",3,3/20/2014"
14913,870,Water Bottle - 30 oz.,4,3/20/2014
"14914,868,""Women's Mountain Shorts, M"",3,3/26/2014"
14916,878,Fender Set - Mountain,4,7/15/2013
"14917,711,""Sport-100 Helmet, Blue"",4,12/8/2013"
14917,921,Mountain Tire Tube,4,12/8/2013
14918,877,Bike Wash - Dissolver,4,1/4/2014
14919,873,Patch Kit/8 Patches,4,9/30/2013
14921,873,Patch Kit/8 Patches,4,7/23/2013
14923,873,Patch Kit/8 Patches,4,3/29/2014
14923,877,Bike Wash - Dissolver,4,3/29/2014
14924,921,Mountain Tire Tube,4,8/13/2013
"14926,711,""Sport-100 Helmet, Blue"",4,8/14/2013"
14926,870,Water Bottle - 30 oz.,4,8/14/2013
"14927,713,""Long-Sleeve Logo Jersey, S"",3,6/26/2013"
14928,878,Fender Set - Mountain,4,4/2/2014
"14928,707,""Sport-100 Helmet, Red"",4,4/2/2014"
"14929,874,""Racing Socks, M"",3,4/6/2014"
14931,923,Touring Tire Tube,4,10/12/2013
14931,873,Patch Kit/8 Patches,4,10/12/2013
14931,870,Water Bottle - 30 oz.,4,11/28/2013
14931,712,AWC Logo Cap,3,11/28/2013
14931,934,Touring Tire,4,10/12/2013
"14932,707,""Sport-100 Helmet, Red"",4,1/12/2014"
"14932,716,""Long-Sleeve Logo Jersey, XL"",3,1/12/2014"
"14932,875,""Racing Socks, L"",3,1/12/2014"
14933,870,Water Bottle - 30 oz.,4,6/28/2014
14933,871,Mountain Bottle Cage,4,6/28/2014
"14934,715,""Long-Sleeve Logo Jersey, L"",3,4/22/2014"
"14934,868,""Women's Mountain Shorts, M"",3,4/22/2014"
"14934,859,""Half-Finger Gloves, M"",3,4/12/2014"
14934,934,Touring Tire,4,4/12/2014
14935,878,Fender Set - Mountain,4,8/10/2013
14936,921,Mountain Tire Tube,4,1/15/2014
14936,871,Mountain Bottle Cage,4,1/15/2014
14936,870,Water Bottle - 30 oz.,4,1/15/2014
"14936,882,""Short-Sleeve Classic Jersey, M"",3,1/15/2014"
"14937,707,""Sport-100 Helmet, Red"",4,11/9/2013"
14938,934,Touring Tire,4,2/28/2014
14938,712,AWC Logo Cap,3,8/8/2013
14939,930,HL Mountain Tire,4,11/27/2013
"14939,707,""Sport-100 Helmet, Red"",4,7/22/2013"
"14939,711,""Sport-100 Helmet, Blue"",4,11/27/2013"
14940,877,Bike Wash - Dissolver,4,12/16/2013
14940,921,Mountain Tire Tube,4,12/16/2013
"14940,707,""Sport-100 Helmet, Red"",4,7/13/2013"
14940,873,Patch Kit/8 Patches,4,12/16/2013
14941,712,AWC Logo Cap,3,11/5/2013
14941,878,Fender Set - Mountain,4,4/28/2014
"14941,708,""Sport-100 Helmet, Black"",4,11/5/2013"
14943,878,Fender Set - Mountain,4,9/6/2013
14943,871,Mountain Bottle Cage,4,9/6/2013
14944,878,Fender Set - Mountain,4,11/2/2013
14945,876,Hitch Rack - 4-Bike,4,6/13/2013
"14946,707,""Sport-100 Helmet, Red"",4,11/14/2013"
14947,712,AWC Logo Cap,3,11/23/2013
14947,934,Touring Tire,4,11/23/2013
14948,921,Mountain Tire Tube,4,11/17/2013
"14948,711,""Sport-100 Helmet, Blue"",4,11/17/2013"
"14949,708,""Sport-100 Helmet, Black"",4,10/30/2013"
14950,930,HL Mountain Tire,4,5/19/2014
14950,934,Touring Tire,4,11/6/2013
"14953,864,""Classic Vest, S"",3,8/12/2013"
14953,934,Touring Tire,4,8/22/2013
"14953,707,""Sport-100 Helmet, Red"",4,8/22/2013"
14953,923,Touring Tire Tube,4,8/22/2013
"14954,711,""Sport-100 Helmet, Blue"",4,12/19/2013"
14954,921,Mountain Tire Tube,4,12/19/2013
14954,712,AWC Logo Cap,3,12/19/2013
14955,934,Touring Tire,4,1/16/2014
14955,923,Touring Tire Tube,4,1/16/2014
14956,928,LL Mountain Tire,4,8/18/2013
14957,878,Fender Set - Mountain,4,11/16/2013
"14958,859,""Half-Finger Gloves, M"",3,5/31/2014"
14959,921,Mountain Tire Tube,4,2/10/2014
14960,878,Fender Set - Mountain,4,11/2/2013
14961,922,Road Tire Tube,4,9/7/2013
14961,932,ML Road Tire,4,9/7/2013
14961,876,Hitch Rack - 4-Bike,4,9/7/2013
"14962,707,""Sport-100 Helmet, Red"",4,6/25/2014"
14962,922,Road Tire Tube,4,6/25/2014
"14963,707,""Sport-100 Helmet, Red"",4,4/11/2014"
14964,712,AWC Logo Cap,3,4/30/2014
"14964,711,""Sport-100 Helmet, Blue"",4,4/30/2014"
14965,921,Mountain Tire Tube,4,12/23/2013
14965,873,Patch Kit/8 Patches,4,12/23/2013
14967,878,Fender Set - Mountain,4,10/25/2013
14968,870,Water Bottle - 30 oz.,4,12/30/2013
14968,712,AWC Logo Cap,3,12/30/2013
14970,923,Touring Tire Tube,4,10/11/2013
14970,880,Hydration Pack - 70 oz.,4,10/11/2013
14970,934,Touring Tire,4,10/11/2013
"14971,711,""Sport-100 Helmet, Blue"",4,11/3/2013"
"14972,707,""Sport-100 Helmet, Red"",4,5/13/2014"
14973,878,Fender Set - Mountain,4,7/25/2013
14974,923,Touring Tire Tube,4,5/23/2014
14974,921,Mountain Tire Tube,4,8/31/2013
"14974,708,""Sport-100 Helmet, Black"",4,5/23/2014"
14974,934,Touring Tire,4,5/23/2014
14975,870,Water Bottle - 30 oz.,4,4/6/2014
14975,712,AWC Logo Cap,3,4/6/2014
"14975,711,""Sport-100 Helmet, Blue"",4,4/6/2014"
14976,876,Hitch Rack - 4-Bike,4,11/9/2013
14977,921,Mountain Tire Tube,4,6/19/2014
14978,878,Fender Set - Mountain,4,11/17/2013
14978,871,Mountain Bottle Cage,4,11/17/2013
"14978,881,""Short-Sleeve Classic Jersey, S"",3,11/17/2013"
"14979,708,""Sport-100 Helmet, Black"",4,11/2/2013"
14979,928,LL Mountain Tire,4,11/2/2013
14980,878,Fender Set - Mountain,4,6/4/2014
14981,934,Touring Tire,4,10/23/2013
14981,923,Touring Tire Tube,4,10/23/2013
14981,873,Patch Kit/8 Patches,4,10/23/2013
14982,930,HL Mountain Tire,4,8/10/2013
"14982,866,""Classic Vest, L"",3,8/10/2013"
14982,870,Water Bottle - 30 oz.,4,8/10/2013
14982,923,Touring Tire Tube,4,9/3/2013
14982,921,Mountain Tire Tube,4,8/10/2013
14983,930,HL Mountain Tire,4,10/5/2013
14983,934,Touring Tire,4,4/18/2014
14983,873,Patch Kit/8 Patches,4,4/18/2014
"14984,874,""Racing Socks, M"",3,5/30/2014"
14984,871,Mountain Bottle Cage,4,5/30/2014
14984,870,Water Bottle - 30 oz.,4,5/30/2014
14985,928,LL Mountain Tire,4,8/14/2013
14986,923,Touring Tire Tube,4,2/26/2014
14986,877,Bike Wash - Dissolver,4,6/18/2014
"14986,708,""Sport-100 Helmet, Black"",4,2/26/2014"
14986,921,Mountain Tire Tube,4,6/18/2014
14988,923,Touring Tire Tube,4,11/25/2013
14988,934,Touring Tire,4,11/25/2013
14988,873,Patch Kit/8 Patches,4,11/25/2013
14989,873,Patch Kit/8 Patches,4,11/22/2013
14989,921,Mountain Tire Tube,4,11/22/2013
14990,878,Fender Set - Mountain,4,11/20/2013
"14991,708,""Sport-100 Helmet, Black"",4,12/20/2013"
14991,712,AWC Logo Cap,3,5/11/2014
14992,923,Touring Tire Tube,4,6/7/2014
14992,873,Patch Kit/8 Patches,4,6/7/2014
14992,930,HL Mountain Tire,4,2/4/2014
"14992,711,""Sport-100 Helmet, Blue"",4,2/4/2014"
14993,921,Mountain Tire Tube,4,8/1/2013
14993,930,HL Mountain Tire,4,8/1/2013
14993,934,Touring Tire,4,12/17/2013
14993,923,Touring Tire Tube,4,12/17/2013
"14993,708,""Sport-100 Helmet, Black"",4,12/17/2013"
14994,921,Mountain Tire Tube,4,10/30/2013
"14995,866,""Classic Vest, L"",3,12/21/2013"
14998,870,Water Bottle - 30 oz.,4,1/7/2014
14998,871,Mountain Bottle Cage,4,1/7/2014
14999,873,Patch Kit/8 Patches,4,6/8/2014
14999,877,Bike Wash - Dissolver,4,6/8/2014
14999,921,Mountain Tire Tube,4,6/4/2014
14999,923,Touring Tire Tube,4,6/8/2014
15000,878,Fender Set - Mountain,4,7/27/2013
15001,878,Fender Set - Mountain,4,12/19/2013
15003,873,Patch Kit/8 Patches,4,1/19/2014
15003,928,LL Mountain Tire,4,1/19/2014
15003,921,Mountain Tire Tube,4,1/19/2014
"15004,707,""Sport-100 Helmet, Red"",4,1/4/2014"
15004,928,LL Mountain Tire,4,1/4/2014
15007,873,Patch Kit/8 Patches,4,3/9/2014
15007,870,Water Bottle - 30 oz.,4,7/27/2013
15007,933,HL Road Tire,4,3/9/2014
"15007,714,""Long-Sleeve Logo Jersey, M"",3,4/15/2014"
15007,930,HL Mountain Tire,4,4/15/2014
"15007,708,""Sport-100 Helmet, Black"",4,7/27/2013"
"15007,711,""Sport-100 Helmet, Blue"",4,4/15/2014"
15008,871,Mountain Bottle Cage,4,1/29/2014
15008,921,Mountain Tire Tube,4,8/26/2013
15008,930,HL Mountain Tire,4,8/26/2013
15008,870,Water Bottle - 30 oz.,4,1/29/2014
"15008,708,""Sport-100 Helmet, Black"",4,3/28/2014"
15008,712,AWC Logo Cap,3,1/29/2014
15009,870,Water Bottle - 30 oz.,4,10/13/2013
15009,878,Fender Set - Mountain,4,10/13/2013
"15010,714,""Long-Sleeve Logo Jersey, M"",3,5/25/2014"
"15010,875,""Racing Socks, L"",3,5/25/2014"
15011,921,Mountain Tire Tube,4,12/9/2013
"15011,716,""Long-Sleeve Logo Jersey, XL"",3,12/9/2013"
15012,921,Mountain Tire Tube,4,5/22/2014
15013,921,Mountain Tire Tube,4,10/3/2013
"15014,858,""Half-Finger Gloves, S"",3,11/12/2013"
15014,922,Road Tire Tube,4,11/12/2013
15014,932,ML Road Tire,4,11/12/2013
15017,870,Water Bottle - 30 oz.,4,6/22/2013
"15017,884,""Short-Sleeve Classic Jersey, XL"",3,6/22/2013"
15018,712,AWC Logo Cap,3,7/14/2013
15018,932,ML Road Tire,4,7/28/2013
"15018,859,""Half-Finger Gloves, M"",3,7/28/2013"
15019,712,AWC Logo Cap,3,8/12/2013
"15019,708,""Sport-100 Helmet, Black"",4,1/25/2014"
15019,922,Road Tire Tube,4,1/25/2014
15020,922,Road Tire Tube,4,4/21/2014
15020,712,AWC Logo Cap,3,12/23/2013
15020,932,ML Road Tire,4,4/21/2014
15021,929,ML Mountain Tire,4,8/20/2013
"15023,865,""Classic Vest, M"",3,12/26/2013"
15024,921,Mountain Tire Tube,4,9/9/2013
"15024,708,""Sport-100 Helmet, Black"",4,9/9/2013"
15024,712,AWC Logo Cap,3,4/2/2014
15025,872,Road Bottle Cage,4,1/30/2014
15025,870,Water Bottle - 30 oz.,4,1/30/2014
"15025,713,""Long-Sleeve Logo Jersey, S"",3,1/30/2014"
15025,932,ML Road Tire,4,1/7/2014
15026,932,ML Road Tire,4,9/19/2013
15027,929,ML Mountain Tire,4,2/14/2014
15030,872,Road Bottle Cage,4,12/16/2013
15031,712,AWC Logo Cap,3,1/24/2014
15031,873,Patch Kit/8 Patches,4,7/15/2013
"15034,708,""Sport-100 Helmet, Black"",4,4/26/2014"
15034,921,Mountain Tire Tube,4,4/26/2014
"15034,860,""Half-Finger Gloves, L"",3,4/26/2014"
15034,929,ML Mountain Tire,4,4/26/2014
15037,922,Road Tire Tube,4,1/20/2014
15037,880,Hydration Pack - 70 oz.,4,1/20/2014
15039,929,ML Mountain Tire,4,2/21/2014
"15039,711,""Sport-100 Helmet, Blue"",4,2/21/2014"
15039,712,AWC Logo Cap,3,11/25/2013
"15043,716,""Long-Sleeve Logo Jersey, XL"",3,2/3/2014"
15044,922,Road Tire Tube,4,1/29/2014
"15044,860,""Half-Finger Gloves, L"",3,1/29/2014"
"15045,859,""Half-Finger Gloves, M"",3,12/25/2013"
15046,930,HL Mountain Tire,4,5/19/2014
15047,871,Mountain Bottle Cage,4,5/21/2014
15047,870,Water Bottle - 30 oz.,4,5/21/2014
15048,870,Water Bottle - 30 oz.,4,5/3/2014
15048,871,Mountain Bottle Cage,4,5/3/2014
15049,878,Fender Set - Mountain,4,4/28/2014
15050,712,AWC Logo Cap,3,11/30/2013
15052,923,Touring Tire Tube,4,7/16/2013
15052,930,HL Mountain Tire,4,4/28/2014
15053,928,LL Mountain Tire,4,2/17/2014
15053,921,Mountain Tire Tube,4,2/17/2014
15054,871,Mountain Bottle Cage,4,12/8/2013
15054,870,Water Bottle - 30 oz.,4,12/8/2013
15056,870,Water Bottle - 30 oz.,4,5/3/2014
"15056,859,""Half-Finger Gloves, M"",3,5/3/2014"
"15056,711,""Sport-100 Helmet, Blue"",4,5/3/2014"
15056,871,Mountain Bottle Cage,4,5/3/2014
15057,930,HL Mountain Tire,4,9/7/2013
15057,923,Touring Tire Tube,4,3/15/2014
"15057,708,""Sport-100 Helmet, Black"",4,9/7/2013"
"15057,711,""Sport-100 Helmet, Blue"",4,3/15/2014"
15058,870,Water Bottle - 30 oz.,4,5/6/2014
15058,871,Mountain Bottle Cage,4,5/6/2014
15059,870,Water Bottle - 30 oz.,4,1/4/2014
"15059,716,""Long-Sleeve Logo Jersey, XL"",3,1/4/2014"
15059,872,Road Bottle Cage,4,1/4/2014
15059,712,AWC Logo Cap,3,5/22/2014
"15062,708,""Sport-100 Helmet, Black"",4,5/22/2014"
15063,871,Mountain Bottle Cage,4,1/10/2014
15065,878,Fender Set - Mountain,4,8/2/2013
15067,878,Fender Set - Mountain,4,2/1/2014
15068,878,Fender Set - Mountain,4,10/5/2013
15068,870,Water Bottle - 30 oz.,4,10/5/2013
"15068,708,""Sport-100 Helmet, Black"",4,10/5/2013"
15068,712,AWC Logo Cap,3,10/5/2013
15069,878,Fender Set - Mountain,4,8/3/2013
"15069,711,""Sport-100 Helmet, Blue"",4,8/3/2013"
15069,871,Mountain Bottle Cage,4,8/3/2013
15070,878,Fender Set - Mountain,4,2/19/2014
"15074,865,""Classic Vest, M"",3,6/21/2014"
15075,930,HL Mountain Tire,4,7/26/2013
15075,923,Touring Tire Tube,4,4/19/2014
"15076,714,""Long-Sleeve Logo Jersey, M"",3,5/20/2014"
"15076,860,""Half-Finger Gloves, L"",3,5/20/2014"
15077,871,Mountain Bottle Cage,4,5/21/2014
15077,870,Water Bottle - 30 oz.,4,5/21/2014
15077,877,Bike Wash - Dissolver,4,5/21/2014
15080,872,Road Bottle Cage,4,8/22/2013
15080,870,Water Bottle - 30 oz.,4,8/22/2013
"15082,865,""Classic Vest, M"",3,11/1/2013"
15082,880,Hydration Pack - 70 oz.,4,11/4/2013
15082,923,Touring Tire Tube,4,11/4/2013
15083,870,Water Bottle - 30 oz.,4,5/1/2014
15084,870,Water Bottle - 30 oz.,4,12/27/2013
"15084,707,""Sport-100 Helmet, Red"",4,8/9/2013"
15084,871,Mountain Bottle Cage,4,12/27/2013
"15085,707,""Sport-100 Helmet, Red"",4,11/3/2013"
15085,878,Fender Set - Mountain,4,12/13/2013
15086,930,HL Mountain Tire,4,12/4/2013
15086,872,Road Bottle Cage,4,1/23/2014
15086,921,Mountain Tire Tube,4,12/4/2013
"15086,711,""Sport-100 Helmet, Blue"",4,12/4/2013"
"15087,707,""Sport-100 Helmet, Red"",4,5/29/2014"
15088,871,Mountain Bottle Cage,4,5/29/2014
15088,877,Bike Wash - Dissolver,4,5/29/2014
15090,921,Mountain Tire Tube,4,12/23/2013
"15091,707,""Sport-100 Helmet, Red"",4,10/6/2013"
15092,922,Road Tire Tube,4,9/18/2013
15093,872,Road Bottle Cage,4,4/12/2014
"15093,708,""Sport-100 Helmet, Black"",4,11/25/2013"
15093,870,Water Bottle - 30 oz.,4,4/12/2014
15094,876,Hitch Rack - 4-Bike,4,4/19/2014
"15094,881,""Short-Sleeve Classic Jersey, S"",3,11/15/2013"
15094,871,Mountain Bottle Cage,4,11/15/2013
15095,872,Road Bottle Cage,4,5/11/2014
15095,870,Water Bottle - 30 oz.,4,5/11/2014
15097,873,Patch Kit/8 Patches,4,12/5/2013
15097,870,Water Bottle - 30 oz.,4,1/3/2014
"15097,865,""Classic Vest, M"",3,1/3/2014"
15097,921,Mountain Tire Tube,4,12/5/2013
15098,873,Patch Kit/8 Patches,4,12/25/2013
15098,933,HL Road Tire,4,12/25/2013
"15099,882,""Short-Sleeve Classic Jersey, M"",3,11/13/2013"
15099,922,Road Tire Tube,4,11/13/2013
15100,878,Fender Set - Mountain,4,12/7/2013
15100,871,Mountain Bottle Cage,4,12/7/2013
15101,930,HL Mountain Tire,4,12/19/2013
"15101,707,""Sport-100 Helmet, Red"",4,8/5/2013"
15101,921,Mountain Tire Tube,4,12/19/2013
15102,922,Road Tire Tube,4,3/17/2014
15102,934,Touring Tire,4,4/27/2014
15102,933,HL Road Tire,4,3/17/2014
"15102,859,""Half-Finger Gloves, M"",3,3/17/2014"
15103,923,Touring Tire Tube,4,5/6/2014
15103,873,Patch Kit/8 Patches,4,5/6/2014
15103,922,Road Tire Tube,4,8/3/2013
15103,934,Touring Tire,4,5/6/2014
"15105,867,""Women's Mountain Shorts, S"",3,8/2/2013"
15106,871,Mountain Bottle Cage,4,12/19/2013
15106,870,Water Bottle - 30 oz.,4,12/19/2013
"15106,707,""Sport-100 Helmet, Red"",4,1/14/2014"
"15106,708,""Sport-100 Helmet, Black"",4,12/19/2013"
"15108,708,""Sport-100 Helmet, Black"",4,3/8/2014"
15108,934,Touring Tire,4,11/8/2013
15108,923,Touring Tire Tube,4,11/8/2013
15108,922,Road Tire Tube,4,3/8/2014
"15108,714,""Long-Sleeve Logo Jersey, M"",3,3/8/2014"
"15109,716,""Long-Sleeve Logo Jersey, XL"",3,11/13/2013"
"15111,869,""Women's Mountain Shorts, L"",3,6/18/2014"
"15112,858,""Half-Finger Gloves, S"",3,7/14/2013"
"15113,869,""Women's Mountain Shorts, L"",3,6/21/2014"
15114,878,Fender Set - Mountain,4,12/22/2013
15114,873,Patch Kit/8 Patches,4,8/18/2013
15114,934,Touring Tire,4,8/18/2013
"15115,868,""Women's Mountain Shorts, M"",3,12/10/2013"
"15116,858,""Half-Finger Gloves, S"",3,12/9/2013"
15116,712,AWC Logo Cap,3,8/7/2013
15116,878,Fender Set - Mountain,4,12/9/2013
"15117,708,""Sport-100 Helmet, Black"",4,12/29/2013"
15117,870,Water Bottle - 30 oz.,4,12/29/2013
15117,871,Mountain Bottle Cage,4,12/29/2013
"15117,715,""Long-Sleeve Logo Jersey, L"",3,12/29/2013"
15118,712,AWC Logo Cap,3,1/20/2014
15119,873,Patch Kit/8 Patches,4,10/25/2013
15119,923,Touring Tire Tube,4,10/25/2013
15119,934,Touring Tire,4,10/25/2013
15120,934,Touring Tire,4,4/8/2014
15120,930,HL Mountain Tire,4,2/12/2014
"15120,708,""Sport-100 Helmet, Black"",4,4/8/2014"
15120,923,Touring Tire Tube,4,4/8/2014
"15121,884,""Short-Sleeve Classic Jersey, XL"",3,5/15/2014"
15121,871,Mountain Bottle Cage,4,2/6/2014
15122,712,AWC Logo Cap,3,2/2/2014
"15122,882,""Short-Sleeve Classic Jersey, M"",3,5/16/2014"
15123,922,Road Tire Tube,4,12/27/2013
"15123,714,""Long-Sleeve Logo Jersey, M"",3,4/25/2014"
15123,873,Patch Kit/8 Patches,4,12/27/2013
15124,870,Water Bottle - 30 oz.,4,10/22/2013
15124,932,ML Road Tire,4,10/23/2013
"15124,858,""Half-Finger Gloves, S"",3,10/22/2013"
"15124,881,""Short-Sleeve Classic Jersey, S"",3,10/22/2013"
15125,873,Patch Kit/8 Patches,4,7/18/2013
15125,922,Road Tire Tube,4,7/18/2013
"15125,714,""Long-Sleeve Logo Jersey, M"",3,5/6/2014"
15126,873,Patch Kit/8 Patches,4,3/30/2014
15126,932,ML Road Tire,4,3/30/2014
15126,712,AWC Logo Cap,3,7/23/2013
15127,923,Touring Tire Tube,4,5/6/2014
15127,934,Touring Tire,4,5/6/2014
15127,921,Mountain Tire Tube,4,2/27/2014
15128,873,Patch Kit/8 Patches,4,9/17/2013
"15128,716,""Long-Sleeve Logo Jersey, XL"",3,10/10/2013"
15129,880,Hydration Pack - 70 oz.,4,5/5/2014
15129,870,Water Bottle - 30 oz.,4,5/5/2014
"15130,707,""Sport-100 Helmet, Red"",4,2/18/2014"
15130,871,Mountain Bottle Cage,4,2/18/2014
"15130,883,""Short-Sleeve Classic Jersey, L"",3,2/18/2014"
15131,873,Patch Kit/8 Patches,4,1/9/2014
15131,932,ML Road Tire,4,1/9/2014
"15131,715,""Long-Sleeve Logo Jersey, L"",3,1/19/2014"
"15132,713,""Long-Sleeve Logo Jersey, S"",3,4/30/2014"
15132,922,Road Tire Tube,4,12/27/2013
15132,880,Hydration Pack - 70 oz.,4,12/27/2013
15132,932,ML Road Tire,4,12/27/2013
15133,934,Touring Tire,4,5/27/2014
"15133,711,""Sport-100 Helmet, Blue"",4,2/5/2014"
15133,921,Mountain Tire Tube,4,2/5/2014
15134,877,Bike Wash - Dissolver,4,5/1/2014
15135,871,Mountain Bottle Cage,4,3/1/2014
"15136,711,""Sport-100 Helmet, Blue"",4,7/2/2013"
15136,932,ML Road Tire,4,2/8/2014
"15137,711,""Sport-100 Helmet, Blue"",4,10/3/2013"
"15137,883,""Short-Sleeve Classic Jersey, L"",3,7/18/2013"
15137,922,Road Tire Tube,4,10/3/2013
15137,712,AWC Logo Cap,3,7/18/2013
15138,932,ML Road Tire,4,3/28/2014
"15138,711,""Sport-100 Helmet, Blue"",4,3/28/2014"
"15138,708,""Sport-100 Helmet, Black"",4,6/30/2013"
15138,922,Road Tire Tube,4,3/28/2014
15139,932,ML Road Tire,4,9/24/2013
"15140,708,""Sport-100 Helmet, Black"",4,3/30/2014"
15140,932,ML Road Tire,4,7/7/2013
15141,922,Road Tire Tube,4,5/26/2014
15141,932,ML Road Tire,4,5/26/2014
"15142,707,""Sport-100 Helmet, Red"",4,1/12/2014"
15142,932,ML Road Tire,4,4/29/2014
"15142,883,""Short-Sleeve Classic Jersey, L"",3,1/12/2014"
"15146,711,""Sport-100 Helmet, Blue"",4,12/1/2013"
15146,922,Road Tire Tube,4,12/1/2013
"15146,883,""Short-Sleeve Classic Jersey, L"",3,12/1/2013"
"15146,707,""Sport-100 Helmet, Red"",4,12/13/2013"
"15147,708,""Sport-100 Helmet, Black"",4,1/6/2014"
"15147,874,""Racing Socks, M"",3,9/19/2013"
15147,932,ML Road Tire,4,9/19/2013
15147,922,Road Tire Tube,4,9/19/2013
15148,922,Road Tire Tube,4,11/7/2013
15148,873,Patch Kit/8 Patches,4,11/7/2013
15148,932,ML Road Tire,4,11/7/2013
"15148,859,""Half-Finger Gloves, M"",3,8/21/2013"
"15149,708,""Sport-100 Helmet, Black"",4,11/25/2013"
15149,932,ML Road Tire,4,4/19/2014
15152,930,HL Mountain Tire,4,3/23/2014
15152,878,Fender Set - Mountain,4,3/23/2014
"15153,707,""Sport-100 Helmet, Red"",4,7/26/2013"
"15153,884,""Short-Sleeve Classic Jersey, XL"",3,7/26/2013"
15154,932,ML Road Tire,4,6/3/2014
"15154,715,""Long-Sleeve Logo Jersey, L"",3,8/22/2013"
15155,930,HL Mountain Tire,4,12/2/2013
15155,878,Fender Set - Mountain,4,12/2/2013
"15155,874,""Racing Socks, M"",3,12/2/2013"
15156,876,Hitch Rack - 4-Bike,4,8/26/2013
15157,930,HL Mountain Tire,4,9/1/2013
15157,870,Water Bottle - 30 oz.,4,4/30/2014
"15157,882,""Short-Sleeve Classic Jersey, M"",3,7/4/2013"
"15157,707,""Sport-100 Helmet, Red"",4,9/1/2013"
15157,871,Mountain Bottle Cage,4,4/30/2014
15158,921,Mountain Tire Tube,4,7/16/2013
15159,921,Mountain Tire Tube,4,4/19/2014
15160,921,Mountain Tire Tube,4,6/30/2014
"15160,707,""Sport-100 Helmet, Red"",4,6/30/2014"
"15160,715,""Long-Sleeve Logo Jersey, L"",3,6/30/2014"
15161,921,Mountain Tire Tube,4,7/26/2013
15162,871,Mountain Bottle Cage,4,1/20/2014
"15162,868,""Women's Mountain Shorts, M"",3,4/1/2014"
15162,921,Mountain Tire Tube,4,4/22/2014
15162,930,HL Mountain Tire,4,4/22/2014
15163,921,Mountain Tire Tube,4,2/13/2014
15165,921,Mountain Tire Tube,4,12/8/2013
15167,871,Mountain Bottle Cage,4,1/14/2014
15167,712,AWC Logo Cap,3,1/14/2014
15167,870,Water Bottle - 30 oz.,4,1/14/2014
15168,921,Mountain Tire Tube,4,2/20/2014
15169,712,AWC Logo Cap,3,2/9/2014
15171,871,Mountain Bottle Cage,4,3/5/2014
15171,877,Bike Wash - Dissolver,4,3/5/2014
15172,880,Hydration Pack - 70 oz.,4,4/15/2014
15172,934,Touring Tire,4,7/6/2013
15172,923,Touring Tire Tube,4,7/6/2013
15172,877,Bike Wash - Dissolver,4,11/27/2013
15172,932,ML Road Tire,4,11/26/2013
15172,871,Mountain Bottle Cage,4,4/15/2014
15172,870,Water Bottle - 30 oz.,4,4/15/2014
"15172,707,""Sport-100 Helmet, Red"",4,11/26/2013"
15173,878,Fender Set - Mountain,4,9/21/2013
15173,870,Water Bottle - 30 oz.,4,9/21/2013
15173,712,AWC Logo Cap,3,9/21/2013
15174,878,Fender Set - Mountain,4,2/23/2014
15174,871,Mountain Bottle Cage,4,2/23/2014
15174,877,Bike Wash - Dissolver,4,2/23/2014
15174,870,Water Bottle - 30 oz.,4,2/23/2014
15175,921,Mountain Tire Tube,4,11/15/2013
15175,876,Hitch Rack - 4-Bike,4,11/15/2013
15175,930,HL Mountain Tire,4,11/15/2013
15175,873,Patch Kit/8 Patches,4,11/15/2013
15176,871,Mountain Bottle Cage,4,11/5/2013
15176,870,Water Bottle - 30 oz.,4,11/5/2013
15177,921,Mountain Tire Tube,4,4/27/2014
"15178,884,""Short-Sleeve Classic Jersey, XL"",3,3/15/2014"
15179,870,Water Bottle - 30 oz.,4,3/22/2014
"15179,866,""Classic Vest, L"",3,3/22/2014"
15180,930,HL Mountain Tire,4,3/24/2014
"15180,708,""Sport-100 Helmet, Black"",4,3/24/2014"
"15181,711,""Sport-100 Helmet, Blue"",4,3/8/2014"
15184,870,Water Bottle - 30 oz.,4,3/3/2014
15184,871,Mountain Bottle Cage,4,3/3/2014
"15186,708,""Sport-100 Helmet, Black"",4,8/31/2013"
"15186,860,""Half-Finger Gloves, L"",3,8/31/2013"
15186,932,ML Road Tire,4,6/7/2014
15187,923,Touring Tire Tube,4,3/28/2014
15187,871,Mountain Bottle Cage,4,11/20/2013
15187,873,Patch Kit/8 Patches,4,3/28/2014
15188,712,AWC Logo Cap,3,3/17/2014
"15190,707,""Sport-100 Helmet, Red"",4,5/7/2014"
"15190,716,""Long-Sleeve Logo Jersey, XL"",3,5/7/2014"
15190,921,Mountain Tire Tube,4,5/7/2014
15192,930,HL Mountain Tire,4,3/10/2014
15193,930,HL Mountain Tire,4,1/27/2014
15193,878,Fender Set - Mountain,4,1/27/2014
15193,870,Water Bottle - 30 oz.,4,1/27/2014
"15193,708,""Sport-100 Helmet, Black"",4,1/27/2014"
15194,878,Fender Set - Mountain,4,1/18/2014
"15194,875,""Racing Socks, L"",3,1/18/2014"
15194,930,HL Mountain Tire,4,1/18/2014
15195,880,Hydration Pack - 70 oz.,4,1/25/2014
"15196,707,""Sport-100 Helmet, Red"",4,1/4/2014"
15196,878,Fender Set - Mountain,4,1/4/2014
15197,933,HL Road Tire,4,6/19/2014
"15197,707,""Sport-100 Helmet, Red"",4,5/27/2014"
15197,870,Water Bottle - 30 oz.,4,5/27/2014
15197,873,Patch Kit/8 Patches,4,6/19/2014
15197,871,Mountain Bottle Cage,4,5/27/2014
15198,873,Patch Kit/8 Patches,4,7/10/2013
15200,930,HL Mountain Tire,4,1/8/2014
15201,921,Mountain Tire Tube,4,11/25/2013
15201,930,HL Mountain Tire,4,11/25/2013
"15201,707,""Sport-100 Helmet, Red"",4,3/29/2014"
15201,870,Water Bottle - 30 oz.,4,3/29/2014
15202,921,Mountain Tire Tube,4,12/29/2013
"15203,866,""Classic Vest, L"",3,1/19/2014"
15203,871,Mountain Bottle Cage,4,1/19/2014
15203,880,Hydration Pack - 70 oz.,4,1/19/2014
"15204,708,""Sport-100 Helmet, Black"",4,3/17/2014"
15204,930,HL Mountain Tire,4,3/17/2014
15205,930,HL Mountain Tire,4,3/29/2014
15205,873,Patch Kit/8 Patches,4,3/29/2014
"15206,711,""Sport-100 Helmet, Blue"",4,3/22/2014"
"15206,708,""Sport-100 Helmet, Black"",4,10/31/2013"
15206,932,ML Road Tire,4,10/31/2013
15208,712,AWC Logo Cap,3,2/14/2014
"15208,868,""Women's Mountain Shorts, M"",3,2/14/2014"
"15209,707,""Sport-100 Helmet, Red"",4,2/28/2014"
15209,712,AWC Logo Cap,3,2/28/2014
15210,878,Fender Set - Mountain,4,3/4/2014
15212,932,ML Road Tire,4,5/23/2014
15212,922,Road Tire Tube,4,5/23/2014
15212,923,Touring Tire Tube,4,9/13/2013
15214,930,HL Mountain Tire,4,3/6/2014
"15214,860,""Half-Finger Gloves, L"",3,3/6/2014"
"15214,708,""Sport-100 Helmet, Black"",4,3/6/2014"
"15215,859,""Half-Finger Gloves, M"",3,3/14/2014"
15215,921,Mountain Tire Tube,4,3/14/2014
"15215,707,""Sport-100 Helmet, Red"",4,3/14/2014"
15216,873,Patch Kit/8 Patches,4,7/14/2013
"15216,707,""Sport-100 Helmet, Red"",4,9/7/2013"
15216,932,ML Road Tire,4,7/14/2013
15216,870,Water Bottle - 30 oz.,4,9/7/2013
15217,871,Mountain Bottle Cage,4,4/28/2014
15217,873,Patch Kit/8 Patches,4,7/18/2013
15217,932,ML Road Tire,4,7/18/2013
15220,930,HL Mountain Tire,4,3/26/2014
"15221,858,""Half-Finger Gloves, S"",3,3/24/2014"
"15221,711,""Sport-100 Helmet, Blue"",4,3/24/2014"
"15222,707,""Sport-100 Helmet, Red"",4,3/28/2014"
15222,932,ML Road Tire,4,3/28/2014
"15222,711,""Sport-100 Helmet, Blue"",4,11/18/2013"
"15222,860,""Half-Finger Gloves, L"",3,3/28/2014"
15224,932,ML Road Tire,4,10/5/2013
"15224,711,""Sport-100 Helmet, Blue"",4,4/27/2014"
15224,877,Bike Wash - Dissolver,4,10/5/2013
15227,930,HL Mountain Tire,4,3/30/2014
15227,921,Mountain Tire Tube,4,3/30/2014
15227,878,Fender Set - Mountain,4,3/30/2014
15228,712,AWC Logo Cap,3,3/15/2014
15229,870,Water Bottle - 30 oz.,4,4/11/2014
15230,922,Road Tire Tube,4,1/19/2014
15230,876,Hitch Rack - 4-Bike,4,1/19/2014
"15230,711,""Sport-100 Helmet, Blue"",4,6/16/2014"
15230,932,ML Road Tire,4,1/19/2014
15231,932,ML Road Tire,4,6/17/2014
15231,873,Patch Kit/8 Patches,4,6/17/2014
"15231,708,""Sport-100 Helmet, Black"",4,3/3/2014"
"15231,858,""Half-Finger Gloves, S"",3,3/3/2014"
15232,932,ML Road Tire,4,1/19/2014
15232,870,Water Bottle - 30 oz.,4,11/22/2013
15233,932,ML Road Tire,4,2/19/2014
15234,932,ML Road Tire,4,12/29/2013
15235,871,Mountain Bottle Cage,4,11/24/2013
15235,922,Road Tire Tube,4,1/27/2014
"15235,884,""Short-Sleeve Classic Jersey, XL"",3,1/27/2014"
"15235,711,""Sport-100 Helmet, Blue"",4,1/27/2014"
15235,932,ML Road Tire,4,1/27/2014
15236,922,Road Tire Tube,4,8/29/2013
15236,712,AWC Logo Cap,3,8/29/2013
"15236,881,""Short-Sleeve Classic Jersey, S"",3,11/2/2013"
15236,932,ML Road Tire,4,8/29/2013
15237,922,Road Tire Tube,4,3/22/2014
15237,873,Patch Kit/8 Patches,4,3/22/2014
"15237,708,""Sport-100 Helmet, Black"",4,11/4/2013"
15238,922,Road Tire Tube,4,3/15/2014
"15238,708,""Sport-100 Helmet, Black"",4,3/15/2014"
15238,932,ML Road Tire,4,3/15/2014
15239,922,Road Tire Tube,4,12/19/2013
"15239,860,""Half-Finger Gloves, L"",3,1/5/2014"
"15239,711,""Sport-100 Helmet, Blue"",4,1/5/2014"
"15239,707,""Sport-100 Helmet, Red"",4,12/19/2013"
15240,932,ML Road Tire,4,5/13/2014
"15240,707,""Sport-100 Helmet, Red"",4,5/13/2014"
15240,871,Mountain Bottle Cage,4,12/15/2013
15241,932,ML Road Tire,4,12/25/2013
15241,922,Road Tire Tube,4,12/25/2013
15241,870,Water Bottle - 30 oz.,4,1/6/2014
15241,877,Bike Wash - Dissolver,4,1/6/2014
15242,871,Mountain Bottle Cage,4,1/23/2014
15242,873,Patch Kit/8 Patches,4,1/12/2014
15243,870,Water Bottle - 30 oz.,4,3/30/2014
15243,878,Fender Set - Mountain,4,3/30/2014
15244,873,Patch Kit/8 Patches,4,8/12/2013
"15244,708,""Sport-100 Helmet, Black"",4,3/29/2014"
15244,922,Road Tire Tube,4,1/8/2014
"15244,711,""Sport-100 Helmet, Blue"",4,10/29/2013"
15244,872,Road Bottle Cage,4,10/29/2013
15244,934,Touring Tire,4,10/29/2013
15244,923,Touring Tire Tube,4,10/29/2013
15244,871,Mountain Bottle Cage,4,3/29/2014
"15245,874,""Racing Socks, M"",3,12/30/2013"
15247,873,Patch Kit/8 Patches,4,10/9/2013
"15248,858,""Half-Finger Gloves, S"",3,4/11/2014"
"15248,707,""Sport-100 Helmet, Red"",4,4/11/2014"
15249,878,Fender Set - Mountain,4,2/4/2014
15250,878,Fender Set - Mountain,4,10/5/2013
15251,870,Water Bottle - 30 oz.,4,6/26/2014
"15251,711,""Sport-100 Helmet, Blue"",4,6/26/2014"
15251,871,Mountain Bottle Cage,4,6/26/2014
15251,921,Mountain Tire Tube,4,6/30/2014
15251,934,Touring Tire,4,10/6/2013
"15251,707,""Sport-100 Helmet, Red"",4,6/30/2014"
15251,873,Patch Kit/8 Patches,4,1/18/2014
15251,930,HL Mountain Tire,4,6/30/2014
15253,712,AWC Logo Cap,3,1/4/2014
"15253,708,""Sport-100 Helmet, Black"",4,4/19/2014"
15253,929,ML Mountain Tire,4,4/19/2014
"15254,714,""Long-Sleeve Logo Jersey, M"",3,3/14/2014"
15256,712,AWC Logo Cap,3,4/19/2014
"15257,707,""Sport-100 Helmet, Red"",4,7/6/2013"
15260,712,AWC Logo Cap,3,9/4/2013
15260,871,Mountain Bottle Cage,4,9/4/2013
15260,870,Water Bottle - 30 oz.,4,9/4/2013
15261,932,ML Road Tire,4,9/8/2013
15261,871,Mountain Bottle Cage,4,12/28/2013
15261,870,Water Bottle - 30 oz.,4,12/28/2013
"15261,859,""Half-Finger Gloves, M"",3,9/8/2013"
15263,921,Mountain Tire Tube,4,3/6/2014
"15263,708,""Sport-100 Helmet, Black"",4,3/6/2014"
15263,929,ML Mountain Tire,4,3/6/2014
15264,929,ML Mountain Tire,4,2/3/2014
15265,712,AWC Logo Cap,3,3/31/2014
"15266,860,""Half-Finger Gloves, L"",3,4/17/2014"
15266,929,ML Mountain Tire,4,4/17/2014
15266,921,Mountain Tire Tube,4,4/17/2014
15269,873,Patch Kit/8 Patches,4,9/27/2013
15270,921,Mountain Tire Tube,4,1/6/2014
15271,921,Mountain Tire Tube,4,2/3/2014
15272,921,Mountain Tire Tube,4,4/26/2014
"15272,859,""Half-Finger Gloves, M"",3,4/26/2014"
"15273,711,""Sport-100 Helmet, Blue"",4,9/6/2013"
"15273,864,""Classic Vest, S"",3,9/6/2013"
15274,921,Mountain Tire Tube,4,10/18/2013
"15274,716,""Long-Sleeve Logo Jersey, XL"",3,10/18/2013"
"15274,708,""Sport-100 Helmet, Black"",4,10/18/2013"
"15275,875,""Racing Socks, L"",3,7/30/2013"
15276,931,LL Road Tire,4,6/22/2013
15277,878,Fender Set - Mountain,4,11/22/2013
15277,871,Mountain Bottle Cage,4,11/22/2013
15277,870,Water Bottle - 30 oz.,4,11/22/2013
"15277,859,""Half-Finger Gloves, M"",3,11/22/2013"
"15278,707,""Sport-100 Helmet, Red"",4,7/6/2013"
"15279,708,""Sport-100 Helmet, Black"",4,3/4/2014"
15280,878,Fender Set - Mountain,4,1/19/2014
15280,871,Mountain Bottle Cage,4,1/19/2014
"15281,708,""Sport-100 Helmet, Black"",4,8/20/2013"
15282,873,Patch Kit/8 Patches,4,3/8/2014
15283,878,Fender Set - Mountain,4,3/12/2014
"15283,716,""Long-Sleeve Logo Jersey, XL"",3,3/12/2014"
15284,878,Fender Set - Mountain,4,4/18/2014
"15284,860,""Half-Finger Gloves, L"",3,4/18/2014"
"15284,708,""Sport-100 Helmet, Black"",4,4/18/2014"
15285,921,Mountain Tire Tube,4,8/16/2013
15286,921,Mountain Tire Tube,4,4/13/2014
"15287,716,""Long-Sleeve Logo Jersey, XL"",3,4/9/2014"
15287,712,AWC Logo Cap,3,4/9/2014
"15290,883,""Short-Sleeve Classic Jersey, L"",3,4/7/2014"
"15291,713,""Long-Sleeve Logo Jersey, S"",3,4/17/2014"
15292,871,Mountain Bottle Cage,4,3/6/2014
15292,921,Mountain Tire Tube,4,3/6/2014
"15292,711,""Sport-100 Helmet, Blue"",4,3/6/2014"
15293,921,Mountain Tire Tube,4,6/14/2014
15294,921,Mountain Tire Tube,4,9/22/2013
15295,921,Mountain Tire Tube,4,11/12/2013
15296,873,Patch Kit/8 Patches,4,3/7/2014
15297,921,Mountain Tire Tube,4,12/7/2013
15298,873,Patch Kit/8 Patches,4,4/22/2014
15299,873,Patch Kit/8 Patches,4,4/27/2014
15301,873,Patch Kit/8 Patches,4,7/24/2013
15301,921,Mountain Tire Tube,4,7/24/2013
"15302,708,""Sport-100 Helmet, Black"",4,1/9/2014"
15304,923,Touring Tire Tube,4,3/21/2014
15304,870,Water Bottle - 30 oz.,4,11/3/2013
15304,871,Mountain Bottle Cage,4,11/3/2013
15304,934,Touring Tire,4,3/21/2014
15305,873,Patch Kit/8 Patches,4,9/21/2013
15305,877,Bike Wash - Dissolver,4,9/21/2013
"15306,713,""Long-Sleeve Logo Jersey, S"",3,6/4/2014"
15306,921,Mountain Tire Tube,4,6/4/2014
15307,921,Mountain Tire Tube,4,8/30/2013
15310,930,HL Mountain Tire,4,11/8/2013
15310,870,Water Bottle - 30 oz.,4,11/28/2013
15310,921,Mountain Tire Tube,4,11/8/2013
15310,873,Patch Kit/8 Patches,4,2/14/2014
15312,712,AWC Logo Cap,3,4/2/2014
15313,921,Mountain Tire Tube,4,1/17/2014
15314,871,Mountain Bottle Cage,4,4/17/2014
15314,870,Water Bottle - 30 oz.,4,4/17/2014
15316,873,Patch Kit/8 Patches,4,4/1/2014
"15317,715,""Long-Sleeve Logo Jersey, L"",3,10/9/2013"
15318,921,Mountain Tire Tube,4,5/3/2014
15319,873,Patch Kit/8 Patches,4,7/1/2013
15320,921,Mountain Tire Tube,4,1/16/2014
15320,930,HL Mountain Tire,4,1/16/2014
15322,870,Water Bottle - 30 oz.,4,1/19/2014
"15322,707,""Sport-100 Helmet, Red"",4,1/19/2014"
15323,929,ML Mountain Tire,4,4/22/2014
15324,870,Water Bottle - 30 oz.,4,5/19/2014
15324,878,Fender Set - Mountain,4,5/19/2014
15324,712,AWC Logo Cap,3,5/19/2014
15324,921,Mountain Tire Tube,4,5/19/2014
15325,929,ML Mountain Tire,4,4/15/2014
15326,879,All-Purpose Bike Stand,4,1/13/2014
15326,921,Mountain Tire Tube,4,1/13/2014
15327,921,Mountain Tire Tube,4,4/27/2014
"15328,859,""Half-Finger Gloves, M"",3,1/19/2014"
"15328,716,""Long-Sleeve Logo Jersey, XL"",3,1/19/2014"
"15329,707,""Sport-100 Helmet, Red"",4,1/14/2014"
"15330,707,""Sport-100 Helmet, Red"",4,7/12/2013"
15331,873,Patch Kit/8 Patches,4,9/23/2013
"15332,707,""Sport-100 Helmet, Red"",4,4/29/2014"
"15333,867,""Women's Mountain Shorts, S"",3,4/2/2014"
15334,712,AWC Logo Cap,3,5/29/2014
"15335,707,""Sport-100 Helmet, Red"",4,4/10/2014"
15336,921,Mountain Tire Tube,4,6/22/2014
15338,929,ML Mountain Tire,4,4/11/2014
15338,921,Mountain Tire Tube,4,4/11/2014
15338,877,Bike Wash - Dissolver,4,4/11/2014
"15340,859,""Half-Finger Gloves, M"",3,8/16/2013"
15340,870,Water Bottle - 30 oz.,4,8/16/2013
15340,712,AWC Logo Cap,3,5/5/2014
15340,921,Mountain Tire Tube,4,1/3/2014
15340,871,Mountain Bottle Cage,4,8/16/2013
"15340,711,""Sport-100 Helmet, Blue"",4,8/16/2013"
"15342,858,""Half-Finger Gloves, S"",3,4/5/2014"
15345,870,Water Bottle - 30 oz.,4,1/2/2014
15345,712,AWC Logo Cap,3,1/2/2014
15346,873,Patch Kit/8 Patches,4,1/11/2014
15346,878,Fender Set - Mountain,4,1/11/2014
"15347,867,""Women's Mountain Shorts, S"",3,4/14/2014"
"15348,865,""Classic Vest, M"",3,1/12/2014"
15348,878,Fender Set - Mountain,4,1/12/2014
15349,870,Water Bottle - 30 oz.,4,1/4/2014
15349,878,Fender Set - Mountain,4,1/4/2014
15350,873,Patch Kit/8 Patches,4,1/23/2014
15350,930,HL Mountain Tire,4,1/23/2014
15351,870,Water Bottle - 30 oz.,4,1/14/2014
15351,878,Fender Set - Mountain,4,1/14/2014
15353,712,AWC Logo Cap,3,8/26/2013
15353,922,Road Tire Tube,4,8/26/2013
15353,934,Touring Tire,4,5/5/2014
15353,879,All-Purpose Bike Stand,4,5/5/2014
15353,873,Patch Kit/8 Patches,4,5/5/2014
"15353,711,""Sport-100 Helmet, Blue"",4,8/26/2013"
15353,923,Touring Tire Tube,4,5/5/2014
15354,712,AWC Logo Cap,3,1/7/2014
"15354,874,""Racing Socks, M"",3,12/7/2013"
"15356,868,""Women's Mountain Shorts, M"",3,8/7/2013"
15357,870,Water Bottle - 30 oz.,4,12/15/2013
15357,871,Mountain Bottle Cage,4,12/15/2013
15358,921,Mountain Tire Tube,4,5/9/2014
15359,921,Mountain Tire Tube,4,2/12/2014
15359,878,Fender Set - Mountain,4,2/12/2014
15361,921,Mountain Tire Tube,4,6/26/2014
"15362,708,""Sport-100 Helmet, Black"",4,11/17/2013"
15362,878,Fender Set - Mountain,4,11/17/2013
15363,870,Water Bottle - 30 oz.,4,11/27/2013
15364,878,Fender Set - Mountain,4,1/6/2014
"15364,713,""Long-Sleeve Logo Jersey, S"",3,1/6/2014"
15365,870,Water Bottle - 30 oz.,4,1/15/2014
15365,873,Patch Kit/8 Patches,4,1/15/2014
15365,871,Mountain Bottle Cage,4,1/15/2014
15366,880,Hydration Pack - 70 oz.,4,7/25/2013
15367,921,Mountain Tire Tube,4,1/6/2014
"15367,707,""Sport-100 Helmet, Red"",4,1/6/2014"
15368,921,Mountain Tire Tube,4,9/6/2013
15369,871,Mountain Bottle Cage,4,1/10/2014
"15369,711,""Sport-100 Helmet, Blue"",4,1/10/2014"
15370,921,Mountain Tire Tube,4,3/10/2014
"15371,884,""Short-Sleeve Classic Jersey, XL"",3,1/1/2014"
"15373,711,""Sport-100 Helmet, Blue"",4,5/15/2014"
15374,921,Mountain Tire Tube,4,1/21/2014
"15374,707,""Sport-100 Helmet, Red"",4,1/21/2014"
15375,880,Hydration Pack - 70 oz.,4,12/9/2013
15375,877,Bike Wash - Dissolver,4,12/9/2013
"15376,869,""Women's Mountain Shorts, L"",3,4/3/2014"
15376,921,Mountain Tire Tube,4,12/8/2013
15376,712,AWC Logo Cap,3,4/3/2014
15376,871,Mountain Bottle Cage,4,9/30/2013
15376,873,Patch Kit/8 Patches,4,12/8/2013
"15377,868,""Women's Mountain Shorts, M"",3,6/23/2014"
15377,921,Mountain Tire Tube,4,7/27/2013
"15377,708,""Sport-100 Helmet, Black"",4,7/27/2013"
15377,871,Mountain Bottle Cage,4,11/12/2013
15377,877,Bike Wash - Dissolver,4,11/12/2013
"15378,867,""Women's Mountain Shorts, S"",3,12/31/2013"
15378,921,Mountain Tire Tube,4,7/25/2013
15378,871,Mountain Bottle Cage,4,3/26/2014
15378,712,AWC Logo Cap,3,3/26/2014
15378,930,HL Mountain Tire,4,7/25/2013
"15379,860,""Half-Finger Gloves, L"",3,1/13/2014"
"15379,708,""Sport-100 Helmet, Black"",4,1/13/2014"
15380,873,Patch Kit/8 Patches,4,1/16/2014
15380,930,HL Mountain Tire,4,1/16/2014
"15382,864,""Classic Vest, S"",3,1/4/2014"
"15382,707,""Sport-100 Helmet, Red"",4,1/4/2014"
15383,921,Mountain Tire Tube,4,6/21/2014
"15383,859,""Half-Finger Gloves, M"",3,6/21/2014"
"15383,708,""Sport-100 Helmet, Black"",4,6/21/2014"
15384,921,Mountain Tire Tube,4,9/4/2013
15385,921,Mountain Tire Tube,4,9/14/2013
"15388,711,""Sport-100 Helmet, Blue"",4,12/31/2013"
15388,871,Mountain Bottle Cage,4,12/31/2013
"15389,707,""Sport-100 Helmet, Red"",4,1/22/2014"
15389,930,HL Mountain Tire,4,1/22/2014
15390,921,Mountain Tire Tube,4,2/5/2014
15391,872,Road Bottle Cage,4,4/4/2014
15391,930,HL Mountain Tire,4,11/26/2013
15391,870,Water Bottle - 30 oz.,4,4/4/2014
"15391,707,""Sport-100 Helmet, Red"",4,4/4/2014"
15392,921,Mountain Tire Tube,4,11/11/2013
15393,921,Mountain Tire Tube,4,5/27/2014
15394,878,Fender Set - Mountain,4,1/27/2014
"15395,874,""Racing Socks, M"",3,11/26/2013"
"15395,711,""Sport-100 Helmet, Blue"",4,4/15/2014"
15395,930,HL Mountain Tire,4,11/26/2013
15396,871,Mountain Bottle Cage,4,1/26/2014
15396,880,Hydration Pack - 70 oz.,4,1/26/2014
15397,921,Mountain Tire Tube,4,7/21/2013
15399,877,Bike Wash - Dissolver,4,1/26/2014
15399,873,Patch Kit/8 Patches,4,1/26/2014
15401,921,Mountain Tire Tube,4,3/21/2014
15402,933,HL Road Tire,4,1/29/2014
"15402,708,""Sport-100 Helmet, Black"",4,11/24/2013"
15402,930,HL Mountain Tire,4,11/24/2013
15402,871,Mountain Bottle Cage,4,3/3/2014
15402,712,AWC Logo Cap,3,1/29/2014
15403,921,Mountain Tire Tube,4,11/22/2013
15404,871,Mountain Bottle Cage,4,1/11/2014
15404,878,Fender Set - Mountain,4,1/11/2014
15405,873,Patch Kit/8 Patches,4,9/29/2013
15405,877,Bike Wash - Dissolver,4,9/29/2013
15406,921,Mountain Tire Tube,4,8/18/2013
"15407,707,""Sport-100 Helmet, Red"",4,4/3/2014"
15408,921,Mountain Tire Tube,4,1/31/2014
15409,870,Water Bottle - 30 oz.,4,4/22/2014
15410,921,Mountain Tire Tube,4,4/29/2014
15410,929,ML Mountain Tire,4,4/29/2014
"15410,858,""Half-Finger Gloves, S"",3,4/29/2014"
15411,871,Mountain Bottle Cage,4,1/23/2014
15411,870,Water Bottle - 30 oz.,4,1/23/2014
"15413,715,""Long-Sleeve Logo Jersey, L"",3,2/2/2014"
15413,929,ML Mountain Tire,4,2/2/2014
15413,930,HL Mountain Tire,4,11/6/2013
15413,921,Mountain Tire Tube,4,2/2/2014
"15413,881,""Short-Sleeve Classic Jersey, S"",3,7/3/2013"
15415,921,Mountain Tire Tube,4,1/26/2014
"15415,707,""Sport-100 Helmet, Red"",4,1/26/2014"
15417,873,Patch Kit/8 Patches,4,1/9/2014
15417,921,Mountain Tire Tube,4,1/9/2014
15418,930,HL Mountain Tire,4,9/17/2013
15418,929,ML Mountain Tire,4,10/20/2013
"15418,713,""Long-Sleeve Logo Jersey, S"",3,11/26/2013"
"15418,708,""Sport-100 Helmet, Black"",4,10/20/2013"
15418,921,Mountain Tire Tube,4,10/20/2013
"15422,708,""Sport-100 Helmet, Black"",4,5/9/2014"
15422,878,Fender Set - Mountain,4,5/9/2014
"15424,874,""Racing Socks, M"",3,5/21/2014"
15426,878,Fender Set - Mountain,4,8/26/2013
15426,870,Water Bottle - 30 oz.,4,8/26/2013
15426,921,Mountain Tire Tube,4,8/26/2013
15426,871,Mountain Bottle Cage,4,8/26/2013
"15426,708,""Sport-100 Helmet, Black"",4,8/26/2013"
"15428,868,""Women's Mountain Shorts, M"",3,5/11/2014"
15429,930,HL Mountain Tire,4,1/1/2014
15429,877,Bike Wash - Dissolver,4,1/1/2014
15429,878,Fender Set - Mountain,4,1/1/2014
"15430,708,""Sport-100 Helmet, Black"",4,7/6/2013"
15431,873,Patch Kit/8 Patches,4,9/26/2013
15434,929,ML Mountain Tire,4,10/1/2013
15435,932,ML Road Tire,4,2/12/2014
15437,873,Patch Kit/8 Patches,4,4/15/2014
15437,929,ML Mountain Tire,4,6/18/2014
15438,870,Water Bottle - 30 oz.,4,3/21/2014
15438,872,Road Bottle Cage,4,3/21/2014
15440,712,AWC Logo Cap,3,2/24/2014
15440,921,Mountain Tire Tube,4,5/27/2014
15440,878,Fender Set - Mountain,4,5/27/2014
15440,930,HL Mountain Tire,4,5/27/2014
"15441,707,""Sport-100 Helmet, Red"",4,11/2/2013"
15441,873,Patch Kit/8 Patches,4,9/3/2013
15441,930,HL Mountain Tire,4,9/3/2013
15442,921,Mountain Tire Tube,4,12/3/2013
15442,928,LL Mountain Tire,4,12/3/2013
15443,921,Mountain Tire Tube,4,7/8/2013
15444,930,HL Mountain Tire,4,6/2/2014
"15444,711,""Sport-100 Helmet, Blue"",4,6/2/2014"
15444,921,Mountain Tire Tube,4,6/2/2014
15444,712,AWC Logo Cap,3,6/2/2014
15445,921,Mountain Tire Tube,4,11/27/2013
15445,928,LL Mountain Tire,4,11/27/2013
15446,873,Patch Kit/8 Patches,4,10/15/2013
15446,921,Mountain Tire Tube,4,10/15/2013
15448,877,Bike Wash - Dissolver,4,2/7/2014
15448,930,HL Mountain Tire,4,6/4/2014
15448,921,Mountain Tire Tube,4,6/4/2014
15449,873,Patch Kit/8 Patches,4,5/29/2014
15449,921,Mountain Tire Tube,4,11/4/2013
15449,923,Touring Tire Tube,4,5/29/2014
15450,873,Patch Kit/8 Patches,4,8/1/2013
15450,928,LL Mountain Tire,4,8/1/2013
"15455,882,""Short-Sleeve Classic Jersey, M"",3,3/15/2014"
15455,878,Fender Set - Mountain,4,3/15/2014
15455,871,Mountain Bottle Cage,4,3/15/2014
15456,870,Water Bottle - 30 oz.,4,2/24/2014
15456,871,Mountain Bottle Cage,4,2/24/2014
15459,878,Fender Set - Mountain,4,11/29/2013
15459,877,Bike Wash - Dissolver,4,11/29/2013
15461,923,Touring Tire Tube,4,2/24/2014
"15461,708,""Sport-100 Helmet, Black"",4,7/16/2013"
15461,712,AWC Logo Cap,3,7/16/2013
15461,921,Mountain Tire Tube,4,7/16/2013
"15462,859,""Half-Finger Gloves, M"",3,3/19/2014"
15463,870,Water Bottle - 30 oz.,4,3/20/2014
15463,712,AWC Logo Cap,3,3/20/2014
15463,871,Mountain Bottle Cage,4,3/20/2014
"15463,711,""Sport-100 Helmet, Blue"",4,3/20/2014"
15464,929,ML Mountain Tire,4,2/6/2014
15464,873,Patch Kit/8 Patches,4,5/16/2014
15465,873,Patch Kit/8 Patches,4,2/28/2014
15465,877,Bike Wash - Dissolver,4,2/28/2014
"15467,867,""Women's Mountain Shorts, S"",3,5/29/2014"
15468,922,Road Tire Tube,4,3/12/2014
15468,870,Water Bottle - 30 oz.,4,3/7/2014
"15468,864,""Classic Vest, S"",3,3/12/2014"
15468,933,HL Road Tire,4,3/12/2014
15468,930,HL Mountain Tire,4,7/25/2013
15468,921,Mountain Tire Tube,4,7/25/2013
15468,879,All-Purpose Bike Stand,4,3/12/2014
15468,876,Hitch Rack - 4-Bike,4,7/25/2013
"15469,707,""Sport-100 Helmet, Red"",4,7/12/2013"
15470,921,Mountain Tire Tube,4,1/15/2014
15470,878,Fender Set - Mountain,4,1/15/2014
"15474,869,""Women's Mountain Shorts, L"",3,5/14/2014"
15475,929,ML Mountain Tire,4,5/29/2014
15476,873,Patch Kit/8 Patches,4,7/3/2013
15477,921,Mountain Tire Tube,4,5/16/2014
"15478,707,""Sport-100 Helmet, Red"",4,8/19/2013"
15478,922,Road Tire Tube,4,7/2/2013
15478,873,Patch Kit/8 Patches,4,7/2/2013
15478,871,Mountain Bottle Cage,4,1/23/2014
15478,933,HL Road Tire,4,7/2/2013
15478,921,Mountain Tire Tube,4,8/19/2013
"15478,883,""Short-Sleeve Classic Jersey, L"",3,8/19/2013"
15479,712,AWC Logo Cap,3,4/22/2014
15479,921,Mountain Tire Tube,4,4/22/2014
"15479,714,""Long-Sleeve Logo Jersey, M"",3,4/22/2014"
15481,921,Mountain Tire Tube,4,1/17/2014
"15481,708,""Sport-100 Helmet, Black"",4,1/17/2014"
"15482,860,""Half-Finger Gloves, L"",3,1/3/2014"
15483,873,Patch Kit/8 Patches,4,1/7/2014
15483,921,Mountain Tire Tube,4,1/7/2014
15484,880,Hydration Pack - 70 oz.,4,1/26/2014
15485,921,Mountain Tire Tube,4,8/12/2013
15486,921,Mountain Tire Tube,4,11/21/2013
"15487,711,""Sport-100 Helmet, Blue"",4,8/7/2013"
15487,921,Mountain Tire Tube,4,8/7/2013
15488,921,Mountain Tire Tube,4,11/10/2013
15488,922,Road Tire Tube,4,1/24/2014
15488,871,Mountain Bottle Cage,4,3/19/2014
15488,877,Bike Wash - Dissolver,4,11/10/2013
"15488,866,""Classic Vest, L"",3,1/24/2014"
15488,870,Water Bottle - 30 oz.,4,3/19/2014
15488,930,HL Mountain Tire,4,11/10/2013
"15489,881,""Short-Sleeve Classic Jersey, S"",3,5/5/2014"
"15489,869,""Women's Mountain Shorts, L"",3,5/5/2014"
"15490,708,""Sport-100 Helmet, Black"",4,4/16/2014"
15490,921,Mountain Tire Tube,4,12/4/2013
"15490,858,""Half-Finger Gloves, S"",3,12/4/2013"
"15491,866,""Classic Vest, L"",3,12/31/2013"
15491,870,Water Bottle - 30 oz.,4,12/31/2013
15492,871,Mountain Bottle Cage,4,1/19/2014
15492,870,Water Bottle - 30 oz.,4,1/19/2014
15494,921,Mountain Tire Tube,4,4/24/2014
"15494,867,""Women's Mountain Shorts, S"",3,9/4/2013"
15494,930,HL Mountain Tire,4,4/24/2014
15494,929,ML Mountain Tire,4,7/29/2013
15494,878,Fender Set - Mountain,4,4/24/2014
15495,921,Mountain Tire Tube,4,5/31/2014
"15496,711,""Sport-100 Helmet, Blue"",4,8/5/2013"
"15498,860,""Half-Finger Gloves, L"",3,7/23/2013"
15498,933,HL Road Tire,4,2/24/2014
"15498,707,""Sport-100 Helmet, Red"",4,10/6/2013"
"15498,858,""Half-Finger Gloves, S"",3,10/6/2013"
15498,930,HL Mountain Tire,4,10/6/2013
15498,921,Mountain Tire Tube,4,10/6/2013
15498,871,Mountain Bottle Cage,4,7/23/2013
15500,878,Fender Set - Mountain,4,1/25/2014
"15503,711,""Sport-100 Helmet, Blue"",4,5/10/2014"
15503,929,ML Mountain Tire,4,5/10/2014
"15504,711,""Sport-100 Helmet, Blue"",4,10/19/2013"
15505,921,Mountain Tire Tube,4,11/23/2013
15507,922,Road Tire Tube,4,12/29/2013
15507,933,HL Road Tire,4,12/29/2013
15507,873,Patch Kit/8 Patches,4,12/29/2013
15507,870,Water Bottle - 30 oz.,4,6/30/2013
15507,930,HL Mountain Tire,4,7/2/2013
15507,921,Mountain Tire Tube,4,7/2/2013
15507,871,Mountain Bottle Cage,4,6/30/2013
15508,921,Mountain Tire Tube,4,12/23/2013
15509,921,Mountain Tire Tube,4,8/15/2013
15510,921,Mountain Tire Tube,4,1/22/2014
15511,930,HL Mountain Tire,4,10/21/2013
15511,933,HL Road Tire,4,9/15/2013
15511,870,Water Bottle - 30 oz.,4,6/22/2014
15511,878,Fender Set - Mountain,4,10/21/2013
15511,871,Mountain Bottle Cage,4,6/22/2014
15512,921,Mountain Tire Tube,4,3/25/2014
"15512,711,""Sport-100 Helmet, Blue"",4,3/25/2014"
15513,921,Mountain Tire Tube,4,1/16/2014
15514,876,Hitch Rack - 4-Bike,4,10/27/2013
15515,921,Mountain Tire Tube,4,5/2/2014
15516,873,Patch Kit/8 Patches,4,12/3/2013
15518,870,Water Bottle - 30 oz.,4,2/8/2014
15518,878,Fender Set - Mountain,4,2/8/2014
"15520,708,""Sport-100 Helmet, Black"",4,5/18/2014"
15521,880,Hydration Pack - 70 oz.,4,2/10/2014
15521,871,Mountain Bottle Cage,4,2/10/2014
15522,921,Mountain Tire Tube,4,1/17/2014
"15523,869,""Women's Mountain Shorts, L"",3,5/28/2014"
15524,921,Mountain Tire Tube,4,10/21/2013
15526,870,Water Bottle - 30 oz.,4,3/16/2014
15526,921,Mountain Tire Tube,4,4/5/2014
"15526,711,""Sport-100 Helmet, Blue"",4,3/16/2014"
15526,930,HL Mountain Tire,4,4/5/2014
"15526,707,""Sport-100 Helmet, Red"",4,7/23/2013"
15526,871,Mountain Bottle Cage,4,3/16/2014
"15526,859,""Half-Finger Gloves, M"",3,7/23/2013"
15526,873,Patch Kit/8 Patches,4,4/5/2014
"15528,883,""Short-Sleeve Classic Jersey, L"",3,5/2/2014"
15530,878,Fender Set - Mountain,4,5/18/2014
15532,929,ML Mountain Tire,4,5/19/2014
15532,873,Patch Kit/8 Patches,4,5/19/2014
15534,878,Fender Set - Mountain,4,2/5/2014
"15534,859,""Half-Finger Gloves, M"",3,2/5/2014"
"15536,864,""Classic Vest, S"",3,12/25/2013"
15536,870,Water Bottle - 30 oz.,4,12/25/2013
15536,933,HL Road Tire,4,4/14/2014
15536,871,Mountain Bottle Cage,4,12/25/2013
15536,930,HL Mountain Tire,4,5/31/2014
"15536,860,""Half-Finger Gloves, L"",3,4/14/2014"
15536,922,Road Tire Tube,4,4/14/2014
15537,712,AWC Logo Cap,3,5/23/2014
15538,877,Bike Wash - Dissolver,4,5/21/2014
15538,929,ML Mountain Tire,4,5/21/2014
"15539,858,""Half-Finger Gloves, S"",3,3/15/2014"
"15539,707,""Sport-100 Helmet, Red"",4,3/15/2014"
15541,878,Fender Set - Mountain,4,1/22/2014
"15541,711,""Sport-100 Helmet, Blue"",4,1/22/2014"
15542,870,Water Bottle - 30 oz.,4,2/9/2014
15543,878,Fender Set - Mountain,4,2/18/2014
"15543,874,""Racing Socks, M"",3,9/15/2013"
15543,929,ML Mountain Tire,4,3/5/2014
"15543,713,""Long-Sleeve Logo Jersey, S"",3,2/18/2014"
"15544,716,""Long-Sleeve Logo Jersey, XL"",3,9/28/2013"
15544,921,Mountain Tire Tube,4,9/28/2013
15544,878,Fender Set - Mountain,4,9/28/2013
"15545,711,""Sport-100 Helmet, Blue"",4,12/16/2013"
15546,921,Mountain Tire Tube,4,5/20/2014
15548,871,Mountain Bottle Cage,4,6/29/2013
15551,928,LL Mountain Tire,4,6/3/2013
15552,870,Water Bottle - 30 oz.,4,6/27/2013
15552,871,Mountain Bottle Cage,4,6/27/2013
"15553,707,""Sport-100 Helmet, Red"",4,6/7/2013"
15553,871,Mountain Bottle Cage,4,6/7/2013
15555,871,Mountain Bottle Cage,4,6/18/2013
15555,870,Water Bottle - 30 oz.,4,6/18/2013
15556,870,Water Bottle - 30 oz.,4,8/3/2013
15556,871,Mountain Bottle Cage,4,8/3/2013
15557,870,Water Bottle - 30 oz.,4,6/10/2013
15558,870,Water Bottle - 30 oz.,4,7/7/2013
15559,870,Water Bottle - 30 oz.,4,7/15/2013
15559,922,Road Tire Tube,4,7/26/2013
"15559,707,""Sport-100 Helmet, Red"",4,7/26/2013"
15559,878,Fender Set - Mountain,4,10/25/2013
15559,933,HL Road Tire,4,7/26/2013
15561,928,LL Mountain Tire,4,7/23/2013
15563,921,Mountain Tire Tube,4,3/7/2014
15564,933,HL Road Tire,4,1/3/2014
15564,922,Road Tire Tube,4,1/3/2014
15564,880,Hydration Pack - 70 oz.,4,10/28/2013
"15564,714,""Long-Sleeve Logo Jersey, M"",3,1/3/2014"
15564,878,Fender Set - Mountain,4,10/28/2013
"15566,860,""Half-Finger Gloves, L"",3,12/7/2013"
"15566,883,""Short-Sleeve Classic Jersey, L"",3,12/7/2013"
15566,880,Hydration Pack - 70 oz.,4,5/9/2014
"15566,707,""Sport-100 Helmet, Red"",4,12/7/2013"
15566,878,Fender Set - Mountain,4,12/7/2013
15566,934,Touring Tire,4,5/9/2014
15567,877,Bike Wash - Dissolver,4,12/22/2013
15567,878,Fender Set - Mountain,4,12/22/2013
15567,873,Patch Kit/8 Patches,4,12/22/2013
"15571,708,""Sport-100 Helmet, Black"",4,3/6/2014"
15571,873,Patch Kit/8 Patches,4,6/30/2013
15571,933,HL Road Tire,4,6/30/2013
15571,878,Fender Set - Mountain,4,3/6/2014
15572,870,Water Bottle - 30 oz.,4,12/3/2013
"15572,708,""Sport-100 Helmet, Black"",4,12/3/2013"
15572,933,HL Road Tire,4,3/16/2014
15572,871,Mountain Bottle Cage,4,12/3/2013
15574,873,Patch Kit/8 Patches,4,6/9/2014
15574,876,Hitch Rack - 4-Bike,4,6/9/2014
"15577,858,""Half-Finger Gloves, S"",3,1/12/2014"
"15577,714,""Long-Sleeve Logo Jersey, M"",3,9/4/2013"
15577,712,AWC Logo Cap,3,9/4/2013
15577,932,ML Road Tire,4,9/4/2013
15578,880,Hydration Pack - 70 oz.,4,3/27/2014
15579,932,ML Road Tire,4,8/10/2013
15581,932,ML Road Tire,4,1/26/2014
"15581,711,""Sport-100 Helmet, Blue"",4,1/26/2014"
15581,870,Water Bottle - 30 oz.,4,1/9/2014
"15581,707,""Sport-100 Helmet, Red"",4,1/9/2014"
15582,929,ML Mountain Tire,4,5/11/2014
"15582,884,""Short-Sleeve Classic Jersey, XL"",3,5/11/2014"
15583,932,ML Road Tire,4,3/20/2014
15583,873,Patch Kit/8 Patches,4,3/20/2014
"15583,707,""Sport-100 Helmet, Red"",4,11/2/2013"
15584,873,Patch Kit/8 Patches,4,5/28/2014
15584,932,ML Road Tire,4,5/28/2014
15585,870,Water Bottle - 30 oz.,4,3/16/2014
15585,871,Mountain Bottle Cage,4,3/16/2014
"15586,882,""Short-Sleeve Classic Jersey, M"",3,3/1/2014"
15586,870,Water Bottle - 30 oz.,4,3/1/2014
15586,712,AWC Logo Cap,3,3/1/2014
"15587,711,""Sport-100 Helmet, Blue"",4,3/21/2014"
15588,876,Hitch Rack - 4-Bike,4,3/27/2014
15589,871,Mountain Bottle Cage,4,3/4/2014
15589,870,Water Bottle - 30 oz.,4,3/4/2014
15590,921,Mountain Tire Tube,4,3/30/2014
"15590,874,""Racing Socks, M"",3,3/30/2014"
15590,878,Fender Set - Mountain,4,3/30/2014
"15592,707,""Sport-100 Helmet, Red"",4,2/17/2014"
15593,873,Patch Kit/8 Patches,4,12/16/2013
15593,932,ML Road Tire,4,12/16/2013
"15593,708,""Sport-100 Helmet, Black"",4,8/4/2013"
15594,922,Road Tire Tube,4,6/19/2014
15594,873,Patch Kit/8 Patches,4,6/19/2014
"15594,707,""Sport-100 Helmet, Red"",4,5/26/2014"
15596,871,Mountain Bottle Cage,4,3/26/2014
15596,878,Fender Set - Mountain,4,3/26/2014
"15596,881,""Short-Sleeve Classic Jersey, S"",3,3/26/2014"
"15598,882,""Short-Sleeve Classic Jersey, M"",3,5/2/2014"
15598,922,Road Tire Tube,4,5/2/2014
"15598,711,""Sport-100 Helmet, Blue"",4,5/2/2014"
15598,871,Mountain Bottle Cage,4,2/19/2014
15599,870,Water Bottle - 30 oz.,4,9/19/2013
15599,873,Patch Kit/8 Patches,4,5/31/2014
15599,932,ML Road Tire,4,5/31/2014
15599,871,Mountain Bottle Cage,4,9/19/2013
15600,879,All-Purpose Bike Stand,4,3/27/2014
15600,930,HL Mountain Tire,4,3/27/2014
15601,878,Fender Set - Mountain,4,3/18/2014
15602,922,Road Tire Tube,4,11/22/2013
15602,932,ML Road Tire,4,11/22/2013
15603,871,Mountain Bottle Cage,4,1/16/2014
15603,932,ML Road Tire,4,8/31/2013
15604,871,Mountain Bottle Cage,4,2/13/2014
15604,870,Water Bottle - 30 oz.,4,2/13/2014
15604,932,ML Road Tire,4,11/20/2013
"15604,859,""Half-Finger Gloves, M"",3,2/13/2014"
15605,871,Mountain Bottle Cage,4,4/25/2014
15605,932,ML Road Tire,4,2/27/2014
15606,922,Road Tire Tube,4,1/18/2014
15606,871,Mountain Bottle Cage,4,7/30/2013
15606,870,Water Bottle - 30 oz.,4,7/30/2013
15606,712,AWC Logo Cap,3,1/18/2014
15607,922,Road Tire Tube,4,4/18/2014
"15607,707,""Sport-100 Helmet, Red"",4,6/10/2014"
15607,932,ML Road Tire,4,4/18/2014
15608,921,Mountain Tire Tube,4,1/28/2014
15609,873,Patch Kit/8 Patches,4,1/15/2014
15610,921,Mountain Tire Tube,4,3/30/2014
15610,923,Touring Tire Tube,4,2/18/2014
"15610,707,""Sport-100 Helmet, Red"",4,2/18/2014"
"15610,711,""Sport-100 Helmet, Blue"",4,3/30/2014"
15611,921,Mountain Tire Tube,4,11/14/2013
15611,928,LL Mountain Tire,4,11/14/2013
15611,878,Fender Set - Mountain,4,11/14/2013
15612,921,Mountain Tire Tube,4,11/28/2013
"15612,711,""Sport-100 Helmet, Blue"",4,11/28/2013"
15612,923,Touring Tire Tube,4,10/8/2013
15613,928,LL Mountain Tire,4,10/23/2013
"15614,716,""Long-Sleeve Logo Jersey, XL"",3,5/11/2014"
15614,880,Hydration Pack - 70 oz.,4,5/11/2014
15614,878,Fender Set - Mountain,4,5/11/2014
15614,871,Mountain Bottle Cage,4,5/11/2014
15614,870,Water Bottle - 30 oz.,4,5/11/2014
15615,923,Touring Tire Tube,4,5/30/2014
15615,870,Water Bottle - 30 oz.,4,5/30/2014
15615,873,Patch Kit/8 Patches,4,8/26/2013
15615,921,Mountain Tire Tube,4,8/26/2013
"15615,874,""Racing Socks, M"",3,5/30/2014"
15616,873,Patch Kit/8 Patches,4,2/21/2014
15617,877,Bike Wash - Dissolver,4,7/4/2013
15617,928,LL Mountain Tire,4,7/4/2013
15617,878,Fender Set - Mountain,4,7/4/2013
15620,921,Mountain Tire Tube,4,5/9/2014
15620,878,Fender Set - Mountain,4,5/9/2014
15620,930,HL Mountain Tire,4,5/9/2014
"15621,858,""Half-Finger Gloves, S"",3,5/26/2014"
"15622,708,""Sport-100 Helmet, Black"",4,3/2/2014"
15623,872,Road Bottle Cage,4,2/23/2014
"15623,866,""Classic Vest, L"",3,12/26/2013"
15623,878,Fender Set - Mountain,4,12/26/2013
15624,923,Touring Tire Tube,4,2/23/2014
15624,934,Touring Tire,4,2/23/2014
"15624,708,""Sport-100 Helmet, Black"",4,2/23/2014"
"15626,716,""Long-Sleeve Logo Jersey, XL"",3,12/7/2013"
15626,870,Water Bottle - 30 oz.,4,8/30/2013
15626,880,Hydration Pack - 70 oz.,4,12/7/2013
15626,872,Road Bottle Cage,4,8/30/2013
15627,870,Water Bottle - 30 oz.,4,10/26/2013
15627,872,Road Bottle Cage,4,10/26/2013
15627,712,AWC Logo Cap,3,1/27/2014
15628,922,Road Tire Tube,4,3/19/2014
"15628,707,""Sport-100 Helmet, Red"",4,3/19/2014"
"15629,708,""Sport-100 Helmet, Black"",4,6/2/2014"
15630,929,ML Mountain Tire,4,6/27/2013
15630,873,Patch Kit/8 Patches,4,6/27/2013
15630,921,Mountain Tire Tube,4,6/27/2013
15631,873,Patch Kit/8 Patches,4,7/13/2013
15632,929,ML Mountain Tire,4,8/26/2013
"15632,707,""Sport-100 Helmet, Red"",4,3/13/2014"
15632,921,Mountain Tire Tube,4,8/26/2013
"15632,715,""Long-Sleeve Logo Jersey, L"",3,8/26/2013"
15633,921,Mountain Tire Tube,4,10/21/2013
15634,878,Fender Set - Mountain,4,11/18/2013
15634,923,Touring Tire Tube,4,5/4/2014
"15635,707,""Sport-100 Helmet, Red"",4,10/13/2013"
15635,923,Touring Tire Tube,4,10/13/2013
15635,878,Fender Set - Mountain,4,4/14/2014
15636,929,ML Mountain Tire,4,11/11/2013
15636,921,Mountain Tire Tube,4,11/11/2013
15636,712,AWC Logo Cap,3,11/11/2013
15637,712,AWC Logo Cap,3,12/4/2013
"15637,708,""Sport-100 Helmet, Black"",4,3/10/2014"
15637,871,Mountain Bottle Cage,4,12/4/2013
"15637,707,""Sport-100 Helmet, Red"",4,12/4/2013"
"15638,711,""Sport-100 Helmet, Blue"",4,3/13/2014"
15638,921,Mountain Tire Tube,4,9/9/2013
15638,929,ML Mountain Tire,4,9/9/2013
15639,873,Patch Kit/8 Patches,4,10/13/2013
15640,873,Patch Kit/8 Patches,4,10/1/2013
15641,929,ML Mountain Tire,4,9/22/2013
15641,873,Patch Kit/8 Patches,4,9/24/2013
"15641,860,""Half-Finger Gloves, L"",3,9/22/2013"
15641,921,Mountain Tire Tube,4,9/22/2013
15644,932,ML Road Tire,4,4/6/2014
15644,873,Patch Kit/8 Patches,4,4/6/2014
15647,872,Road Bottle Cage,4,3/31/2014
15649,921,Mountain Tire Tube,4,3/17/2014
"15649,708,""Sport-100 Helmet, Black"",4,3/17/2014"
"15650,707,""Sport-100 Helmet, Red"",4,5/16/2014"
"15650,713,""Long-Sleeve Logo Jersey, S"",3,5/16/2014"
15650,921,Mountain Tire Tube,4,5/16/2014
15652,929,ML Mountain Tire,4,8/31/2013
15652,921,Mountain Tire Tube,4,8/31/2013
"15653,707,""Sport-100 Helmet, Red"",4,9/7/2013"
"15653,711,""Sport-100 Helmet, Blue"",4,4/20/2014"
15653,929,ML Mountain Tire,4,9/7/2013
15653,712,AWC Logo Cap,3,9/7/2013
15655,873,Patch Kit/8 Patches,4,3/22/2014
15655,921,Mountain Tire Tube,4,3/22/2014
15657,929,ML Mountain Tire,4,9/19/2013
15657,880,Hydration Pack - 70 oz.,4,4/29/2014
15657,873,Patch Kit/8 Patches,4,4/29/2014
"15657,708,""Sport-100 Helmet, Black"",4,9/19/2013"
15657,921,Mountain Tire Tube,4,9/19/2013
"15658,708,""Sport-100 Helmet, Black"",4,2/1/2014"
15658,921,Mountain Tire Tube,4,2/1/2014
15659,870,Water Bottle - 30 oz.,4,3/20/2014
"15659,860,""Half-Finger Gloves, L"",3,3/20/2014"
15660,921,Mountain Tire Tube,4,10/7/2013
"15660,707,""Sport-100 Helmet, Red"",4,10/7/2013"
"15660,874,""Racing Socks, M"",3,5/27/2014"
15661,921,Mountain Tire Tube,4,11/23/2013
15661,934,Touring Tire,4,5/5/2014
15661,929,ML Mountain Tire,4,11/23/2013
15661,923,Touring Tire Tube,4,5/5/2014
15661,870,Water Bottle - 30 oz.,4,5/5/2014
"15662,865,""Classic Vest, M"",3,11/27/2013"
15662,878,Fender Set - Mountain,4,11/27/2013
15662,872,Road Bottle Cage,4,5/13/2014
15662,870,Water Bottle - 30 oz.,4,5/13/2014
15664,871,Mountain Bottle Cage,4,4/24/2014
15664,870,Water Bottle - 30 oz.,4,4/24/2014
"15665,708,""Sport-100 Helmet, Black"",4,3/31/2014"
15666,878,Fender Set - Mountain,4,4/13/2014
"15666,715,""Long-Sleeve Logo Jersey, L"",3,4/13/2014"
15667,876,Hitch Rack - 4-Bike,4,4/16/2014
15668,870,Water Bottle - 30 oz.,4,5/24/2014
"15670,708,""Sport-100 Helmet, Black"",4,5/19/2014"
"15670,713,""Long-Sleeve Logo Jersey, S"",3,5/19/2014"
15670,928,LL Mountain Tire,4,5/19/2014
15671,878,Fender Set - Mountain,4,1/23/2014
15671,873,Patch Kit/8 Patches,4,1/23/2014
"15672,713,""Long-Sleeve Logo Jersey, S"",3,5/26/2014"
"15672,711,""Sport-100 Helmet, Blue"",4,5/26/2014"
"15673,711,""Sport-100 Helmet, Blue"",4,9/10/2013"
15673,928,LL Mountain Tire,4,9/10/2013
"15674,708,""Sport-100 Helmet, Black"",4,4/5/2014"
15675,930,HL Mountain Tire,4,1/14/2014
"15675,707,""Sport-100 Helmet, Red"",4,11/11/2013"
15675,712,AWC Logo Cap,3,11/11/2013
15676,921,Mountain Tire Tube,4,1/4/2014
"15676,711,""Sport-100 Helmet, Blue"",4,3/6/2014"
15676,873,Patch Kit/8 Patches,4,1/4/2014
"15677,859,""Half-Finger Gloves, M"",3,3/18/2014"
15677,870,Water Bottle - 30 oz.,4,3/18/2014
15677,872,Road Bottle Cage,4,3/18/2014
"15678,882,""Short-Sleeve Classic Jersey, M"",3,3/9/2014"
15678,870,Water Bottle - 30 oz.,4,3/9/2014
15678,872,Road Bottle Cage,4,3/9/2014
15678,712,AWC Logo Cap,3,3/9/2014
15679,921,Mountain Tire Tube,4,10/11/2013
15679,928,LL Mountain Tire,4,10/11/2013
"15681,708,""Sport-100 Helmet, Black"",4,11/23/2013"
15681,934,Touring Tire,4,7/4/2013
15681,933,HL Road Tire,4,11/23/2013
15681,922,Road Tire Tube,4,11/23/2013
15683,921,Mountain Tire Tube,4,8/13/2013
15683,930,HL Mountain Tire,4,8/13/2013
"15684,707,""Sport-100 Helmet, Red"",4,12/1/2013"
"15684,860,""Half-Finger Gloves, L"",3,9/20/2013"
15684,923,Touring Tire Tube,4,9/20/2013
15684,712,AWC Logo Cap,3,12/1/2013
15685,878,Fender Set - Mountain,4,12/22/2013
15685,712,AWC Logo Cap,3,9/7/2013
"15686,708,""Sport-100 Helmet, Black"",4,4/17/2014"
15686,933,HL Road Tire,4,7/29/2013
15687,712,AWC Logo Cap,3,5/28/2014
"15687,707,""Sport-100 Helmet, Red"",4,5/28/2014"
15688,712,AWC Logo Cap,3,11/20/2013
"15690,708,""Sport-100 Helmet, Black"",4,3/23/2014"
15690,923,Touring Tire Tube,4,3/23/2014
15690,933,HL Road Tire,4,6/14/2014
"15691,707,""Sport-100 Helmet, Red"",4,12/23/2013"
15691,870,Water Bottle - 30 oz.,4,12/23/2013
15691,871,Mountain Bottle Cage,4,12/23/2013
15692,921,Mountain Tire Tube,4,12/19/2013
"15692,711,""Sport-100 Helmet, Blue"",4,12/31/2013"
15693,712,AWC Logo Cap,3,9/25/2013
"15694,865,""Classic Vest, M"",3,6/23/2014"
15694,923,Touring Tire Tube,4,2/15/2014
15694,873,Patch Kit/8 Patches,4,2/15/2014
15694,922,Road Tire Tube,4,6/23/2014
15695,877,Bike Wash - Dissolver,4,1/25/2014
15695,870,Water Bottle - 30 oz.,4,1/25/2014
"15695,708,""Sport-100 Helmet, Black"",4,12/14/2013"
15695,871,Mountain Bottle Cage,4,12/14/2013
15696,921,Mountain Tire Tube,4,11/27/2013
15696,879,All-Purpose Bike Stand,4,11/27/2013
15697,870,Water Bottle - 30 oz.,4,12/2/2013
15697,712,AWC Logo Cap,3,10/11/2013
15697,872,Road Bottle Cage,4,10/11/2013
15697,871,Mountain Bottle Cage,4,12/2/2013
15698,873,Patch Kit/8 Patches,4,4/13/2014
15698,930,HL Mountain Tire,4,4/13/2014
15699,870,Water Bottle - 30 oz.,4,1/11/2014
15699,871,Mountain Bottle Cage,4,12/18/2013
"15699,707,""Sport-100 Helmet, Red"",4,1/11/2014"
"15699,715,""Long-Sleeve Logo Jersey, L"",3,1/11/2014"
15700,930,HL Mountain Tire,4,12/3/2013
15701,873,Patch Kit/8 Patches,4,8/29/2013
15701,923,Touring Tire Tube,4,8/29/2013
"15701,711,""Sport-100 Helmet, Blue"",4,3/7/2014"
15701,922,Road Tire Tube,4,3/7/2014
15702,872,Road Bottle Cage,4,2/1/2014
15702,877,Bike Wash - Dissolver,4,2/1/2014
15702,870,Water Bottle - 30 oz.,4,2/1/2014
15703,921,Mountain Tire Tube,4,6/30/2013
15703,930,HL Mountain Tire,4,6/30/2013
15705,930,HL Mountain Tire,4,10/20/2013
"15708,708,""Sport-100 Helmet, Black"",4,7/26/2013"
15708,921,Mountain Tire Tube,4,7/26/2013
15709,930,HL Mountain Tire,4,8/24/2013
15709,880,Hydration Pack - 70 oz.,4,8/24/2013
15710,932,ML Road Tire,4,12/22/2013
"15710,711,""Sport-100 Helmet, Blue"",4,12/22/2013"
"15710,713,""Long-Sleeve Logo Jersey, S"",3,12/22/2013"
15711,923,Touring Tire Tube,4,10/21/2013
15711,933,HL Road Tire,4,12/5/2013
"15711,708,""Sport-100 Helmet, Black"",4,12/5/2013"
"15711,714,""Long-Sleeve Logo Jersey, M"",3,10/21/2013"
15712,872,Road Bottle Cage,4,3/8/2014
15712,923,Touring Tire Tube,4,3/8/2014
15712,933,HL Road Tire,4,12/11/2013
15713,923,Touring Tire Tube,4,4/30/2014
15714,930,HL Mountain Tire,4,3/11/2014
15714,712,AWC Logo Cap,3,3/11/2014
15714,921,Mountain Tire Tube,4,3/11/2014
15715,932,ML Road Tire,4,12/29/2013
15715,871,Mountain Bottle Cage,4,4/3/2014
"15716,707,""Sport-100 Helmet, Red"",4,3/8/2014"
15716,712,AWC Logo Cap,3,3/8/2014
15717,921,Mountain Tire Tube,4,4/10/2014
15717,873,Patch Kit/8 Patches,4,4/10/2014
15718,922,Road Tire Tube,4,5/21/2014
"15718,707,""Sport-100 Helmet, Red"",4,2/16/2014"
"15719,865,""Classic Vest, M"",3,4/1/2014"
15720,877,Bike Wash - Dissolver,4,7/13/2013
15720,932,ML Road Tire,4,7/13/2013
15720,873,Patch Kit/8 Patches,4,7/13/2013
15721,880,Hydration Pack - 70 oz.,4,11/17/2013
15721,922,Road Tire Tube,4,11/17/2013
"15721,707,""Sport-100 Helmet, Red"",4,3/8/2014"
15722,880,Hydration Pack - 70 oz.,4,4/7/2014
"15723,711,""Sport-100 Helmet, Blue"",4,4/28/2014"
15723,930,HL Mountain Tire,4,4/28/2014
15724,870,Water Bottle - 30 oz.,4,4/24/2014
15725,870,Water Bottle - 30 oz.,4,4/6/2014
15725,871,Mountain Bottle Cage,4,4/6/2014
15726,878,Fender Set - Mountain,4,4/20/2014
"15727,715,""Long-Sleeve Logo Jersey, L"",3,10/9/2013"
15727,932,ML Road Tire,4,10/9/2013
"15727,708,""Sport-100 Helmet, Black"",4,5/7/2014"
"15728,711,""Sport-100 Helmet, Blue"",4,4/5/2014"
15728,922,Road Tire Tube,4,8/8/2013
15730,712,AWC Logo Cap,3,1/19/2014
"15730,883,""Short-Sleeve Classic Jersey, L"",3,1/19/2014"
"15730,711,""Sport-100 Helmet, Blue"",4,3/30/2014"
"15731,707,""Sport-100 Helmet, Red"",4,2/28/2014"
15733,871,Mountain Bottle Cage,4,4/13/2014
"15733,858,""Half-Finger Gloves, S"",3,4/13/2014"
"15733,707,""Sport-100 Helmet, Red"",4,4/13/2014"
"15735,711,""Sport-100 Helmet, Blue"",4,2/7/2014"
15735,932,ML Road Tire,4,11/21/2013
15735,873,Patch Kit/8 Patches,4,11/21/2013
"15735,715,""Long-Sleeve Logo Jersey, L"",3,2/7/2014"
15736,878,Fender Set - Mountain,4,4/9/2014
"15736,708,""Sport-100 Helmet, Black"",4,4/9/2014"
15736,921,Mountain Tire Tube,4,4/9/2014
15736,870,Water Bottle - 30 oz.,4,4/9/2014
15737,878,Fender Set - Mountain,4,1/29/2014
15737,871,Mountain Bottle Cage,4,1/29/2014
15737,873,Patch Kit/8 Patches,4,1/29/2014
15738,921,Mountain Tire Tube,4,5/18/2014
15738,879,All-Purpose Bike Stand,4,5/18/2014
15739,873,Patch Kit/8 Patches,4,1/30/2014
"15740,707,""Sport-100 Helmet, Red"",4,2/18/2014"
"15741,707,""Sport-100 Helmet, Red"",4,3/22/2014"
"15741,715,""Long-Sleeve Logo Jersey, L"",3,3/22/2014"
15742,921,Mountain Tire Tube,4,7/19/2013
"15743,707,""Sport-100 Helmet, Red"",4,4/26/2014"
15744,921,Mountain Tire Tube,4,1/16/2014
15745,921,Mountain Tire Tube,4,1/30/2014
"15745,713,""Long-Sleeve Logo Jersey, S"",3,1/30/2014"
"15747,711,""Sport-100 Helmet, Blue"",4,2/5/2014"
15748,929,ML Mountain Tire,4,10/29/2013
"15748,868,""Women's Mountain Shorts, M"",3,11/27/2013"
15748,878,Fender Set - Mountain,4,4/27/2014
"15748,707,""Sport-100 Helmet, Red"",4,4/27/2014"
"15748,713,""Long-Sleeve Logo Jersey, S"",3,10/29/2013"
15749,921,Mountain Tire Tube,4,6/19/2014
15752,921,Mountain Tire Tube,4,4/26/2014
15752,930,HL Mountain Tire,4,4/26/2014
15754,870,Water Bottle - 30 oz.,4,4/20/2014
15754,871,Mountain Bottle Cage,4,4/20/2014
"15756,707,""Sport-100 Helmet, Red"",4,4/8/2014"
15756,921,Mountain Tire Tube,4,4/8/2014
"15758,711,""Sport-100 Helmet, Blue"",4,6/7/2014"
"15758,707,""Sport-100 Helmet, Red"",4,6/26/2014"
15758,932,ML Road Tire,4,6/7/2014
"15759,707,""Sport-100 Helmet, Red"",4,8/21/2013"
15759,921,Mountain Tire Tube,4,8/21/2013
15760,871,Mountain Bottle Cage,4,11/30/2013
15760,923,Touring Tire Tube,4,10/31/2013
15760,870,Water Bottle - 30 oz.,4,11/30/2013
15760,873,Patch Kit/8 Patches,4,6/20/2014
15760,934,Touring Tire,4,10/31/2013
15760,930,HL Mountain Tire,4,6/20/2014
15761,923,Touring Tire Tube,4,4/7/2014
15761,921,Mountain Tire Tube,4,5/10/2014
15761,870,Water Bottle - 30 oz.,4,3/5/2014
"15761,708,""Sport-100 Helmet, Black"",4,5/10/2014"
15761,930,HL Mountain Tire,4,5/10/2014
15761,922,Road Tire Tube,4,6/28/2014
15761,712,AWC Logo Cap,3,3/5/2014
"15761,860,""Half-Finger Gloves, L"",3,5/10/2014"
15763,921,Mountain Tire Tube,4,8/23/2013
15763,928,LL Mountain Tire,4,8/23/2013
"15766,707,""Sport-100 Helmet, Red"",4,7/1/2013"
15766,873,Patch Kit/8 Patches,4,11/20/2013
15769,878,Fender Set - Mountain,4,2/6/2014
15770,930,HL Mountain Tire,4,2/8/2014
15770,871,Mountain Bottle Cage,4,2/8/2014
15770,878,Fender Set - Mountain,4,2/8/2014
15770,921,Mountain Tire Tube,4,2/8/2014
"15771,714,""Long-Sleeve Logo Jersey, M"",3,2/25/2014"
"15772,708,""Sport-100 Helmet, Black"",4,12/19/2013"
"15773,860,""Half-Finger Gloves, L"",3,12/27/2013"
"15773,707,""Sport-100 Helmet, Red"",4,12/27/2013"
15774,921,Mountain Tire Tube,4,9/8/2013
15775,877,Bike Wash - Dissolver,4,1/17/2014
15775,873,Patch Kit/8 Patches,4,1/17/2014
15777,921,Mountain Tire Tube,4,9/20/2013
"15778,708,""Sport-100 Helmet, Black"",4,2/21/2014"
15778,930,HL Mountain Tire,4,2/21/2014
15779,878,Fender Set - Mountain,4,10/21/2013
15779,921,Mountain Tire Tube,4,10/21/2013
15780,878,Fender Set - Mountain,4,2/15/2014
"15781,715,""Long-Sleeve Logo Jersey, L"",3,2/9/2014"
"15781,708,""Sport-100 Helmet, Black"",4,2/9/2014"
15782,873,Patch Kit/8 Patches,4,5/17/2014
15783,932,ML Road Tire,4,3/25/2014
"15783,708,""Sport-100 Helmet, Black"",4,3/25/2014"
15785,877,Bike Wash - Dissolver,4,4/1/2014
15787,922,Road Tire Tube,4,5/14/2014
"15787,884,""Short-Sleeve Classic Jersey, XL"",3,9/26/2013"
15787,871,Mountain Bottle Cage,4,9/26/2013
"15787,711,""Sport-100 Helmet, Blue"",4,9/26/2013"
"15787,707,""Sport-100 Helmet, Red"",4,5/14/2014"
15788,880,Hydration Pack - 70 oz.,4,4/4/2014
15789,878,Fender Set - Mountain,4,4/23/2014
"15790,708,""Sport-100 Helmet, Black"",4,7/30/2013"
15791,932,ML Road Tire,4,8/11/2013
15791,873,Patch Kit/8 Patches,4,5/4/2014
15791,871,Mountain Bottle Cage,4,5/4/2014
"15794,884,""Short-Sleeve Classic Jersey, XL"",3,8/23/2013"
15794,932,ML Road Tire,4,5/29/2014
"15795,875,""Racing Socks, L"",3,9/29/2013"
15795,932,ML Road Tire,4,9/13/2013
15795,922,Road Tire Tube,4,9/13/2013
"15795,858,""Half-Finger Gloves, S"",3,9/13/2013"
"15796,708,""Sport-100 Helmet, Black"",4,5/26/2014"
15797,878,Fender Set - Mountain,4,4/5/2014
"15798,707,""Sport-100 Helmet, Red"",4,11/10/2013"
15798,922,Road Tire Tube,4,11/10/2013
"15798,711,""Sport-100 Helmet, Blue"",4,9/12/2013"
15799,871,Mountain Bottle Cage,4,4/15/2014
15801,873,Patch Kit/8 Patches,4,4/29/2014
15802,921,Mountain Tire Tube,4,4/21/2014
15802,930,HL Mountain Tire,4,4/21/2014
15803,922,Road Tire Tube,4,4/21/2014
"15803,708,""Sport-100 Helmet, Black"",4,12/28/2013"
15803,932,ML Road Tire,4,4/21/2014
15804,932,ML Road Tire,4,5/14/2014
15804,922,Road Tire Tube,4,5/14/2014
"15804,708,""Sport-100 Helmet, Black"",4,5/16/2014"
"15805,865,""Classic Vest, M"",3,5/11/2014"
15805,922,Road Tire Tube,4,5/11/2014
"15805,708,""Sport-100 Helmet, Black"",4,5/19/2014"
"15806,711,""Sport-100 Helmet, Blue"",4,10/6/2013"
15806,932,ML Road Tire,4,10/6/2013
15806,933,HL Road Tire,4,7/29/2013
15806,922,Road Tire Tube,4,10/6/2013
15807,922,Road Tire Tube,4,5/15/2014
15807,933,HL Road Tire,4,5/15/2014
15807,932,ML Road Tire,4,8/31/2013
15809,933,HL Road Tire,4,7/25/2013
15810,873,Patch Kit/8 Patches,4,3/14/2014
15810,933,HL Road Tire,4,9/7/2013
15811,922,Road Tire Tube,4,9/6/2013
15811,929,ML Mountain Tire,4,12/17/2013
15811,933,HL Road Tire,4,9/6/2013
"15812,875,""Racing Socks, L"",3,10/20/2013"
"15812,707,""Sport-100 Helmet, Red"",4,10/20/2013"
15812,873,Patch Kit/8 Patches,4,4/5/2014
15812,929,ML Mountain Tire,4,10/20/2013
"15813,875,""Racing Socks, L"",3,2/12/2014"
15814,921,Mountain Tire Tube,4,3/12/2014
"15814,711,""Sport-100 Helmet, Blue"",4,3/12/2014"
15815,870,Water Bottle - 30 oz.,4,5/27/2014
15815,871,Mountain Bottle Cage,4,5/27/2014
"15815,708,""Sport-100 Helmet, Black"",4,9/19/2013"
15815,873,Patch Kit/8 Patches,4,2/15/2014
"15815,707,""Sport-100 Helmet, Red"",4,5/27/2014"
15816,880,Hydration Pack - 70 oz.,4,11/2/2013
15816,922,Road Tire Tube,4,8/29/2013
15816,933,HL Road Tire,4,8/29/2013
"15816,711,""Sport-100 Helmet, Blue"",4,7/24/2013"
15816,878,Fender Set - Mountain,4,7/24/2013
"15816,859,""Half-Finger Gloves, M"",3,7/24/2013"
"15817,711,""Sport-100 Helmet, Blue"",4,10/13/2013"
15817,921,Mountain Tire Tube,4,10/13/2013
15819,878,Fender Set - Mountain,4,2/10/2014
15820,878,Fender Set - Mountain,4,7/5/2013
"15821,874,""Racing Socks, M"",3,7/6/2013"
15822,877,Bike Wash - Dissolver,4,11/22/2013
15822,932,ML Road Tire,4,3/13/2014
15822,922,Road Tire Tube,4,3/13/2014
"15823,707,""Sport-100 Helmet, Red"",4,4/16/2014"
15823,922,Road Tire Tube,4,4/16/2014
"15824,881,""Short-Sleeve Classic Jersey, S"",3,8/16/2013"
15825,921,Mountain Tire Tube,4,6/16/2014
15826,712,AWC Logo Cap,3,6/23/2014
"15826,865,""Classic Vest, M"",3,7/19/2013"
15826,934,Touring Tire,4,1/16/2014
15826,871,Mountain Bottle Cage,4,6/23/2014
15826,873,Patch Kit/8 Patches,4,3/10/2014
15826,923,Touring Tire Tube,4,1/16/2014
15826,870,Water Bottle - 30 oz.,4,6/23/2014
15826,878,Fender Set - Mountain,4,7/19/2013
"15827,716,""Long-Sleeve Logo Jersey, XL"",3,8/27/2013"
"15827,875,""Racing Socks, L"",3,8/27/2013"
15827,870,Water Bottle - 30 oz.,4,8/27/2013
15827,878,Fender Set - Mountain,4,8/27/2013
15828,921,Mountain Tire Tube,4,10/2/2013
15828,871,Mountain Bottle Cage,4,10/2/2013
15828,876,Hitch Rack - 4-Bike,4,4/15/2014
15828,929,ML Mountain Tire,4,10/2/2013
15829,922,Road Tire Tube,4,11/11/2013
15829,932,ML Road Tire,4,10/3/2013
15830,871,Mountain Bottle Cage,4,8/29/2013
"15830,884,""Short-Sleeve Classic Jersey, XL"",3,8/29/2013"
15831,921,Mountain Tire Tube,4,8/5/2013
15831,928,LL Mountain Tire,4,8/5/2013
"15835,708,""Sport-100 Helmet, Black"",4,5/8/2014"
15835,921,Mountain Tire Tube,4,5/8/2014
15836,921,Mountain Tire Tube,4,3/16/2014
"15837,708,""Sport-100 Helmet, Black"",4,12/15/2013"
"15838,711,""Sport-100 Helmet, Blue"",4,9/29/2013"
15839,878,Fender Set - Mountain,4,10/6/2013
15842,921,Mountain Tire Tube,4,2/14/2014
"15842,711,""Sport-100 Helmet, Blue"",4,2/14/2014"
15843,930,HL Mountain Tire,4,2/15/2014
"15844,711,""Sport-100 Helmet, Blue"",4,2/24/2014"
15845,876,Hitch Rack - 4-Bike,4,2/15/2014
15846,879,All-Purpose Bike Stand,4,12/11/2013
15846,712,AWC Logo Cap,3,5/17/2014
15846,921,Mountain Tire Tube,4,12/11/2013
"15846,884,""Short-Sleeve Classic Jersey, XL"",3,5/17/2014"
15847,921,Mountain Tire Tube,4,6/22/2014
"15847,864,""Classic Vest, S"",3,1/6/2014"
15847,929,ML Mountain Tire,4,6/22/2014
"15847,713,""Long-Sleeve Logo Jersey, S"",3,10/14/2013"
15848,921,Mountain Tire Tube,4,5/29/2014
15849,873,Patch Kit/8 Patches,4,11/13/2013
15850,880,Hydration Pack - 70 oz.,4,12/5/2013
"15851,865,""Classic Vest, M"",3,2/5/2014"
15851,878,Fender Set - Mountain,4,2/5/2014
15853,921,Mountain Tire Tube,4,11/27/2013
15854,871,Mountain Bottle Cage,4,11/13/2013
15854,878,Fender Set - Mountain,4,11/13/2013
15854,870,Water Bottle - 30 oz.,4,11/13/2013
15855,873,Patch Kit/8 Patches,4,3/2/2014
15855,921,Mountain Tire Tube,4,3/2/2014
15856,921,Mountain Tire Tube,4,6/30/2013
15856,871,Mountain Bottle Cage,4,6/9/2014
"15856,869,""Women's Mountain Shorts, L"",3,9/16/2013"
15856,712,AWC Logo Cap,3,9/16/2013
15856,870,Water Bottle - 30 oz.,4,6/9/2014
15856,929,ML Mountain Tire,4,6/30/2013
15858,921,Mountain Tire Tube,4,12/22/2013
15859,933,HL Road Tire,4,3/8/2014
15859,870,Water Bottle - 30 oz.,4,12/16/2013
15859,878,Fender Set - Mountain,4,9/22/2013
15859,873,Patch Kit/8 Patches,4,3/8/2014
15861,921,Mountain Tire Tube,4,7/4/2013
"15862,707,""Sport-100 Helmet, Red"",4,8/4/2013"
15863,871,Mountain Bottle Cage,4,11/28/2013
15863,870,Water Bottle - 30 oz.,4,11/28/2013
15863,933,HL Road Tire,4,12/14/2013
15863,922,Road Tire Tube,4,12/14/2013
15863,880,Hydration Pack - 70 oz.,4,11/28/2013
15863,878,Fender Set - Mountain,4,9/6/2013
15864,871,Mountain Bottle Cage,4,10/8/2013
15864,933,HL Road Tire,4,3/10/2014
"15864,711,""Sport-100 Helmet, Blue"",4,3/10/2014"
15864,878,Fender Set - Mountain,4,12/10/2013
15865,870,Water Bottle - 30 oz.,4,9/14/2013
15865,871,Mountain Bottle Cage,4,9/14/2013
15866,922,Road Tire Tube,4,8/14/2013
15866,878,Fender Set - Mountain,4,4/21/2014
15866,873,Patch Kit/8 Patches,4,8/14/2013
"15866,707,""Sport-100 Helmet, Red"",4,3/28/2014"
15866,933,HL Road Tire,4,8/14/2013
15866,870,Water Bottle - 30 oz.,4,3/28/2014
15867,873,Patch Kit/8 Patches,4,5/15/2014
15868,712,AWC Logo Cap,3,6/30/2014
15868,922,Road Tire Tube,4,6/9/2014
15868,933,HL Road Tire,4,6/9/2014
15868,878,Fender Set - Mountain,4,6/30/2014
"15868,858,""Half-Finger Gloves, S"",3,6/9/2014"
15868,870,Water Bottle - 30 oz.,4,10/19/2013
15869,921,Mountain Tire Tube,4,8/5/2013
15870,921,Mountain Tire Tube,4,10/18/2013
"15871,708,""Sport-100 Helmet, Black"",4,8/29/2013"
15872,871,Mountain Bottle Cage,4,4/4/2014
15872,933,HL Road Tire,4,5/17/2014
"15872,866,""Classic Vest, L"",3,5/17/2014"
15872,922,Road Tire Tube,4,5/17/2014
15872,870,Water Bottle - 30 oz.,4,4/4/2014
"15872,865,""Classic Vest, M"",3,4/10/2014"
15873,878,Fender Set - Mountain,4,2/16/2014
15873,871,Mountain Bottle Cage,4,2/16/2014
15873,712,AWC Logo Cap,3,2/16/2014
15874,921,Mountain Tire Tube,4,1/26/2014
"15874,707,""Sport-100 Helmet, Red"",4,1/26/2014"
"15874,867,""Women's Mountain Shorts, S"",3,7/30/2013"
"15874,864,""Classic Vest, S"",3,4/5/2014"
15875,873,Patch Kit/8 Patches,4,9/8/2013
15875,877,Bike Wash - Dissolver,4,9/8/2013
15876,878,Fender Set - Mountain,4,12/10/2013
"15876,874,""Racing Socks, M"",3,12/10/2013"
15877,921,Mountain Tire Tube,4,5/28/2014
15878,712,AWC Logo Cap,3,4/18/2014
"15878,707,""Sport-100 Helmet, Red"",4,8/11/2013"
15878,929,ML Mountain Tire,4,8/11/2013
15878,921,Mountain Tire Tube,4,8/11/2013
15878,878,Fender Set - Mountain,4,1/29/2014
"15879,869,""Women's Mountain Shorts, L"",3,9/6/2013"
15879,921,Mountain Tire Tube,4,1/15/2014
15879,929,ML Mountain Tire,4,1/15/2014
"15879,708,""Sport-100 Helmet, Black"",4,1/15/2014"
15880,876,Hitch Rack - 4-Bike,4,8/16/2013
15880,921,Mountain Tire Tube,4,8/16/2013
15882,928,LL Mountain Tire,4,9/15/2013
15883,921,Mountain Tire Tube,4,9/4/2013
15883,712,AWC Logo Cap,3,9/4/2013
15883,878,Fender Set - Mountain,4,9/4/2013
"15884,707,""Sport-100 Helmet, Red"",4,10/7/2013"
15885,871,Mountain Bottle Cage,4,9/27/2013
"15885,708,""Sport-100 Helmet, Black"",4,9/27/2013"
"15886,859,""Half-Finger Gloves, M"",3,9/11/2013"
"15887,708,""Sport-100 Helmet, Black"",4,5/27/2014"
"15888,883,""Short-Sleeve Classic Jersey, L"",3,2/15/2014"
15889,872,Road Bottle Cage,4,5/10/2014
15889,876,Hitch Rack - 4-Bike,4,12/19/2013
"15889,711,""Sport-100 Helmet, Blue"",4,5/10/2014"
15890,873,Patch Kit/8 Patches,4,10/23/2013
"15891,711,""Sport-100 Helmet, Blue"",4,5/28/2014"
15892,870,Water Bottle - 30 oz.,4,11/27/2013
15892,871,Mountain Bottle Cage,4,11/27/2013
15893,878,Fender Set - Mountain,4,11/23/2013
"15893,714,""Long-Sleeve Logo Jersey, M"",3,11/23/2013"
"15894,716,""Long-Sleeve Logo Jersey, XL"",3,9/5/2013"
"15894,708,""Sport-100 Helmet, Black"",4,9/5/2013"
15895,878,Fender Set - Mountain,4,11/24/2013
15895,921,Mountain Tire Tube,4,11/24/2013
15896,921,Mountain Tire Tube,4,2/4/2014
15897,871,Mountain Bottle Cage,4,2/2/2014
15897,870,Water Bottle - 30 oz.,4,2/2/2014
15898,873,Patch Kit/8 Patches,4,4/7/2014
"15899,874,""Racing Socks, M"",3,1/29/2014"
15900,870,Water Bottle - 30 oz.,4,8/8/2013
15900,871,Mountain Bottle Cage,4,8/8/2013
"15902,707,""Sport-100 Helmet, Red"",4,11/5/2013"
15902,870,Water Bottle - 30 oz.,4,11/5/2013
15903,871,Mountain Bottle Cage,4,11/5/2013
"15903,707,""Sport-100 Helmet, Red"",4,11/5/2013"
15904,878,Fender Set - Mountain,4,10/31/2013
15905,878,Fender Set - Mountain,4,12/12/2013
15905,879,All-Purpose Bike Stand,4,12/12/2013
15905,872,Road Bottle Cage,4,5/6/2014
"15906,711,""Sport-100 Helmet, Blue"",4,5/28/2014"
15908,870,Water Bottle - 30 oz.,4,12/12/2013
15908,871,Mountain Bottle Cage,4,12/12/2013
"15908,881,""Short-Sleeve Classic Jersey, S"",3,12/12/2013"
15909,873,Patch Kit/8 Patches,4,12/19/2013
15909,921,Mountain Tire Tube,4,12/19/2013
15910,921,Mountain Tire Tube,4,8/22/2013
15911,921,Mountain Tire Tube,4,3/9/2014
15912,921,Mountain Tire Tube,4,11/6/2013
"15912,707,""Sport-100 Helmet, Red"",4,11/6/2013"
15913,928,LL Mountain Tire,4,8/27/2013
15913,876,Hitch Rack - 4-Bike,4,8/27/2013
15916,872,Road Bottle Cage,4,5/7/2014
15916,877,Bike Wash - Dissolver,4,5/7/2014
15916,873,Patch Kit/8 Patches,4,1/4/2014
15916,930,HL Mountain Tire,4,1/4/2014
15918,878,Fender Set - Mountain,4,2/25/2014
15919,712,AWC Logo Cap,3,5/26/2014
15919,923,Touring Tire Tube,4,5/26/2014
"15921,707,""Sport-100 Helmet, Red"",4,12/17/2013"
15921,871,Mountain Bottle Cage,4,12/17/2013
"15921,711,""Sport-100 Helmet, Blue"",4,2/27/2014"
15922,877,Bike Wash - Dissolver,4,7/19/2013
15922,712,AWC Logo Cap,3,3/1/2014
15922,923,Touring Tire Tube,4,7/19/2013
15922,873,Patch Kit/8 Patches,4,7/19/2013
15923,871,Mountain Bottle Cage,4,12/3/2013
"15923,707,""Sport-100 Helmet, Red"",4,5/14/2014"
"15923,860,""Half-Finger Gloves, L"",3,12/3/2013"
"15923,881,""Short-Sleeve Classic Jersey, S"",3,5/14/2014"
"15924,715,""Long-Sleeve Logo Jersey, L"",3,11/7/2013"
"15924,714,""Long-Sleeve Logo Jersey, M"",3,12/31/2013"
15926,870,Water Bottle - 30 oz.,4,12/9/2013
15926,871,Mountain Bottle Cage,4,12/9/2013
15926,934,Touring Tire,4,10/1/2013
15926,712,AWC Logo Cap,3,10/1/2013
15927,930,HL Mountain Tire,4,12/2/2013
15927,873,Patch Kit/8 Patches,4,12/2/2013
15928,871,Mountain Bottle Cage,4,12/23/2013
"15928,707,""Sport-100 Helmet, Red"",4,10/22/2013"
15928,870,Water Bottle - 30 oz.,4,12/23/2013
15929,712,AWC Logo Cap,3,2/10/2014
15929,870,Water Bottle - 30 oz.,4,1/15/2014
15929,871,Mountain Bottle Cage,4,1/15/2014
15930,921,Mountain Tire Tube,4,2/6/2014
15930,712,AWC Logo Cap,3,2/6/2014
"15930,707,""Sport-100 Helmet, Red"",4,2/6/2014"
15931,870,Water Bottle - 30 oz.,4,1/10/2014
"15931,708,""Sport-100 Helmet, Black"",4,8/22/2013"
15931,712,AWC Logo Cap,3,1/10/2014
15932,880,Hydration Pack - 70 oz.,4,1/21/2014
15933,873,Patch Kit/8 Patches,4,1/10/2014
15933,923,Touring Tire Tube,4,2/10/2014
"15933,708,""Sport-100 Helmet, Black"",4,2/10/2014"
15934,880,Hydration Pack - 70 oz.,4,2/8/2014
15934,870,Water Bottle - 30 oz.,4,2/8/2014
15935,921,Mountain Tire Tube,4,9/18/2013
15936,921,Mountain Tire Tube,4,4/3/2014
15937,930,HL Mountain Tire,4,2/28/2014
15937,873,Patch Kit/8 Patches,4,2/28/2014
15938,921,Mountain Tire Tube,4,3/27/2014
"15939,708,""Sport-100 Helmet, Black"",4,12/2/2013"
15940,921,Mountain Tire Tube,4,7/30/2013
"15942,711,""Sport-100 Helmet, Blue"",4,2/21/2014"
"15942,867,""Women's Mountain Shorts, S"",3,12/8/2013"
15942,921,Mountain Tire Tube,4,2/21/2014
15942,877,Bike Wash - Dissolver,4,12/22/2013
"15943,869,""Women's Mountain Shorts, L"",3,1/26/2014"
15943,929,ML Mountain Tire,4,8/20/2013
"15943,707,""Sport-100 Helmet, Red"",4,10/27/2013"
"15943,860,""Half-Finger Gloves, L"",3,10/27/2013"
15943,878,Fender Set - Mountain,4,10/27/2013
15943,712,AWC Logo Cap,3,1/26/2014
15943,876,Hitch Rack - 4-Bike,4,8/20/2013
15944,870,Water Bottle - 30 oz.,4,1/30/2014
15944,876,Hitch Rack - 4-Bike,4,1/30/2014
15944,878,Fender Set - Mountain,4,1/30/2014
15945,921,Mountain Tire Tube,4,12/31/2013
"15946,707,""Sport-100 Helmet, Red"",4,9/22/2013"
"15946,865,""Classic Vest, M"",3,9/22/2013"
15947,921,Mountain Tire Tube,4,1/30/2014
15948,871,Mountain Bottle Cage,4,2/12/2014
15950,873,Patch Kit/8 Patches,4,3/11/2014
"15951,707,""Sport-100 Helmet, Red"",4,9/21/2013"
15952,878,Fender Set - Mountain,4,2/9/2014
15954,871,Mountain Bottle Cage,4,2/14/2014
15955,921,Mountain Tire Tube,4,11/9/2013
15957,879,All-Purpose Bike Stand,4,12/22/2013
"15958,865,""Classic Vest, M"",3,10/23/2013"
15959,930,HL Mountain Tire,4,2/9/2014
15961,878,Fender Set - Mountain,4,2/14/2014
15962,921,Mountain Tire Tube,4,4/25/2014
"15962,711,""Sport-100 Helmet, Blue"",4,4/25/2014"
15963,921,Mountain Tire Tube,4,9/3/2013
"15963,716,""Long-Sleeve Logo Jersey, XL"",3,9/3/2013"
15964,871,Mountain Bottle Cage,4,2/21/2014
"15965,875,""Racing Socks, L"",3,2/16/2014"
15969,871,Mountain Bottle Cage,4,2/11/2014
15970,921,Mountain Tire Tube,4,10/28/2013
15971,921,Mountain Tire Tube,4,11/19/2013
15972,921,Mountain Tire Tube,4,2/28/2014
15972,930,HL Mountain Tire,4,2/28/2014
"15972,875,""Racing Socks, L"",3,2/28/2014"
"15973,708,""Sport-100 Helmet, Black"",4,5/5/2014"
"15974,707,""Sport-100 Helmet, Red"",4,7/24/2013"
"15974,869,""Women's Mountain Shorts, L"",3,4/22/2014"
15974,921,Mountain Tire Tube,4,7/24/2013
15974,878,Fender Set - Mountain,4,12/15/2013
15975,873,Patch Kit/8 Patches,4,2/18/2014
15975,879,All-Purpose Bike Stand,4,2/18/2014
"15977,708,""Sport-100 Helmet, Black"",4,3/30/2014"
15978,873,Patch Kit/8 Patches,4,4/25/2014
15981,921,Mountain Tire Tube,4,10/4/2013
"15983,707,""Sport-100 Helmet, Red"",4,1/30/2014"
15985,878,Fender Set - Mountain,4,2/2/2014
15986,870,Water Bottle - 30 oz.,4,12/14/2013
"15986,708,""Sport-100 Helmet, Black"",4,12/14/2013"
"15986,715,""Long-Sleeve Logo Jersey, L"",3,12/14/2013"
15987,878,Fender Set - Mountain,4,1/24/2014
15988,878,Fender Set - Mountain,4,3/28/2014
15988,877,Bike Wash - Dissolver,4,3/28/2014
15988,880,Hydration Pack - 70 oz.,4,3/28/2014
15989,880,Hydration Pack - 70 oz.,4,2/7/2014
15991,873,Patch Kit/8 Patches,4,2/4/2014
15992,880,Hydration Pack - 70 oz.,4,1/31/2014
15992,870,Water Bottle - 30 oz.,4,1/31/2014
15992,871,Mountain Bottle Cage,4,1/31/2014
15993,873,Patch Kit/8 Patches,4,10/23/2013
15993,928,LL Mountain Tire,4,10/23/2013
15994,871,Mountain Bottle Cage,4,12/31/2013
15994,870,Water Bottle - 30 oz.,4,12/31/2013
15995,870,Water Bottle - 30 oz.,4,1/14/2014
15995,871,Mountain Bottle Cage,4,1/14/2014
15997,930,HL Mountain Tire,4,1/9/2014
15997,921,Mountain Tire Tube,4,1/9/2014
15998,880,Hydration Pack - 70 oz.,4,2/8/2014
16000,878,Fender Set - Mountain,4,1/9/2014
16000,870,Water Bottle - 30 oz.,4,1/9/2014
"16000,711,""Sport-100 Helmet, Blue"",4,5/7/2014"
16000,877,Bike Wash - Dissolver,4,1/9/2014
16001,921,Mountain Tire Tube,4,8/8/2013
16002,878,Fender Set - Mountain,4,8/3/2013
"16002,708,""Sport-100 Helmet, Black"",4,8/3/2013"
16004,878,Fender Set - Mountain,4,2/11/2014
16004,930,HL Mountain Tire,4,2/11/2014
16004,921,Mountain Tire Tube,4,2/11/2014
16004,879,All-Purpose Bike Stand,4,2/11/2014
16005,929,ML Mountain Tire,4,8/20/2013
"16005,867,""Women's Mountain Shorts, S"",3,7/12/2013"
16005,878,Fender Set - Mountain,4,1/4/2014
16005,873,Patch Kit/8 Patches,4,8/20/2013
16006,921,Mountain Tire Tube,4,10/27/2013
"16009,867,""Women's Mountain Shorts, S"",3,1/1/2014"
"16009,884,""Short-Sleeve Classic Jersey, XL"",3,3/4/2014"
16009,878,Fender Set - Mountain,4,3/4/2014
16010,921,Mountain Tire Tube,4,12/29/2013
"16011,860,""Half-Finger Gloves, L"",3,1/28/2014"
16011,877,Bike Wash - Dissolver,4,1/28/2014
16011,880,Hydration Pack - 70 oz.,4,1/28/2014
"16012,868,""Women's Mountain Shorts, M"",3,9/27/2013"
16012,873,Patch Kit/8 Patches,4,11/22/2013
16013,921,Mountain Tire Tube,4,7/20/2013
"16013,713,""Long-Sleeve Logo Jersey, S"",3,7/20/2013"
16014,921,Mountain Tire Tube,4,1/2/2014
16016,929,ML Mountain Tire,4,3/16/2014
16016,872,Road Bottle Cage,4,12/3/2013
16016,934,Touring Tire,4,12/3/2013
"16016,708,""Sport-100 Helmet, Black"",4,3/16/2014"
16016,923,Touring Tire Tube,4,12/3/2013
16017,880,Hydration Pack - 70 oz.,4,12/31/2013
"16018,711,""Sport-100 Helmet, Blue"",4,7/7/2013"
"16018,715,""Long-Sleeve Logo Jersey, L"",3,7/7/2013"
16020,878,Fender Set - Mountain,4,10/6/2013
16022,871,Mountain Bottle Cage,4,1/6/2014
"16022,708,""Sport-100 Helmet, Black"",4,1/6/2014"
16023,921,Mountain Tire Tube,4,1/9/2014
"16023,707,""Sport-100 Helmet, Red"",4,1/9/2014"
16023,880,Hydration Pack - 70 oz.,4,9/12/2013
16023,923,Touring Tire Tube,4,9/12/2013
16023,934,Touring Tire,4,9/12/2013
"16025,711,""Sport-100 Helmet, Blue"",4,5/8/2014"
16030,921,Mountain Tire Tube,4,3/31/2014
16030,923,Touring Tire Tube,4,6/22/2014
16030,929,ML Mountain Tire,4,3/31/2014
16030,873,Patch Kit/8 Patches,4,6/22/2014
16032,923,Touring Tire Tube,4,9/23/2013
16032,878,Fender Set - Mountain,4,7/26/2013
"16032,707,""Sport-100 Helmet, Red"",4,9/23/2013"
16034,873,Patch Kit/8 Patches,4,4/27/2014
"16035,859,""Half-Finger Gloves, M"",3,6/26/2014"
16035,878,Fender Set - Mountain,4,6/26/2014
16036,878,Fender Set - Mountain,4,9/18/2013
"16036,711,""Sport-100 Helmet, Blue"",4,11/26/2013"
16037,921,Mountain Tire Tube,4,11/13/2013
16038,878,Fender Set - Mountain,4,1/22/2014
16038,923,Touring Tire Tube,4,5/12/2014
16038,880,Hydration Pack - 70 oz.,4,5/12/2014
"16040,708,""Sport-100 Helmet, Black"",4,8/3/2013"
16040,921,Mountain Tire Tube,4,8/3/2013
"16041,707,""Sport-100 Helmet, Red"",4,7/1/2013"
16041,921,Mountain Tire Tube,4,7/1/2013
16043,878,Fender Set - Mountain,4,10/13/2013
"16043,711,""Sport-100 Helmet, Blue"",4,5/8/2014"
16044,921,Mountain Tire Tube,4,8/17/2013
16045,712,AWC Logo Cap,3,5/20/2014
"16045,716,""Long-Sleeve Logo Jersey, XL"",3,5/20/2014"
16048,921,Mountain Tire Tube,4,9/16/2013
16049,921,Mountain Tire Tube,4,12/5/2013
16050,878,Fender Set - Mountain,4,3/19/2014
"16050,708,""Sport-100 Helmet, Black"",4,8/7/2013"
16050,871,Mountain Bottle Cage,4,3/19/2014
16050,923,Touring Tire Tube,4,8/7/2013
"16053,875,""Racing Socks, L"",3,11/5/2013"
16054,712,AWC Logo Cap,3,5/20/2014
16054,878,Fender Set - Mountain,4,12/12/2013
16055,878,Fender Set - Mountain,4,9/13/2013
16055,921,Mountain Tire Tube,4,9/13/2013
"16055,860,""Half-Finger Gloves, L"",3,9/13/2013"
16055,871,Mountain Bottle Cage,4,9/13/2013
16056,928,LL Mountain Tire,4,2/25/2014
"16057,708,""Sport-100 Helmet, Black"",4,7/15/2013"
"16058,874,""Racing Socks, M"",3,4/8/2014"
16058,873,Patch Kit/8 Patches,4,10/1/2013
16058,923,Touring Tire Tube,4,10/1/2013
16059,878,Fender Set - Mountain,4,8/18/2013
16059,876,Hitch Rack - 4-Bike,4,8/18/2013
16060,873,Patch Kit/8 Patches,4,6/25/2014
16061,928,LL Mountain Tire,4,1/12/2014
16062,921,Mountain Tire Tube,4,5/19/2014
16064,921,Mountain Tire Tube,4,1/28/2014
16065,921,Mountain Tire Tube,4,2/10/2014
16065,928,LL Mountain Tire,4,2/10/2014
16066,871,Mountain Bottle Cage,4,2/12/2014
"16066,711,""Sport-100 Helmet, Blue"",4,2/12/2014"
16066,878,Fender Set - Mountain,4,2/12/2014
16067,871,Mountain Bottle Cage,4,2/1/2014
16067,877,Bike Wash - Dissolver,4,2/1/2014
16067,870,Water Bottle - 30 oz.,4,2/1/2014
16067,880,Hydration Pack - 70 oz.,4,2/1/2014
16068,870,Water Bottle - 30 oz.,4,2/18/2014
16068,712,AWC Logo Cap,3,2/18/2014
16069,871,Mountain Bottle Cage,4,2/12/2014
"16070,708,""Sport-100 Helmet, Black"",4,6/7/2014"
"16071,708,""Sport-100 Helmet, Black"",4,2/10/2014"
16071,922,Road Tire Tube,4,6/6/2014
16071,933,HL Road Tire,4,6/6/2014
16071,878,Fender Set - Mountain,4,2/10/2014
16072,921,Mountain Tire Tube,4,3/14/2014
16072,879,All-Purpose Bike Stand,4,3/14/2014
"16073,708,""Sport-100 Helmet, Black"",4,5/14/2014"
"16073,859,""Half-Finger Gloves, M"",3,5/14/2014"
"16074,707,""Sport-100 Helmet, Red"",4,10/16/2013"
16075,873,Patch Kit/8 Patches,4,3/28/2014
16076,873,Patch Kit/8 Patches,4,6/17/2014
16077,878,Fender Set - Mountain,4,2/19/2014
"16077,708,""Sport-100 Helmet, Black"",4,2/19/2014"
16078,930,HL Mountain Tire,4,2/11/2014
16078,870,Water Bottle - 30 oz.,4,2/11/2014
16078,921,Mountain Tire Tube,4,2/11/2014
16078,871,Mountain Bottle Cage,4,2/11/2014
16079,877,Bike Wash - Dissolver,4,2/9/2014
16080,928,LL Mountain Tire,4,2/8/2014
16082,921,Mountain Tire Tube,4,11/27/2013
"16085,707,""Sport-100 Helmet, Red"",4,12/2/2013"
16085,871,Mountain Bottle Cage,4,7/10/2013
16085,870,Water Bottle - 30 oz.,4,7/10/2013
16085,878,Fender Set - Mountain,4,11/3/2013
"16085,711,""Sport-100 Helmet, Blue"",4,11/3/2013"
16086,878,Fender Set - Mountain,4,3/30/2014
16086,880,Hydration Pack - 70 oz.,4,3/30/2014
16087,930,HL Mountain Tire,4,3/16/2014
"16087,707,""Sport-100 Helmet, Red"",4,3/16/2014"
16088,921,Mountain Tire Tube,4,10/21/2013
"16089,859,""Half-Finger Gloves, M"",3,4/4/2014"
16089,878,Fender Set - Mountain,4,10/20/2013
16089,871,Mountain Bottle Cage,4,4/4/2014
"16089,707,""Sport-100 Helmet, Red"",4,3/27/2014"
16089,879,All-Purpose Bike Stand,4,10/20/2013
"16089,884,""Short-Sleeve Classic Jersey, XL"",3,4/4/2014"
16090,928,LL Mountain Tire,4,3/17/2014
16090,921,Mountain Tire Tube,4,3/17/2014
"16091,707,""Sport-100 Helmet, Red"",4,11/26/2013"
16092,921,Mountain Tire Tube,4,2/24/2014
16093,870,Water Bottle - 30 oz.,4,2/28/2014
16094,873,Patch Kit/8 Patches,4,2/14/2014
"16096,716,""Long-Sleeve Logo Jersey, XL"",3,10/26/2013"
16096,933,HL Road Tire,4,10/26/2013
"16096,874,""Racing Socks, M"",3,3/27/2014"
"16096,875,""Racing Socks, L"",3,8/1/2013"
"16096,859,""Half-Finger Gloves, M"",3,10/26/2013"
16096,870,Water Bottle - 30 oz.,4,3/27/2014
"16096,715,""Long-Sleeve Logo Jersey, L"",3,8/1/2013"
16097,933,HL Road Tire,4,7/12/2013
16097,922,Road Tire Tube,4,7/12/2013
"16097,711,""Sport-100 Helmet, Blue"",4,12/17/2013"
16097,871,Mountain Bottle Cage,4,7/2/2013
16098,872,Road Bottle Cage,4,6/25/2013
"16098,707,""Sport-100 Helmet, Red"",4,1/16/2014"
16098,871,Mountain Bottle Cage,4,1/16/2014
"16099,711,""Sport-100 Helmet, Blue"",4,5/1/2014"
16099,921,Mountain Tire Tube,4,5/1/2014
"16100,711,""Sport-100 Helmet, Blue"",4,3/8/2014"
16100,870,Water Bottle - 30 oz.,4,3/8/2014
16102,870,Water Bottle - 30 oz.,4,2/20/2014
16102,712,AWC Logo Cap,3,2/20/2014
"16103,716,""Long-Sleeve Logo Jersey, XL"",3,7/30/2013"
16104,930,HL Mountain Tire,4,3/30/2014
16104,880,Hydration Pack - 70 oz.,4,3/30/2014
16105,871,Mountain Bottle Cage,4,3/1/2014
"16105,707,""Sport-100 Helmet, Red"",4,3/1/2014"
16106,871,Mountain Bottle Cage,4,6/15/2014
16106,712,AWC Logo Cap,3,6/15/2014
16106,880,Hydration Pack - 70 oz.,4,11/4/2013
16106,870,Water Bottle - 30 oz.,4,6/15/2014
16107,921,Mountain Tire Tube,4,10/14/2013
16108,871,Mountain Bottle Cage,4,3/21/2014
"16108,881,""Short-Sleeve Classic Jersey, S"",3,3/21/2014"
"16110,865,""Classic Vest, M"",3,3/26/2014"
16111,870,Water Bottle - 30 oz.,4,3/7/2014
"16111,875,""Racing Socks, L"",3,3/7/2014"
16111,878,Fender Set - Mountain,4,3/7/2014
16112,870,Water Bottle - 30 oz.,4,3/3/2014
16112,871,Mountain Bottle Cage,4,3/3/2014
16113,878,Fender Set - Mountain,4,3/14/2014
16113,930,HL Mountain Tire,4,3/14/2014
16113,921,Mountain Tire Tube,4,3/14/2014
16115,921,Mountain Tire Tube,4,8/28/2013
16117,921,Mountain Tire Tube,4,4/23/2014
"16117,707,""Sport-100 Helmet, Red"",4,4/23/2014"
"16117,858,""Half-Finger Gloves, S"",3,4/23/2014"
16118,880,Hydration Pack - 70 oz.,4,3/23/2014
16118,879,All-Purpose Bike Stand,4,3/23/2014
16118,877,Bike Wash - Dissolver,4,3/23/2014
16119,921,Mountain Tire Tube,4,7/11/2013
16120,921,Mountain Tire Tube,4,4/1/2014
16121,928,LL Mountain Tire,4,4/25/2014
16122,921,Mountain Tire Tube,4,3/8/2014
16123,871,Mountain Bottle Cage,4,4/7/2014
"16124,711,""Sport-100 Helmet, Blue"",4,4/20/2014"
16124,870,Water Bottle - 30 oz.,4,4/20/2014
16124,871,Mountain Bottle Cage,4,4/20/2014
16125,871,Mountain Bottle Cage,4,5/5/2014
16125,712,AWC Logo Cap,3,5/5/2014
16126,871,Mountain Bottle Cage,4,3/1/2014
16127,870,Water Bottle - 30 oz.,4,3/16/2014
"16127,866,""Classic Vest, L"",3,3/16/2014"
16130,878,Fender Set - Mountain,4,2/11/2014
"16130,711,""Sport-100 Helmet, Blue"",4,2/11/2014"
16131,921,Mountain Tire Tube,4,4/7/2014
16131,879,All-Purpose Bike Stand,4,4/7/2014
16132,872,Road Bottle Cage,4,6/20/2013
16132,873,Patch Kit/8 Patches,4,6/20/2013
16133,922,Road Tire Tube,4,7/10/2013
16133,871,Mountain Bottle Cage,4,5/25/2014
16133,873,Patch Kit/8 Patches,4,7/10/2013
16133,870,Water Bottle - 30 oz.,4,5/25/2014
16133,933,HL Road Tire,4,7/10/2013
"16133,708,""Sport-100 Helmet, Black"",4,6/6/2014"
16134,921,Mountain Tire Tube,4,9/26/2013
16135,871,Mountain Bottle Cage,4,4/6/2014
16137,871,Mountain Bottle Cage,4,4/11/2014
"16139,714,""Long-Sleeve Logo Jersey, M"",3,4/11/2014"
16139,921,Mountain Tire Tube,4,4/11/2014
16139,928,LL Mountain Tire,4,4/11/2014
"16140,708,""Sport-100 Helmet, Black"",4,8/25/2013"
16141,871,Mountain Bottle Cage,4,4/1/2014
"16141,711,""Sport-100 Helmet, Blue"",4,4/1/2014"
16142,871,Mountain Bottle Cage,4,4/8/2014
16142,712,AWC Logo Cap,3,4/8/2014
16143,878,Fender Set - Mountain,4,9/15/2013
"16144,708,""Sport-100 Helmet, Black"",4,3/17/2014"
16147,921,Mountain Tire Tube,4,3/28/2014
16147,930,HL Mountain Tire,4,3/28/2014
16147,877,Bike Wash - Dissolver,4,3/28/2014
16147,873,Patch Kit/8 Patches,4,3/28/2014
16149,922,Road Tire Tube,4,12/20/2013
16149,871,Mountain Bottle Cage,4,2/23/2014
16149,880,Hydration Pack - 70 oz.,4,2/23/2014
16149,870,Water Bottle - 30 oz.,4,2/23/2014
16149,933,HL Road Tire,4,12/20/2013
16150,880,Hydration Pack - 70 oz.,4,4/13/2014
"16151,711,""Sport-100 Helmet, Blue"",4,4/3/2014"
16151,871,Mountain Bottle Cage,4,4/3/2014
16151,870,Water Bottle - 30 oz.,4,4/3/2014
"16152,858,""Half-Finger Gloves, S"",3,3/22/2014"
"16152,708,""Sport-100 Helmet, Black"",4,3/22/2014"
16153,870,Water Bottle - 30 oz.,4,1/12/2014
16155,878,Fender Set - Mountain,4,4/20/2014
16155,930,HL Mountain Tire,4,4/20/2014
16159,930,HL Mountain Tire,4,5/25/2014
16159,873,Patch Kit/8 Patches,4,5/25/2014
16160,928,LL Mountain Tire,4,11/18/2013
"16161,708,""Sport-100 Helmet, Black"",4,12/26/2013"
16161,878,Fender Set - Mountain,4,12/26/2013
16162,921,Mountain Tire Tube,4,4/17/2014
"16162,708,""Sport-100 Helmet, Black"",4,4/17/2014"
"16162,881,""Short-Sleeve Classic Jersey, S"",3,4/17/2014"
16162,929,ML Mountain Tire,4,4/17/2014
16162,922,Road Tire Tube,4,12/20/2013
16163,921,Mountain Tire Tube,4,2/4/2014
16165,933,HL Road Tire,4,2/21/2014
16165,877,Bike Wash - Dissolver,4,12/9/2013
16165,929,ML Mountain Tire,4,12/9/2013
16165,921,Mountain Tire Tube,4,12/9/2013
16166,933,HL Road Tire,4,3/15/2014
16166,929,ML Mountain Tire,4,7/15/2013
16166,873,Patch Kit/8 Patches,4,3/15/2014
16166,922,Road Tire Tube,4,3/15/2014
16167,921,Mountain Tire Tube,4,5/20/2014
"16167,711,""Sport-100 Helmet, Blue"",4,5/20/2014"
16167,933,HL Road Tire,4,1/16/2014
16168,929,ML Mountain Tire,4,8/29/2013
16168,933,HL Road Tire,4,7/24/2013
16168,873,Patch Kit/8 Patches,4,8/29/2013
16168,877,Bike Wash - Dissolver,4,8/29/2013
16170,922,Road Tire Tube,4,6/30/2014
16170,933,HL Road Tire,4,6/30/2014
16170,929,ML Mountain Tire,4,1/18/2014
16170,873,Patch Kit/8 Patches,4,1/18/2014
16171,873,Patch Kit/8 Patches,4,9/6/2013
16171,933,HL Road Tire,4,10/10/2013
16171,929,ML Mountain Tire,4,9/6/2013
"16171,711,""Sport-100 Helmet, Blue"",4,10/10/2013"
16172,929,ML Mountain Tire,4,1/2/2014
16172,880,Hydration Pack - 70 oz.,4,3/25/2014
"16172,711,""Sport-100 Helmet, Blue"",4,1/2/2014"
16172,922,Road Tire Tube,4,3/25/2014
16172,933,HL Road Tire,4,3/25/2014
16173,873,Patch Kit/8 Patches,4,7/27/2013
16173,922,Road Tire Tube,4,11/2/2013
16173,932,ML Road Tire,4,7/27/2013
"16174,874,""Racing Socks, M"",3,11/18/2013"
16174,932,ML Road Tire,4,9/3/2013
"16174,707,""Sport-100 Helmet, Red"",4,11/18/2013"
16174,922,Road Tire Tube,4,11/18/2013
16175,873,Patch Kit/8 Patches,4,1/11/2014
"16175,707,""Sport-100 Helmet, Red"",4,6/28/2014"
16175,922,Road Tire Tube,4,6/28/2014
16177,929,ML Mountain Tire,4,12/14/2013
16177,922,Road Tire Tube,4,11/3/2013
16177,933,HL Road Tire,4,11/3/2013
16177,873,Patch Kit/8 Patches,4,11/3/2013
"16177,859,""Half-Finger Gloves, M"",3,12/14/2013"
16178,921,Mountain Tire Tube,4,4/21/2014
16178,873,Patch Kit/8 Patches,4,9/19/2013
"16178,708,""Sport-100 Helmet, Black"",4,4/21/2014"
16178,922,Road Tire Tube,4,9/19/2013
16179,933,HL Road Tire,4,2/15/2014
16179,921,Mountain Tire Tube,4,4/23/2014
16179,929,ML Mountain Tire,4,4/23/2014
16180,873,Patch Kit/8 Patches,4,5/6/2014
16180,930,HL Mountain Tire,4,5/6/2014
16181,933,HL Road Tire,4,5/24/2014
16181,929,ML Mountain Tire,4,3/8/2014
"16181,866,""Classic Vest, L"",3,3/8/2014"
16181,921,Mountain Tire Tube,4,3/8/2014
16182,922,Road Tire Tube,4,10/22/2013
16182,880,Hydration Pack - 70 oz.,4,10/22/2013
16183,873,Patch Kit/8 Patches,4,10/9/2013
16183,932,ML Road Tire,4,10/13/2013
16184,873,Patch Kit/8 Patches,4,2/28/2014
16184,932,ML Road Tire,4,2/28/2014
16184,877,Bike Wash - Dissolver,4,2/28/2014
16184,922,Road Tire Tube,4,4/5/2014
16185,932,ML Road Tire,4,10/20/2013
16186,928,LL Mountain Tire,4,11/29/2013
"16186,707,""Sport-100 Helmet, Red"",4,11/29/2013"
16187,878,Fender Set - Mountain,4,1/8/2014
16187,923,Touring Tire Tube,4,4/25/2014
16188,878,Fender Set - Mountain,4,6/9/2014
16188,923,Touring Tire Tube,4,4/30/2014
"16188,707,""Sport-100 Helmet, Red"",4,4/30/2014"
"16189,707,""Sport-100 Helmet, Red"",4,11/16/2013"
"16189,711,""Sport-100 Helmet, Blue"",4,5/10/2014"
16189,878,Fender Set - Mountain,4,11/16/2013
16189,712,AWC Logo Cap,3,11/16/2013
"16190,713,""Long-Sleeve Logo Jersey, S"",3,5/5/2014"
16190,923,Touring Tire Tube,4,8/18/2013
16190,873,Patch Kit/8 Patches,4,8/18/2013
16191,878,Fender Set - Mountain,4,5/31/2014
"16192,715,""Long-Sleeve Logo Jersey, L"",3,9/28/2013"
16192,923,Touring Tire Tube,4,6/30/2013
"16192,858,""Half-Finger Gloves, S"",3,6/30/2013"
"16193,864,""Classic Vest, S"",3,9/26/2013"
16193,878,Fender Set - Mountain,4,9/26/2013
"16194,858,""Half-Finger Gloves, S"",3,8/24/2013"
16195,932,ML Road Tire,4,10/22/2013
"16195,866,""Classic Vest, L"",3,10/22/2013"
16196,872,Road Bottle Cage,4,11/21/2013
16196,870,Water Bottle - 30 oz.,4,11/21/2013
16196,878,Fender Set - Mountain,4,1/27/2014
"16198,858,""Half-Finger Gloves, S"",3,10/6/2013"
16198,878,Fender Set - Mountain,4,12/10/2013
16198,923,Touring Tire Tube,4,10/6/2013
"16199,707,""Sport-100 Helmet, Red"",4,12/27/2013"
16200,878,Fender Set - Mountain,4,9/24/2013
"16200,711,""Sport-100 Helmet, Blue"",4,9/24/2013"
16200,923,Touring Tire Tube,4,8/23/2013
16201,880,Hydration Pack - 70 oz.,4,12/21/2013
16201,878,Fender Set - Mountain,4,12/21/2013
16202,932,ML Road Tire,4,3/11/2014
16202,873,Patch Kit/8 Patches,4,3/11/2014
16203,873,Patch Kit/8 Patches,4,1/24/2014
16203,712,AWC Logo Cap,3,3/20/2014
"16203,881,""Short-Sleeve Classic Jersey, S"",3,3/20/2014"
16203,870,Water Bottle - 30 oz.,4,3/20/2014
16204,870,Water Bottle - 30 oz.,4,2/3/2014
"16205,883,""Short-Sleeve Classic Jersey, L"",3,4/13/2014"
16205,872,Road Bottle Cage,4,4/13/2014
16205,878,Fender Set - Mountain,4,2/9/2014
16206,870,Water Bottle - 30 oz.,4,1/25/2014
16206,871,Mountain Bottle Cage,4,1/25/2014
16206,712,AWC Logo Cap,3,1/25/2014
"16206,708,""Sport-100 Helmet, Black"",4,1/6/2014"
16207,871,Mountain Bottle Cage,4,1/21/2014
16207,872,Road Bottle Cage,4,2/2/2014
"16207,713,""Long-Sleeve Logo Jersey, S"",3,1/21/2014"
16208,921,Mountain Tire Tube,4,8/4/2013
"16208,708,""Sport-100 Helmet, Black"",4,8/4/2013"
"16208,715,""Long-Sleeve Logo Jersey, L"",3,8/4/2013"
16209,878,Fender Set - Mountain,4,7/6/2013
16210,878,Fender Set - Mountain,4,5/18/2014
16210,928,LL Mountain Tire,4,5/18/2014
16210,921,Mountain Tire Tube,4,5/18/2014
16212,921,Mountain Tire Tube,4,5/18/2014
16213,870,Water Bottle - 30 oz.,4,12/5/2013
"16213,715,""Long-Sleeve Logo Jersey, L"",3,3/14/2014"
"16213,708,""Sport-100 Helmet, Black"",4,12/5/2013"
16213,933,HL Road Tire,4,1/29/2014
16214,873,Patch Kit/8 Patches,4,8/31/2013
16214,921,Mountain Tire Tube,4,8/31/2013
16215,880,Hydration Pack - 70 oz.,4,5/24/2014
16215,870,Water Bottle - 30 oz.,4,5/24/2014
16215,871,Mountain Bottle Cage,4,5/24/2014
"16216,860,""Half-Finger Gloves, L"",3,5/7/2014"
16217,921,Mountain Tire Tube,4,1/29/2014
16219,870,Water Bottle - 30 oz.,4,11/9/2013
16220,870,Water Bottle - 30 oz.,4,12/24/2013
16220,712,AWC Logo Cap,3,12/24/2013
16221,872,Road Bottle Cage,4,7/18/2013
"16221,708,""Sport-100 Helmet, Black"",4,7/18/2013"
16223,712,AWC Logo Cap,3,7/17/2013
16223,872,Road Bottle Cage,4,7/17/2013
16224,872,Road Bottle Cage,4,7/29/2013
16224,870,Water Bottle - 30 oz.,4,7/29/2013
16225,872,Road Bottle Cage,4,8/3/2013
16226,870,Water Bottle - 30 oz.,4,8/3/2013
"16227,714,""Long-Sleeve Logo Jersey, M"",3,7/2/2013"
16227,878,Fender Set - Mountain,4,7/2/2013
16228,921,Mountain Tire Tube,4,5/13/2014
16229,921,Mountain Tire Tube,4,5/9/2014
16229,928,LL Mountain Tire,4,5/9/2014
16231,933,HL Road Tire,4,6/13/2013
"16233,859,""Half-Finger Gloves, M"",3,6/16/2014"
"16233,715,""Long-Sleeve Logo Jersey, L"",3,6/16/2014"
"16233,708,""Sport-100 Helmet, Black"",4,6/16/2014"
"16234,875,""Racing Socks, L"",3,11/2/2013"
"16236,714,""Long-Sleeve Logo Jersey, M"",3,2/25/2014"
16236,712,AWC Logo Cap,3,2/25/2014
16236,921,Mountain Tire Tube,4,2/25/2014
"16237,711,""Sport-100 Helmet, Blue"",4,8/2/2013"
16237,922,Road Tire Tube,4,8/2/2013
16238,921,Mountain Tire Tube,4,9/9/2013
16239,921,Mountain Tire Tube,4,6/7/2014
16241,878,Fender Set - Mountain,4,9/26/2013
"16241,868,""Women's Mountain Shorts, M"",3,2/13/2014"
16242,870,Water Bottle - 30 oz.,4,11/23/2013
"16243,867,""Women's Mountain Shorts, S"",3,7/30/2013"
16244,921,Mountain Tire Tube,4,3/16/2014
"16244,711,""Sport-100 Helmet, Blue"",4,3/16/2014"
16246,870,Water Bottle - 30 oz.,4,11/7/2013
16247,871,Mountain Bottle Cage,4,12/22/2013
16247,870,Water Bottle - 30 oz.,4,12/22/2013
16247,712,AWC Logo Cap,3,12/22/2013
16247,933,HL Road Tire,4,12/12/2013
"16248,711,""Sport-100 Helmet, Blue"",4,10/2/2013"
"16249,874,""Racing Socks, M"",3,9/29/2013"
16251,923,Touring Tire Tube,4,10/1/2013
16255,922,Road Tire Tube,4,9/17/2013
16255,879,All-Purpose Bike Stand,4,9/17/2013
16256,880,Hydration Pack - 70 oz.,4,11/10/2013
16256,923,Touring Tire Tube,4,2/4/2014
16257,922,Road Tire Tube,4,6/17/2014
16257,932,ML Road Tire,4,6/17/2014
"16257,708,""Sport-100 Helmet, Black"",4,6/17/2014"
16258,932,ML Road Tire,4,5/21/2014
"16258,708,""Sport-100 Helmet, Black"",4,5/21/2014"
16260,871,Mountain Bottle Cage,4,1/7/2014
"16260,707,""Sport-100 Helmet, Red"",4,1/7/2014"
16261,870,Water Bottle - 30 oz.,4,4/14/2014
16261,872,Road Bottle Cage,4,4/14/2014
16261,871,Mountain Bottle Cage,4,2/17/2014
16262,871,Mountain Bottle Cage,4,2/8/2014
16262,870,Water Bottle - 30 oz.,4,5/15/2014
"16262,707,""Sport-100 Helmet, Red"",4,2/8/2014"
"16263,882,""Short-Sleeve Classic Jersey, M"",3,2/19/2014"
16263,878,Fender Set - Mountain,4,2/19/2014
16263,871,Mountain Bottle Cage,4,2/19/2014
16264,923,Touring Tire Tube,4,4/20/2014
"16264,711,""Sport-100 Helmet, Blue"",4,4/20/2014"
16265,932,ML Road Tire,4,3/4/2014
16266,922,Road Tire Tube,4,12/5/2013
16266,932,ML Road Tire,4,12/5/2013
16268,873,Patch Kit/8 Patches,4,5/17/2014
16268,928,LL Mountain Tire,4,5/17/2014
16269,928,LL Mountain Tire,4,5/13/2014
16269,921,Mountain Tire Tube,4,5/13/2014
"16270,708,""Sport-100 Helmet, Black"",4,5/4/2014"
16270,870,Water Bottle - 30 oz.,4,5/4/2014
16271,878,Fender Set - Mountain,4,5/17/2014
16273,878,Fender Set - Mountain,4,5/2/2014
16276,921,Mountain Tire Tube,4,5/14/2014
"16277,716,""Long-Sleeve Logo Jersey, XL"",3,1/6/2014"
16279,921,Mountain Tire Tube,4,2/27/2014
16279,712,AWC Logo Cap,3,2/27/2014
16280,921,Mountain Tire Tube,4,4/6/2014
16281,922,Road Tire Tube,4,11/27/2013
16281,932,ML Road Tire,4,11/27/2013
16282,873,Patch Kit/8 Patches,4,11/29/2013
16282,923,Touring Tire Tube,4,10/13/2013
16282,878,Fender Set - Mountain,4,11/29/2013
16283,932,ML Road Tire,4,3/5/2014
"16283,707,""Sport-100 Helmet, Red"",4,3/5/2014"
16284,873,Patch Kit/8 Patches,4,11/12/2013
"16285,707,""Sport-100 Helmet, Red"",4,6/18/2014"
16285,878,Fender Set - Mountain,4,6/18/2014
16285,870,Water Bottle - 30 oz.,4,6/18/2014
16285,921,Mountain Tire Tube,4,6/18/2014
16287,930,HL Mountain Tire,4,5/2/2014
16289,871,Mountain Bottle Cage,4,5/28/2014
"16290,864,""Classic Vest, S"",3,5/2/2014"
16290,870,Water Bottle - 30 oz.,4,5/2/2014
16290,871,Mountain Bottle Cage,4,5/2/2014
16292,873,Patch Kit/8 Patches,4,8/25/2013
16294,870,Water Bottle - 30 oz.,4,12/5/2013
"16295,708,""Sport-100 Helmet, Black"",4,8/17/2013"
16295,922,Road Tire Tube,4,8/17/2013
16295,932,ML Road Tire,4,8/17/2013
"16295,859,""Half-Finger Gloves, M"",3,8/17/2013"
16296,932,ML Road Tire,4,5/4/2014
"16296,711,""Sport-100 Helmet, Blue"",4,5/4/2014"
"16296,715,""Long-Sleeve Logo Jersey, L"",3,5/4/2014"
16296,712,AWC Logo Cap,3,5/4/2014
16298,873,Patch Kit/8 Patches,4,3/3/2014
16298,923,Touring Tire Tube,4,3/3/2014
16298,930,HL Mountain Tire,4,2/2/2014
16298,934,Touring Tire,4,3/3/2014
"16300,714,""Long-Sleeve Logo Jersey, M"",3,12/1/2013"
16300,878,Fender Set - Mountain,4,12/1/2013
"16300,711,""Sport-100 Helmet, Blue"",4,5/22/2014"
16301,932,ML Road Tire,4,8/16/2013
"16301,711,""Sport-100 Helmet, Blue"",4,8/16/2013"
16301,712,AWC Logo Cap,3,8/16/2013
16303,876,Hitch Rack - 4-Bike,4,6/28/2014
16303,921,Mountain Tire Tube,4,6/28/2014
"16304,859,""Half-Finger Gloves, M"",3,9/30/2013"
16306,923,Touring Tire Tube,4,3/25/2014
16306,878,Fender Set - Mountain,4,8/29/2013
16307,878,Fender Set - Mountain,4,2/20/2014
"16308,711,""Sport-100 Helmet, Blue"",4,5/25/2014"
16308,870,Water Bottle - 30 oz.,4,5/25/2014
"16309,707,""Sport-100 Helmet, Red"",4,3/2/2014"
16309,870,Water Bottle - 30 oz.,4,2/21/2014
"16310,711,""Sport-100 Helmet, Blue"",4,6/29/2013"
16311,873,Patch Kit/8 Patches,4,6/6/2013
16311,929,ML Mountain Tire,4,6/6/2013
16312,932,ML Road Tire,4,4/24/2014
"16312,708,""Sport-100 Helmet, Black"",4,4/24/2014"
16313,872,Road Bottle Cage,4,5/30/2013
16313,870,Water Bottle - 30 oz.,4,5/30/2013
"16313,714,""Long-Sleeve Logo Jersey, M"",3,5/30/2013"
"16314,715,""Long-Sleeve Logo Jersey, L"",3,12/2/2013"
16314,923,Touring Tire Tube,4,8/10/2013
16314,878,Fender Set - Mountain,4,12/2/2013
16315,932,ML Road Tire,4,3/24/2014
16316,873,Patch Kit/8 Patches,4,6/18/2013
16318,929,ML Mountain Tire,4,2/2/2014
"16318,708,""Sport-100 Helmet, Black"",4,2/2/2014"
16319,932,ML Road Tire,4,8/24/2013
"16320,860,""Half-Finger Gloves, L"",3,8/1/2013"
"16321,708,""Sport-100 Helmet, Black"",4,12/27/2013"
16321,873,Patch Kit/8 Patches,4,6/2/2014
"16321,714,""Long-Sleeve Logo Jersey, M"",3,12/27/2013"
16321,921,Mountain Tire Tube,4,6/2/2014
16322,932,ML Road Tire,4,1/16/2014
"16324,708,""Sport-100 Helmet, Black"",4,7/12/2013"
16324,921,Mountain Tire Tube,4,7/12/2013
16325,879,All-Purpose Bike Stand,4,4/24/2014
16325,873,Patch Kit/8 Patches,4,4/24/2014
16325,923,Touring Tire Tube,4,4/24/2014
16327,872,Road Bottle Cage,4,6/28/2013
16327,870,Water Bottle - 30 oz.,4,6/28/2013
16329,921,Mountain Tire Tube,4,2/19/2014
16329,878,Fender Set - Mountain,4,2/19/2014
16329,929,ML Mountain Tire,4,2/19/2014
16330,873,Patch Kit/8 Patches,4,10/20/2013
16330,922,Road Tire Tube,4,10/20/2013
16331,871,Mountain Bottle Cage,4,8/31/2013
16331,870,Water Bottle - 30 oz.,4,8/31/2013
16331,922,Road Tire Tube,4,8/9/2013
16331,933,HL Road Tire,4,8/9/2013
16331,877,Bike Wash - Dissolver,4,6/23/2014
"16331,707,""Sport-100 Helmet, Red"",4,8/31/2013"
"16332,884,""Short-Sleeve Classic Jersey, XL"",3,5/25/2014"
16332,934,Touring Tire,4,2/23/2014
16332,873,Patch Kit/8 Patches,4,2/23/2014
16332,923,Touring Tire Tube,4,2/23/2014
"16333,708,""Sport-100 Helmet, Black"",4,11/4/2013"
16334,877,Bike Wash - Dissolver,4,7/2/2013
16334,880,Hydration Pack - 70 oz.,4,7/2/2013
16335,871,Mountain Bottle Cage,4,2/23/2014
16335,870,Water Bottle - 30 oz.,4,2/23/2014
"16336,707,""Sport-100 Helmet, Red"",4,3/3/2014"
"16336,860,""Half-Finger Gloves, L"",3,3/3/2014"
16337,921,Mountain Tire Tube,4,4/28/2014
"16338,860,""Half-Finger Gloves, L"",3,6/30/2013"
16338,934,Touring Tire,4,6/30/2013
16338,878,Fender Set - Mountain,4,9/30/2013
16338,923,Touring Tire Tube,4,6/30/2013
16340,880,Hydration Pack - 70 oz.,4,8/28/2013
16340,870,Water Bottle - 30 oz.,4,8/28/2013
16341,934,Touring Tire,4,2/17/2014
16341,873,Patch Kit/8 Patches,4,2/17/2014
"16341,707,""Sport-100 Helmet, Red"",4,3/10/2014"
16342,934,Touring Tire,4,6/1/2014
16342,880,Hydration Pack - 70 oz.,4,6/1/2014
16342,877,Bike Wash - Dissolver,4,6/1/2014
16342,923,Touring Tire Tube,4,6/1/2014
16343,878,Fender Set - Mountain,4,4/2/2014
16343,873,Patch Kit/8 Patches,4,11/7/2013
16343,934,Touring Tire,4,11/7/2013
16345,921,Mountain Tire Tube,4,3/19/2014
16346,922,Road Tire Tube,4,5/25/2014
16346,932,ML Road Tire,4,5/25/2014
16347,930,HL Mountain Tire,4,5/24/2014
16347,877,Bike Wash - Dissolver,4,5/24/2014
16348,871,Mountain Bottle Cage,4,5/25/2014
16350,877,Bike Wash - Dissolver,4,5/25/2014
16352,873,Patch Kit/8 Patches,4,5/3/2014
16352,930,HL Mountain Tire,4,5/3/2014
16352,877,Bike Wash - Dissolver,4,5/3/2014
"16353,711,""Sport-100 Helmet, Blue"",4,11/9/2013"
16353,878,Fender Set - Mountain,4,11/9/2013
"16355,707,""Sport-100 Helmet, Red"",4,8/20/2013"
16355,921,Mountain Tire Tube,4,8/20/2013
16356,921,Mountain Tire Tube,4,12/15/2013
16358,921,Mountain Tire Tube,4,8/8/2013
16358,871,Mountain Bottle Cage,4,10/24/2013
16358,922,Road Tire Tube,4,2/25/2014
16358,934,Touring Tire,4,9/27/2013
16359,873,Patch Kit/8 Patches,4,1/13/2014
16360,870,Water Bottle - 30 oz.,4,8/1/2013
16361,933,HL Road Tire,4,8/11/2013
16361,922,Road Tire Tube,4,8/11/2013
16362,873,Patch Kit/8 Patches,4,9/18/2013
16362,933,HL Road Tire,4,9/18/2013
16363,870,Water Bottle - 30 oz.,4,8/19/2013
"16363,859,""Half-Finger Gloves, M"",3,8/19/2013"
16364,922,Road Tire Tube,4,9/23/2013
16364,873,Patch Kit/8 Patches,4,9/23/2013
16365,922,Road Tire Tube,4,4/18/2014
16365,877,Bike Wash - Dissolver,4,4/18/2014
16365,933,HL Road Tire,4,4/18/2014
"16367,711,""Sport-100 Helmet, Blue"",4,3/30/2014"
16368,870,Water Bottle - 30 oz.,4,6/3/2014
"16368,713,""Long-Sleeve Logo Jersey, S"",3,6/3/2014"
"16368,708,""Sport-100 Helmet, Black"",4,6/3/2014"
16369,921,Mountain Tire Tube,4,2/2/2014
16370,933,HL Road Tire,4,6/8/2014
16370,878,Fender Set - Mountain,4,5/11/2014
16370,870,Water Bottle - 30 oz.,4,6/29/2014
16370,877,Bike Wash - Dissolver,4,6/29/2014
16371,921,Mountain Tire Tube,4,11/15/2013
16372,922,Road Tire Tube,4,9/4/2013
16372,933,HL Road Tire,4,9/4/2013
16373,922,Road Tire Tube,4,9/16/2013
"16373,708,""Sport-100 Helmet, Black"",4,9/16/2013"
"16373,865,""Classic Vest, M"",3,9/16/2013"
16374,877,Bike Wash - Dissolver,4,5/22/2014
16374,921,Mountain Tire Tube,4,5/22/2014
16376,921,Mountain Tire Tube,4,4/4/2014
16377,870,Water Bottle - 30 oz.,4,7/26/2013
16378,870,Water Bottle - 30 oz.,4,5/16/2014
16379,870,Water Bottle - 30 oz.,4,5/5/2014
16380,878,Fender Set - Mountain,4,12/25/2013
"16380,882,""Short-Sleeve Classic Jersey, M"",3,5/4/2014"
"16380,869,""Women's Mountain Shorts, L"",3,5/4/2014"
16382,880,Hydration Pack - 70 oz.,4,9/7/2013
16383,870,Water Bottle - 30 oz.,4,8/3/2013
16384,873,Patch Kit/8 Patches,4,7/3/2013
"16385,858,""Half-Finger Gloves, S"",3,11/5/2013"
"16385,708,""Sport-100 Helmet, Black"",4,11/5/2013"
16386,923,Touring Tire Tube,4,1/13/2014
"16386,715,""Long-Sleeve Logo Jersey, L"",3,1/25/2014"
"16386,708,""Sport-100 Helmet, Black"",4,1/13/2014"
16386,921,Mountain Tire Tube,4,1/25/2014
16387,923,Touring Tire Tube,4,2/13/2014
16387,921,Mountain Tire Tube,4,5/21/2014
"16387,711,""Sport-100 Helmet, Blue"",4,5/21/2014"
16388,872,Road Bottle Cage,4,6/12/2013
16388,870,Water Bottle - 30 oz.,4,6/12/2013
16389,872,Road Bottle Cage,4,9/15/2013
16393,930,HL Mountain Tire,4,3/17/2014
16393,921,Mountain Tire Tube,4,3/17/2014
"16393,715,""Long-Sleeve Logo Jersey, L"",3,8/25/2013"
16395,932,ML Road Tire,4,7/30/2013
16395,922,Road Tire Tube,4,7/30/2013
16396,928,LL Mountain Tire,4,9/4/2013
16396,921,Mountain Tire Tube,4,9/4/2013
16397,928,LL Mountain Tire,4,12/31/2013
16397,921,Mountain Tire Tube,4,12/31/2013
"16398,858,""Half-Finger Gloves, S"",3,8/11/2013"
16398,922,Road Tire Tube,4,8/11/2013
16399,921,Mountain Tire Tube,4,8/16/2013
16399,928,LL Mountain Tire,4,8/16/2013
16400,922,Road Tire Tube,4,6/29/2013
16400,933,HL Road Tire,4,6/29/2013
16401,923,Touring Tire Tube,4,4/10/2014
16401,873,Patch Kit/8 Patches,4,4/10/2014
16401,921,Mountain Tire Tube,4,3/26/2014
16401,880,Hydration Pack - 70 oz.,4,3/26/2014
16402,923,Touring Tire Tube,4,6/30/2014
16403,932,ML Road Tire,4,5/12/2014
"16403,874,""Racing Socks, M"",3,5/12/2014"
16404,870,Water Bottle - 30 oz.,4,3/29/2014
16404,712,AWC Logo Cap,3,9/26/2013
16407,873,Patch Kit/8 Patches,4,3/18/2014
16407,921,Mountain Tire Tube,4,3/18/2014
16408,870,Water Bottle - 30 oz.,4,8/19/2013
16408,872,Road Bottle Cage,4,8/19/2013
16409,872,Road Bottle Cage,4,10/11/2013
"16409,858,""Half-Finger Gloves, S"",3,10/11/2013"
16410,877,Bike Wash - Dissolver,4,3/12/2014
16412,873,Patch Kit/8 Patches,4,9/19/2013
16413,921,Mountain Tire Tube,4,8/5/2013
16413,877,Bike Wash - Dissolver,4,8/5/2013
16415,712,AWC Logo Cap,3,9/24/2013
"16416,711,""Sport-100 Helmet, Blue"",4,9/19/2013"
16418,932,ML Road Tire,4,7/16/2013
16419,873,Patch Kit/8 Patches,4,3/31/2014
16421,873,Patch Kit/8 Patches,4,4/1/2014
16421,932,ML Road Tire,4,4/1/2014
16423,880,Hydration Pack - 70 oz.,4,3/3/2014
16423,922,Road Tire Tube,4,3/3/2014
16426,870,Water Bottle - 30 oz.,4,2/14/2014
16426,712,AWC Logo Cap,3,2/14/2014
16426,872,Road Bottle Cage,4,2/14/2014
16427,870,Water Bottle - 30 oz.,4,7/3/2013
16427,871,Mountain Bottle Cage,4,7/3/2013
"16428,708,""Sport-100 Helmet, Black"",4,3/7/2014"
16428,921,Mountain Tire Tube,4,3/7/2014
16429,922,Road Tire Tube,4,12/21/2013
16429,933,HL Road Tire,4,12/21/2013
16430,870,Water Bottle - 30 oz.,4,10/9/2013
"16431,859,""Half-Finger Gloves, M"",3,10/7/2013"
"16433,707,""Sport-100 Helmet, Red"",4,11/2/2013"
16433,933,HL Road Tire,4,11/2/2013
16434,929,ML Mountain Tire,4,11/2/2013
"16434,708,""Sport-100 Helmet, Black"",4,11/2/2013"
16435,873,Patch Kit/8 Patches,4,5/19/2014
16436,922,Road Tire Tube,4,12/2/2013
16436,933,HL Road Tire,4,12/2/2013
16437,873,Patch Kit/8 Patches,4,11/12/2013
"16437,708,""Sport-100 Helmet, Black"",4,8/20/2013"
16437,923,Touring Tire Tube,4,11/12/2013
16440,922,Road Tire Tube,4,7/29/2013
16442,933,HL Road Tire,4,12/26/2013
16443,878,Fender Set - Mountain,4,6/25/2014
"16443,711,""Sport-100 Helmet, Blue"",4,6/25/2014"
16443,923,Touring Tire Tube,4,6/5/2014
"16444,713,""Long-Sleeve Logo Jersey, S"",3,8/11/2013"
16446,876,Hitch Rack - 4-Bike,4,4/5/2014
16447,871,Mountain Bottle Cage,4,10/29/2013
"16447,708,""Sport-100 Helmet, Black"",4,10/29/2013"
"16448,708,""Sport-100 Helmet, Black"",4,3/18/2014"
16448,712,AWC Logo Cap,3,3/18/2014
16449,921,Mountain Tire Tube,4,8/25/2013
"16449,711,""Sport-100 Helmet, Blue"",4,8/25/2013"
16449,923,Touring Tire Tube,4,10/25/2013
16450,922,Road Tire Tube,4,3/14/2014
"16450,874,""Racing Socks, M"",3,3/14/2014"
16452,929,ML Mountain Tire,4,4/10/2014
"16452,713,""Long-Sleeve Logo Jersey, S"",3,4/10/2014"
16452,921,Mountain Tire Tube,4,4/10/2014
16453,921,Mountain Tire Tube,4,3/27/2014
16453,873,Patch Kit/8 Patches,4,3/27/2014
16454,921,Mountain Tire Tube,4,7/15/2013
"16454,707,""Sport-100 Helmet, Red"",4,7/15/2013"
16454,873,Patch Kit/8 Patches,4,9/23/2013
16455,922,Road Tire Tube,4,8/27/2013
16456,921,Mountain Tire Tube,4,2/6/2014
16456,928,LL Mountain Tire,4,2/6/2014
16457,921,Mountain Tire Tube,4,1/13/2014
16457,876,Hitch Rack - 4-Bike,4,1/13/2014
16459,873,Patch Kit/8 Patches,4,7/17/2013
"16459,711,""Sport-100 Helmet, Blue"",4,9/4/2013"
16459,921,Mountain Tire Tube,4,9/4/2013
16460,921,Mountain Tire Tube,4,11/15/2013
16460,923,Touring Tire Tube,4,4/25/2014
"16460,711,""Sport-100 Helmet, Blue"",4,4/25/2014"
"16461,714,""Long-Sleeve Logo Jersey, M"",3,4/25/2014"
16462,928,LL Mountain Tire,4,6/12/2014
16463,878,Fender Set - Mountain,4,11/11/2013
16463,921,Mountain Tire Tube,4,11/11/2013
16463,877,Bike Wash - Dissolver,4,11/11/2013
16464,921,Mountain Tire Tube,4,10/1/2013
"16464,708,""Sport-100 Helmet, Black"",4,2/7/2014"
16465,712,AWC Logo Cap,3,4/3/2014
16465,871,Mountain Bottle Cage,4,4/3/2014
16465,921,Mountain Tire Tube,4,4/3/2014
16465,870,Water Bottle - 30 oz.,4,4/3/2014
16467,921,Mountain Tire Tube,4,3/16/2014
16467,873,Patch Kit/8 Patches,4,6/17/2014
16468,922,Road Tire Tube,4,2/8/2014
"16468,707,""Sport-100 Helmet, Red"",4,2/8/2014"
"16469,711,""Sport-100 Helmet, Blue"",4,9/16/2013"
16469,932,ML Road Tire,4,9/16/2013
"16471,859,""Half-Finger Gloves, M"",3,5/5/2014"
16471,932,ML Road Tire,4,5/5/2014
16472,932,ML Road Tire,4,4/3/2014
16475,872,Road Bottle Cage,4,2/9/2014
"16475,708,""Sport-100 Helmet, Black"",4,2/9/2014"
16476,922,Road Tire Tube,4,1/15/2014
"16476,883,""Short-Sleeve Classic Jersey, L"",3,1/15/2014"
16477,921,Mountain Tire Tube,4,7/18/2013
"16478,884,""Short-Sleeve Classic Jersey, XL"",3,3/14/2014"
16478,870,Water Bottle - 30 oz.,4,3/14/2014
16478,878,Fender Set - Mountain,4,3/14/2014
16479,878,Fender Set - Mountain,4,10/26/2013
16479,870,Water Bottle - 30 oz.,4,3/6/2014
16479,933,HL Road Tire,4,4/24/2014
16479,922,Road Tire Tube,4,4/24/2014
16479,871,Mountain Bottle Cage,4,3/6/2014
"16480,882,""Short-Sleeve Classic Jersey, M"",3,11/28/2013"
16480,934,Touring Tire,4,6/14/2014
16480,923,Touring Tire Tube,4,6/14/2014
"16480,711,""Sport-100 Helmet, Blue"",4,6/14/2014"
16481,934,Touring Tire,4,5/23/2014
16481,923,Touring Tire Tube,4,5/23/2014
16481,870,Water Bottle - 30 oz.,4,3/2/2014
"16481,881,""Short-Sleeve Classic Jersey, S"",3,5/23/2014"
16481,878,Fender Set - Mountain,4,3/2/2014
"16482,711,""Sport-100 Helmet, Blue"",4,7/23/2013"
16484,873,Patch Kit/8 Patches,4,4/4/2014
16484,921,Mountain Tire Tube,4,4/4/2014
16485,921,Mountain Tire Tube,4,3/14/2014
16486,880,Hydration Pack - 70 oz.,4,8/1/2013
16486,878,Fender Set - Mountain,4,8/1/2013
16486,873,Patch Kit/8 Patches,4,6/3/2014
16486,934,Touring Tire,4,6/3/2014
16487,870,Water Bottle - 30 oz.,4,12/17/2013
16487,878,Fender Set - Mountain,4,11/8/2013
16487,873,Patch Kit/8 Patches,4,11/8/2013
"16487,708,""Sport-100 Helmet, Black"",4,12/17/2013"
16488,878,Fender Set - Mountain,4,8/19/2013
16488,870,Water Bottle - 30 oz.,4,6/9/2014
"16488,708,""Sport-100 Helmet, Black"",4,6/9/2014"
"16488,882,""Short-Sleeve Classic Jersey, M"",3,8/19/2013"
"16488,866,""Classic Vest, L"",3,6/9/2014"
16489,873,Patch Kit/8 Patches,4,10/9/2013
16489,878,Fender Set - Mountain,4,10/9/2013
16489,872,Road Bottle Cage,4,8/16/2013
"16489,859,""Half-Finger Gloves, M"",3,8/16/2013"
16491,930,HL Mountain Tire,4,1/16/2014
16492,712,AWC Logo Cap,3,6/24/2014
"16492,881,""Short-Sleeve Classic Jersey, S"",3,6/24/2014"
"16492,711,""Sport-100 Helmet, Blue"",4,4/1/2014"
16492,932,ML Road Tire,4,6/24/2014
16494,877,Bike Wash - Dissolver,4,5/18/2014
"16495,708,""Sport-100 Helmet, Black"",4,5/7/2014"
"16495,883,""Short-Sleeve Classic Jersey, L"",3,5/7/2014"
16495,930,HL Mountain Tire,4,5/7/2014
16496,878,Fender Set - Mountain,4,5/27/2014
16496,921,Mountain Tire Tube,4,5/27/2014
16497,923,Touring Tire Tube,4,12/2/2013
16497,870,Water Bottle - 30 oz.,4,10/31/2013
16497,878,Fender Set - Mountain,4,5/12/2014
16497,871,Mountain Bottle Cage,4,10/31/2013
16497,934,Touring Tire,4,12/2/2013
16497,873,Patch Kit/8 Patches,4,4/19/2014
16498,921,Mountain Tire Tube,4,2/7/2014
16500,872,Road Bottle Cage,4,9/20/2013
"16500,711,""Sport-100 Helmet, Blue"",4,9/20/2013"
"16502,707,""Sport-100 Helmet, Red"",4,6/14/2014"
16504,870,Water Bottle - 30 oz.,4,9/5/2013
16504,872,Road Bottle Cage,4,9/5/2013
"16505,711,""Sport-100 Helmet, Blue"",4,5/13/2014"
16506,878,Fender Set - Mountain,4,9/6/2013
16506,933,HL Road Tire,4,12/3/2013
16506,922,Road Tire Tube,4,12/3/2013
16506,871,Mountain Bottle Cage,4,6/25/2014
16507,873,Patch Kit/8 Patches,4,12/14/2013
16507,877,Bike Wash - Dissolver,4,12/14/2013
16508,932,ML Road Tire,4,1/23/2014
16508,922,Road Tire Tube,4,1/23/2014
16509,878,Fender Set - Mountain,4,4/9/2014
16509,871,Mountain Bottle Cage,4,4/9/2014
"16509,874,""Racing Socks, M"",3,4/9/2014"
16510,873,Patch Kit/8 Patches,4,9/8/2013
16511,873,Patch Kit/8 Patches,4,12/15/2013
16511,921,Mountain Tire Tube,4,7/5/2013
"16511,711,""Sport-100 Helmet, Blue"",4,7/5/2013"
16513,877,Bike Wash - Dissolver,4,1/7/2014
16513,933,HL Road Tire,4,1/7/2014
16514,712,AWC Logo Cap,3,7/13/2013
16520,932,ML Road Tire,4,9/6/2013
"16526,711,""Sport-100 Helmet, Blue"",4,11/11/2013"
16531,929,ML Mountain Tire,4,5/12/2014
16531,921,Mountain Tire Tube,4,5/12/2014
16531,712,AWC Logo Cap,3,5/12/2014
16533,870,Water Bottle - 30 oz.,4,2/24/2014
"16533,865,""Classic Vest, M"",3,2/24/2014"
16534,933,HL Road Tire,4,3/24/2014
16534,879,All-Purpose Bike Stand,4,3/24/2014
16535,932,ML Road Tire,4,11/3/2013
16535,712,AWC Logo Cap,3,11/3/2013
16536,932,ML Road Tire,4,10/31/2013
"16539,884,""Short-Sleeve Classic Jersey, XL"",3,7/9/2013"
16539,928,LL Mountain Tire,4,7/9/2013
16540,922,Road Tire Tube,4,4/24/2014
"16540,708,""Sport-100 Helmet, Black"",4,4/24/2014"
16541,878,Fender Set - Mountain,4,5/12/2014
16542,921,Mountain Tire Tube,4,12/9/2013
16542,923,Touring Tire Tube,4,5/28/2014
"16543,711,""Sport-100 Helmet, Blue"",4,12/17/2013"
16543,712,AWC Logo Cap,3,2/8/2014
16543,921,Mountain Tire Tube,4,12/17/2013
16544,932,ML Road Tire,4,1/1/2014
16545,873,Patch Kit/8 Patches,4,3/14/2014
16545,922,Road Tire Tube,4,3/14/2014
"16546,865,""Classic Vest, M"",3,5/15/2014"
16547,870,Water Bottle - 30 oz.,4,3/3/2014
16549,712,AWC Logo Cap,3,4/4/2014
"16551,707,""Sport-100 Helmet, Red"",4,4/27/2014"
"16551,859,""Half-Finger Gloves, M"",3,4/27/2014"
16551,933,HL Road Tire,4,4/27/2014
16551,922,Road Tire Tube,4,4/27/2014
16552,922,Road Tire Tube,4,4/18/2014
16552,933,HL Road Tire,4,4/18/2014
"16554,858,""Half-Finger Gloves, S"",3,5/17/2014"
16554,870,Water Bottle - 30 oz.,4,5/17/2014
16555,932,ML Road Tire,4,2/19/2014
16555,922,Road Tire Tube,4,2/19/2014
16556,928,LL Mountain Tire,4,11/21/2013
16556,878,Fender Set - Mountain,4,11/21/2013
16556,921,Mountain Tire Tube,4,11/21/2013
16557,873,Patch Kit/8 Patches,4,8/26/2013
16557,922,Road Tire Tube,4,8/26/2013
16559,922,Road Tire Tube,4,5/25/2014
16559,933,HL Road Tire,4,5/25/2014
"16559,711,""Sport-100 Helmet, Blue"",4,5/25/2014"
"16561,868,""Women's Mountain Shorts, M"",3,5/23/2014"
16563,923,Touring Tire Tube,4,12/8/2013
16563,921,Mountain Tire Tube,4,7/14/2013
16563,712,AWC Logo Cap,3,12/8/2013
"16563,874,""Racing Socks, M"",3,7/14/2013"
16564,873,Patch Kit/8 Patches,4,1/25/2014
16564,921,Mountain Tire Tube,4,10/21/2013
16564,876,Hitch Rack - 4-Bike,4,10/21/2013
16565,934,Touring Tire,4,4/7/2014
16565,871,Mountain Bottle Cage,4,2/21/2014
16565,923,Touring Tire Tube,4,4/7/2014
"16565,711,""Sport-100 Helmet, Blue"",4,2/21/2014"
16566,878,Fender Set - Mountain,4,4/30/2014
"16566,881,""Short-Sleeve Classic Jersey, S"",3,4/30/2014"
16566,872,Road Bottle Cage,4,3/22/2014
16567,873,Patch Kit/8 Patches,4,2/12/2014
"16568,707,""Sport-100 Helmet, Red"",4,7/14/2013"
16568,929,ML Mountain Tire,4,7/14/2013
16570,932,ML Road Tire,4,6/20/2013
16571,923,Touring Tire Tube,4,11/9/2013
16571,921,Mountain Tire Tube,4,5/16/2014
"16571,707,""Sport-100 Helmet, Red"",4,11/9/2013"
16574,923,Touring Tire Tube,4,4/28/2014
"16574,711,""Sport-100 Helmet, Blue"",4,4/28/2014"
"16575,714,""Long-Sleeve Logo Jersey, M"",3,2/2/2014"
16575,871,Mountain Bottle Cage,4,1/10/2014
"16575,707,""Sport-100 Helmet, Red"",4,2/2/2014"
16575,870,Water Bottle - 30 oz.,4,1/10/2014
"16576,711,""Sport-100 Helmet, Blue"",4,6/8/2014"
16576,921,Mountain Tire Tube,4,6/8/2014
"16576,858,""Half-Finger Gloves, S"",3,6/8/2014"
16576,930,HL Mountain Tire,4,6/8/2014
16577,930,HL Mountain Tire,4,1/2/2014
"16577,707,""Sport-100 Helmet, Red"",4,1/2/2014"
16578,921,Mountain Tire Tube,4,4/7/2014
"16578,707,""Sport-100 Helmet, Red"",4,4/7/2014"
16579,712,AWC Logo Cap,3,12/10/2013
16579,872,Road Bottle Cage,4,12/10/2013
"16579,868,""Women's Mountain Shorts, M"",3,4/6/2014"
16579,870,Water Bottle - 30 oz.,4,12/10/2013
16580,922,Road Tire Tube,4,10/17/2013
"16580,711,""Sport-100 Helmet, Blue"",4,1/4/2014"
16580,712,AWC Logo Cap,3,1/4/2014
"16580,708,""Sport-100 Helmet, Black"",4,10/17/2013"
16581,921,Mountain Tire Tube,4,3/27/2014
16581,877,Bike Wash - Dissolver,4,3/27/2014
16581,930,HL Mountain Tire,4,3/27/2014
16583,930,HL Mountain Tire,4,6/10/2014
16583,921,Mountain Tire Tube,4,6/10/2014
"16584,882,""Short-Sleeve Classic Jersey, M"",3,12/13/2013"
"16584,707,""Sport-100 Helmet, Red"",4,7/10/2013"
"16584,867,""Women's Mountain Shorts, S"",3,12/13/2013"
16584,712,AWC Logo Cap,3,12/13/2013
"16585,711,""Sport-100 Helmet, Blue"",4,1/3/2014"
"16586,707,""Sport-100 Helmet, Red"",4,12/25/2013"
"16587,711,""Sport-100 Helmet, Blue"",4,1/27/2014"
16587,712,AWC Logo Cap,3,1/27/2014
"16587,716,""Long-Sleeve Logo Jersey, XL"",3,10/9/2013"
16587,870,Water Bottle - 30 oz.,4,10/9/2013
"16587,707,""Sport-100 Helmet, Red"",4,10/9/2013"
16588,921,Mountain Tire Tube,4,1/19/2014
16588,930,HL Mountain Tire,4,1/19/2014
"16588,708,""Sport-100 Helmet, Black"",4,2/5/2014"
16588,923,Touring Tire Tube,4,2/5/2014
"16589,708,""Sport-100 Helmet, Black"",4,2/17/2014"
16589,873,Patch Kit/8 Patches,4,1/14/2014
"16590,869,""Women's Mountain Shorts, L"",3,10/31/2013"
16590,923,Touring Tire Tube,4,1/17/2014
16590,712,AWC Logo Cap,3,1/17/2014
"16590,711,""Sport-100 Helmet, Blue"",4,1/17/2014"
"16591,867,""Women's Mountain Shorts, S"",3,4/7/2014"
"16591,884,""Short-Sleeve Classic Jersey, XL"",3,4/7/2014"
16591,923,Touring Tire Tube,4,11/23/2013
16592,921,Mountain Tire Tube,4,8/14/2013
"16592,711,""Sport-100 Helmet, Blue"",4,8/14/2013"
"16593,868,""Women's Mountain Shorts, M"",3,10/19/2013"
16593,873,Patch Kit/8 Patches,4,7/18/2013
16593,923,Touring Tire Tube,4,7/18/2013
"16594,708,""Sport-100 Helmet, Black"",4,1/5/2014"
16594,870,Water Bottle - 30 oz.,4,2/2/2014
"16594,707,""Sport-100 Helmet, Red"",4,2/2/2014"
16595,870,Water Bottle - 30 oz.,4,2/7/2014
16595,873,Patch Kit/8 Patches,4,1/1/2014
16595,872,Road Bottle Cage,4,2/7/2014
16597,921,Mountain Tire Tube,4,8/2/2013
"16597,866,""Classic Vest, L"",3,8/2/2013"
16599,923,Touring Tire Tube,4,5/21/2014
"16599,869,""Women's Mountain Shorts, L"",3,11/18/2013"
"16599,716,""Long-Sleeve Logo Jersey, XL"",3,11/18/2013"
16600,930,HL Mountain Tire,4,10/16/2013
"16600,708,""Sport-100 Helmet, Black"",4,10/16/2013"
"16600,715,""Long-Sleeve Logo Jersey, L"",3,10/16/2013"
16601,923,Touring Tire Tube,4,4/18/2014
16601,712,AWC Logo Cap,3,10/12/2013
16601,873,Patch Kit/8 Patches,4,4/18/2014
"16602,868,""Women's Mountain Shorts, M"",3,1/22/2014"
16602,873,Patch Kit/8 Patches,4,2/3/2014
16603,878,Fender Set - Mountain,4,1/12/2014
"16603,711,""Sport-100 Helmet, Blue"",4,11/1/2013"
16603,712,AWC Logo Cap,3,1/12/2014
"16603,708,""Sport-100 Helmet, Black"",4,1/12/2014"
"16604,708,""Sport-100 Helmet, Black"",4,3/27/2014"
16605,932,ML Road Tire,4,8/11/2013
16605,873,Patch Kit/8 Patches,4,8/11/2013
"16605,707,""Sport-100 Helmet, Red"",4,5/25/2014"
16606,933,HL Road Tire,4,1/16/2014
16606,929,ML Mountain Tire,4,1/7/2014
16607,873,Patch Kit/8 Patches,4,5/9/2014
16608,922,Road Tire Tube,4,7/11/2013
"16608,711,""Sport-100 Helmet, Blue"",4,7/11/2013"
16608,933,HL Road Tire,4,7/11/2013
16609,879,All-Purpose Bike Stand,4,9/3/2013
16609,929,ML Mountain Tire,4,7/2/2013
16609,922,Road Tire Tube,4,9/3/2013
16609,871,Mountain Bottle Cage,4,7/2/2013
"16609,865,""Classic Vest, M"",3,9/3/2013"
"16609,707,""Sport-100 Helmet, Red"",4,7/2/2013"
16609,933,HL Road Tire,4,9/3/2013
16610,921,Mountain Tire Tube,4,9/6/2013
16610,933,HL Road Tire,4,8/12/2013
16611,929,ML Mountain Tire,4,7/20/2013
16611,877,Bike Wash - Dissolver,4,7/20/2013
16611,933,HL Road Tire,4,4/30/2014
16613,933,HL Road Tire,4,8/21/2013
16613,921,Mountain Tire Tube,4,1/20/2014
"16613,859,""Half-Finger Gloves, M"",3,1/20/2014"
16613,929,ML Mountain Tire,4,1/20/2014
16614,873,Patch Kit/8 Patches,4,4/19/2014
16614,922,Road Tire Tube,4,1/26/2014
16614,929,ML Mountain Tire,4,4/19/2014
16615,929,ML Mountain Tire,4,11/29/2013
16615,922,Road Tire Tube,4,9/8/2013
16615,933,HL Road Tire,4,9/8/2013
16615,921,Mountain Tire Tube,4,11/29/2013
16616,873,Patch Kit/8 Patches,4,5/7/2014
16616,921,Mountain Tire Tube,4,5/7/2014
16617,933,HL Road Tire,4,2/14/2014
"16617,882,""Short-Sleeve Classic Jersey, M"",3,2/14/2014"
"16617,707,""Sport-100 Helmet, Red"",4,7/6/2013"
16617,921,Mountain Tire Tube,4,7/6/2013
16618,933,HL Road Tire,4,1/21/2014
16618,929,ML Mountain Tire,4,5/3/2014
16618,873,Patch Kit/8 Patches,4,5/3/2014
16618,922,Road Tire Tube,4,1/21/2014
"16619,708,""Sport-100 Helmet, Black"",4,8/9/2013"
16619,933,HL Road Tire,4,8/9/2013
16621,921,Mountain Tire Tube,4,2/12/2014
16621,873,Patch Kit/8 Patches,4,2/12/2014
16621,922,Road Tire Tube,4,1/31/2014
16621,929,ML Mountain Tire,4,2/12/2014
"16622,708,""Sport-100 Helmet, Black"",4,6/26/2014"
16622,921,Mountain Tire Tube,4,6/26/2014
16622,922,Road Tire Tube,4,1/13/2014
16622,933,HL Road Tire,4,1/13/2014
16623,930,HL Mountain Tire,4,5/10/2014
"16623,708,""Sport-100 Helmet, Black"",4,5/10/2014"
16624,930,HL Mountain Tire,4,5/25/2014
16625,929,ML Mountain Tire,4,12/3/2013
16625,933,HL Road Tire,4,9/21/2013
16625,922,Road Tire Tube,4,9/21/2013
16625,873,Patch Kit/8 Patches,4,12/3/2013
16626,933,HL Road Tire,4,7/31/2013
16626,921,Mountain Tire Tube,4,10/20/2013
16626,929,ML Mountain Tire,4,10/20/2013
16627,933,HL Road Tire,4,11/29/2013
16627,929,ML Mountain Tire,4,7/18/2013
16628,876,Hitch Rack - 4-Bike,4,2/10/2014
16628,921,Mountain Tire Tube,4,5/24/2014
16628,929,ML Mountain Tire,4,5/24/2014
16630,930,HL Mountain Tire,4,5/7/2014
"16630,711,""Sport-100 Helmet, Blue"",4,5/7/2014"
16632,873,Patch Kit/8 Patches,4,3/16/2014
16632,929,ML Mountain Tire,4,12/25/2013
16632,933,HL Road Tire,4,3/16/2014
16633,933,HL Road Tire,4,12/20/2013
16633,929,ML Mountain Tire,4,6/7/2014
"16633,711,""Sport-100 Helmet, Blue"",4,12/20/2013"
16634,929,ML Mountain Tire,4,2/2/2014
16634,933,HL Road Tire,4,3/24/2014
16634,922,Road Tire Tube,4,3/24/2014
"16634,708,""Sport-100 Helmet, Black"",4,3/24/2014"
16635,873,Patch Kit/8 Patches,4,9/18/2013
16635,877,Bike Wash - Dissolver,4,6/23/2014
16635,921,Mountain Tire Tube,4,6/23/2014
16635,880,Hydration Pack - 70 oz.,4,6/23/2014
16635,933,HL Road Tire,4,9/18/2013
"16635,860,""Half-Finger Gloves, L"",3,6/23/2014"
"16636,707,""Sport-100 Helmet, Red"",4,5/12/2014"
16638,878,Fender Set - Mountain,4,5/16/2014
16640,929,ML Mountain Tire,4,9/18/2013
16640,933,HL Road Tire,4,6/29/2014
16640,921,Mountain Tire Tube,4,9/18/2013
16641,878,Fender Set - Mountain,4,3/28/2014
"16641,707,""Sport-100 Helmet, Red"",4,3/28/2014"
"16641,858,""Half-Finger Gloves, S"",3,3/28/2014"
16641,871,Mountain Bottle Cage,4,3/28/2014
"16642,708,""Sport-100 Helmet, Black"",4,4/28/2014"
16643,878,Fender Set - Mountain,4,9/6/2013
"16643,868,""Women's Mountain Shorts, M"",3,10/13/2013"
16645,873,Patch Kit/8 Patches,4,3/12/2014
16646,870,Water Bottle - 30 oz.,4,4/4/2014
16646,878,Fender Set - Mountain,4,4/4/2014
"16646,715,""Long-Sleeve Logo Jersey, L"",3,4/4/2014"
16646,871,Mountain Bottle Cage,4,4/4/2014
"16646,707,""Sport-100 Helmet, Red"",4,4/4/2014"
"16646,868,""Women's Mountain Shorts, M"",3,5/25/2014"
"16647,716,""Long-Sleeve Logo Jersey, XL"",3,2/18/2014"
16648,873,Patch Kit/8 Patches,4,5/12/2014
16649,870,Water Bottle - 30 oz.,4,3/4/2014
16649,871,Mountain Bottle Cage,4,3/4/2014
16649,712,AWC Logo Cap,3,3/4/2014
"16649,868,""Women's Mountain Shorts, M"",3,5/25/2014"
16651,870,Water Bottle - 30 oz.,4,4/25/2014
"16652,875,""Racing Socks, L"",3,12/24/2013"
"16652,707,""Sport-100 Helmet, Red"",4,12/24/2013"
16653,921,Mountain Tire Tube,4,3/11/2014
16653,878,Fender Set - Mountain,4,3/11/2014
16653,880,Hydration Pack - 70 oz.,4,3/11/2014
16654,712,AWC Logo Cap,3,8/1/2013
"16655,711,""Sport-100 Helmet, Blue"",4,2/13/2014"
"16656,708,""Sport-100 Helmet, Black"",4,5/20/2014"
"16663,868,""Women's Mountain Shorts, M"",3,7/15/2013"
16665,922,Road Tire Tube,4,4/1/2014
16665,929,ML Mountain Tire,4,2/19/2014
16665,921,Mountain Tire Tube,4,2/19/2014
16665,877,Bike Wash - Dissolver,4,2/19/2014
"16666,859,""Half-Finger Gloves, M"",3,12/26/2013"
"16666,867,""Women's Mountain Shorts, S"",3,7/10/2013"
16666,878,Fender Set - Mountain,4,12/26/2013
"16666,881,""Short-Sleeve Classic Jersey, S"",3,7/10/2013"
16667,873,Patch Kit/8 Patches,4,6/23/2014
16667,871,Mountain Bottle Cage,4,11/19/2013
16667,877,Bike Wash - Dissolver,4,3/5/2014
16667,931,LL Road Tire,4,3/30/2014
16668,872,Road Bottle Cage,4,9/21/2013
"16668,881,""Short-Sleeve Classic Jersey, S"",3,9/21/2013"
16672,870,Water Bottle - 30 oz.,4,11/18/2013
16673,872,Road Bottle Cage,4,11/29/2013
16673,712,AWC Logo Cap,3,11/29/2013
16674,922,Road Tire Tube,4,1/29/2014
16674,929,ML Mountain Tire,4,9/26/2013
16674,921,Mountain Tire Tube,4,9/26/2013
16674,933,HL Road Tire,4,1/29/2014
16675,873,Patch Kit/8 Patches,4,7/19/2013
16675,929,ML Mountain Tire,4,7/19/2013
16676,712,AWC Logo Cap,3,2/19/2014
16677,870,Water Bottle - 30 oz.,4,12/31/2013
"16678,715,""Long-Sleeve Logo Jersey, L"",3,1/26/2014"
"16678,711,""Sport-100 Helmet, Blue"",4,1/26/2014"
16678,921,Mountain Tire Tube,4,1/26/2014
16679,922,Road Tire Tube,4,7/14/2013
16679,929,ML Mountain Tire,4,8/31/2013
16679,933,HL Road Tire,4,7/14/2013
"16679,711,""Sport-100 Helmet, Blue"",4,7/14/2013"
16680,921,Mountain Tire Tube,4,1/9/2014
16680,929,ML Mountain Tire,4,1/9/2014
16680,873,Patch Kit/8 Patches,4,3/19/2014
"16680,708,""Sport-100 Helmet, Black"",4,1/9/2014"
16681,933,HL Road Tire,4,12/9/2013
16681,922,Road Tire Tube,4,12/9/2013
16681,929,ML Mountain Tire,4,11/29/2013
16682,922,Road Tire Tube,4,11/18/2013
16682,929,ML Mountain Tire,4,4/11/2014
16683,921,Mountain Tire Tube,4,10/29/2013
16683,929,ML Mountain Tire,4,10/29/2013
16683,933,HL Road Tire,4,1/3/2014
16684,871,Mountain Bottle Cage,4,5/3/2014
"16685,707,""Sport-100 Helmet, Red"",4,5/12/2014"
16685,921,Mountain Tire Tube,4,5/12/2014
16686,870,Water Bottle - 30 oz.,4,5/26/2014
"16686,858,""Half-Finger Gloves, S"",3,5/26/2014"
16687,870,Water Bottle - 30 oz.,4,6/18/2013
"16687,708,""Sport-100 Helmet, Black"",4,6/18/2013"
"16688,860,""Half-Finger Gloves, L"",3,5/31/2013"
16689,922,Road Tire Tube,4,1/20/2014
16689,879,All-Purpose Bike Stand,4,1/18/2014
"16689,708,""Sport-100 Helmet, Black"",4,1/20/2014"
"16689,866,""Classic Vest, L"",3,1/18/2014"
16690,922,Road Tire Tube,4,2/12/2014
"16690,711,""Sport-100 Helmet, Blue"",4,2/12/2014"
16690,933,HL Road Tire,4,2/12/2014
16690,929,ML Mountain Tire,4,3/3/2014
"16691,881,""Short-Sleeve Classic Jersey, S"",3,8/13/2013"
16692,922,Road Tire Tube,4,1/16/2014
16692,932,ML Road Tire,4,9/10/2013
16693,922,Road Tire Tube,4,6/5/2013
16693,873,Patch Kit/8 Patches,4,6/5/2013
"16694,707,""Sport-100 Helmet, Red"",4,2/27/2014"
16694,877,Bike Wash - Dissolver,4,7/24/2013
16694,932,ML Road Tire,4,7/24/2013
16694,873,Patch Kit/8 Patches,4,7/24/2013
16695,933,HL Road Tire,4,4/1/2014
16695,922,Road Tire Tube,4,4/1/2014
16695,929,ML Mountain Tire,4,2/3/2014
16695,873,Patch Kit/8 Patches,4,4/1/2014
16697,929,ML Mountain Tire,4,3/7/2014
"16697,858,""Half-Finger Gloves, S"",3,7/28/2013"
16698,879,All-Purpose Bike Stand,4,10/17/2013
16698,929,ML Mountain Tire,4,6/12/2014
16698,922,Road Tire Tube,4,10/17/2013
16698,873,Patch Kit/8 Patches,4,6/12/2014
16699,929,ML Mountain Tire,4,2/27/2014
16699,921,Mountain Tire Tube,4,2/27/2014
"16700,882,""Short-Sleeve Classic Jersey, M"",3,11/25/2013"
16700,929,ML Mountain Tire,4,11/18/2013
"16701,874,""Racing Socks, M"",3,8/20/2013"
16703,870,Water Bottle - 30 oz.,4,7/6/2013
16703,872,Road Bottle Cage,4,7/6/2013
16704,921,Mountain Tire Tube,4,12/12/2013
"16704,884,""Short-Sleeve Classic Jersey, XL"",3,11/25/2013"
16704,873,Patch Kit/8 Patches,4,12/12/2013
16705,712,AWC Logo Cap,3,4/12/2014
16705,921,Mountain Tire Tube,4,1/10/2014
"16705,883,""Short-Sleeve Classic Jersey, L"",3,4/12/2014"
16706,929,ML Mountain Tire,4,3/2/2014
16706,712,AWC Logo Cap,3,2/22/2014
16708,870,Water Bottle - 30 oz.,4,9/25/2013
16709,872,Road Bottle Cage,4,12/21/2013
"16709,883,""Short-Sleeve Classic Jersey, L"",3,12/25/2013"
"16709,884,""Short-Sleeve Classic Jersey, XL"",3,12/21/2013"
16709,878,Fender Set - Mountain,4,12/25/2013
16710,921,Mountain Tire Tube,4,12/3/2013
16710,873,Patch Kit/8 Patches,4,12/3/2013
"16710,884,""Short-Sleeve Classic Jersey, XL"",3,5/29/2014"
"16711,883,""Short-Sleeve Classic Jersey, L"",3,8/7/2013"
16711,929,ML Mountain Tire,4,12/12/2013
"16711,711,""Sport-100 Helmet, Blue"",4,12/12/2013"
16711,712,AWC Logo Cap,3,8/7/2013
16713,870,Water Bottle - 30 oz.,4,7/11/2013
16713,880,Hydration Pack - 70 oz.,4,7/11/2013
16714,921,Mountain Tire Tube,4,1/4/2014
"16714,708,""Sport-100 Helmet, Black"",4,1/4/2014"
16715,921,Mountain Tire Tube,4,1/24/2014
16716,871,Mountain Bottle Cage,4,9/8/2013
16716,921,Mountain Tire Tube,4,9/8/2013
16716,870,Water Bottle - 30 oz.,4,9/8/2013
"16717,707,""Sport-100 Helmet, Red"",4,12/1/2013"
16717,871,Mountain Bottle Cage,4,2/17/2014
16717,933,HL Road Tire,4,9/11/2013
"16717,864,""Classic Vest, S"",3,12/1/2013"
16717,922,Road Tire Tube,4,9/11/2013
16717,870,Water Bottle - 30 oz.,4,2/17/2014
"16717,711,""Sport-100 Helmet, Blue"",4,2/17/2014"
16717,878,Fender Set - Mountain,4,12/1/2013
"16718,875,""Racing Socks, L"",3,4/20/2014"
"16719,708,""Sport-100 Helmet, Black"",4,3/21/2014"
"16720,708,""Sport-100 Helmet, Black"",4,12/1/2013"
16721,871,Mountain Bottle Cage,4,5/31/2014
16721,878,Fender Set - Mountain,4,6/24/2014
16721,873,Patch Kit/8 Patches,4,9/8/2013
"16721,708,""Sport-100 Helmet, Black"",4,6/24/2014"
16721,870,Water Bottle - 30 oz.,4,5/31/2014
16723,921,Mountain Tire Tube,4,6/23/2014
16724,921,Mountain Tire Tube,4,4/4/2014
"16725,875,""Racing Socks, L"",3,5/11/2014"
16726,873,Patch Kit/8 Patches,4,5/28/2014
16729,877,Bike Wash - Dissolver,4,1/16/2014
16729,878,Fender Set - Mountain,4,1/16/2014
16730,878,Fender Set - Mountain,4,6/23/2014
16730,870,Water Bottle - 30 oz.,4,5/4/2014
16730,872,Road Bottle Cage,4,5/4/2014
"16730,713,""Long-Sleeve Logo Jersey, S"",3,6/23/2014"
"16731,860,""Half-Finger Gloves, L"",3,8/3/2013"
"16731,875,""Racing Socks, L"",3,4/16/2014"
16731,871,Mountain Bottle Cage,4,12/13/2013
16731,922,Road Tire Tube,4,8/3/2013
16731,929,ML Mountain Tire,4,4/16/2014
16731,878,Fender Set - Mountain,4,12/13/2013
16733,922,Road Tire Tube,4,1/6/2014
16733,932,ML Road Tire,4,1/4/2014
"16734,883,""Short-Sleeve Classic Jersey, L"",3,11/11/2013"
"16734,715,""Long-Sleeve Logo Jersey, L"",3,9/29/2013"
16735,870,Water Bottle - 30 oz.,4,1/21/2014
16736,880,Hydration Pack - 70 oz.,4,11/15/2013
16738,878,Fender Set - Mountain,4,10/20/2013
16738,872,Road Bottle Cage,4,8/13/2013
16738,870,Water Bottle - 30 oz.,4,8/13/2013
16739,932,ML Road Tire,4,8/7/2013
16739,922,Road Tire Tube,4,8/7/2013
16739,873,Patch Kit/8 Patches,4,8/7/2013
16740,872,Road Bottle Cage,4,7/17/2013
16740,870,Water Bottle - 30 oz.,4,7/17/2013
16742,870,Water Bottle - 30 oz.,4,8/14/2013
16742,872,Road Bottle Cage,4,8/14/2013
16743,872,Road Bottle Cage,4,8/29/2013
"16743,711,""Sport-100 Helmet, Blue"",4,8/29/2013"
16744,870,Water Bottle - 30 oz.,4,8/8/2013
"16744,711,""Sport-100 Helmet, Blue"",4,8/8/2013"
"16746,858,""Half-Finger Gloves, S"",3,7/31/2013"
16746,870,Water Bottle - 30 oz.,4,7/31/2013
16747,922,Road Tire Tube,4,11/30/2013
"16748,884,""Short-Sleeve Classic Jersey, XL"",3,5/10/2014"
16749,921,Mountain Tire Tube,4,5/7/2014
"16749,708,""Sport-100 Helmet, Black"",4,5/7/2014"
16750,921,Mountain Tire Tube,4,8/21/2013
16751,872,Road Bottle Cage,4,12/20/2013
16751,870,Water Bottle - 30 oz.,4,12/20/2013
16752,872,Road Bottle Cage,4,1/17/2014
16752,870,Water Bottle - 30 oz.,4,1/17/2014
16754,873,Patch Kit/8 Patches,4,1/2/2014
16754,930,HL Mountain Tire,4,1/2/2014
16754,872,Road Bottle Cage,4,8/17/2013
16754,870,Water Bottle - 30 oz.,4,8/17/2013
16756,878,Fender Set - Mountain,4,3/18/2014
16759,873,Patch Kit/8 Patches,4,3/25/2014
16760,870,Water Bottle - 30 oz.,4,8/10/2013
"16760,881,""Short-Sleeve Classic Jersey, S"",3,8/10/2013"
16762,922,Road Tire Tube,4,2/22/2014
"16764,711,""Sport-100 Helmet, Blue"",4,10/21/2013"
16767,880,Hydration Pack - 70 oz.,4,8/14/2013
16771,878,Fender Set - Mountain,4,8/1/2013
16771,870,Water Bottle - 30 oz.,4,2/21/2014
16771,871,Mountain Bottle Cage,4,2/21/2014
"16771,711,""Sport-100 Helmet, Blue"",4,2/21/2014"
16772,878,Fender Set - Mountain,4,3/27/2014
16772,870,Water Bottle - 30 oz.,4,8/15/2013
16772,933,HL Road Tire,4,6/11/2014
"16772,714,""Long-Sleeve Logo Jersey, M"",3,6/11/2014"
16772,922,Road Tire Tube,4,6/11/2014
16773,712,AWC Logo Cap,3,12/8/2013
"16774,715,""Long-Sleeve Logo Jersey, L"",3,11/15/2013"
16777,876,Hitch Rack - 4-Bike,4,7/27/2013
16778,712,AWC Logo Cap,3,3/29/2014
"16778,707,""Sport-100 Helmet, Red"",4,3/29/2014"
16780,870,Water Bottle - 30 oz.,4,2/5/2014
16781,870,Water Bottle - 30 oz.,4,7/1/2013
"16781,708,""Sport-100 Helmet, Black"",4,7/1/2013"
16782,873,Patch Kit/8 Patches,4,3/10/2014
16782,922,Road Tire Tube,4,3/10/2014
16783,870,Water Bottle - 30 oz.,4,4/24/2014
16785,870,Water Bottle - 30 oz.,4,3/2/2014
16785,871,Mountain Bottle Cage,4,3/2/2014
"16787,707,""Sport-100 Helmet, Red"",4,4/27/2014"
16788,870,Water Bottle - 30 oz.,4,9/15/2013
16790,922,Road Tire Tube,4,5/27/2014
"16790,711,""Sport-100 Helmet, Blue"",4,5/27/2014"
"16790,714,""Long-Sleeve Logo Jersey, M"",3,5/27/2014"
16791,922,Road Tire Tube,4,10/23/2013
16793,922,Road Tire Tube,4,6/9/2013
"16793,716,""Long-Sleeve Logo Jersey, XL"",3,6/9/2013"
16793,932,ML Road Tire,4,6/9/2013
"16794,711,""Sport-100 Helmet, Blue"",4,6/17/2013"
16795,870,Water Bottle - 30 oz.,4,4/26/2014
16795,880,Hydration Pack - 70 oz.,4,4/26/2014
16796,870,Water Bottle - 30 oz.,4,10/17/2013
16797,932,ML Road Tire,4,6/10/2013
16797,922,Road Tire Tube,4,6/10/2013
"16798,711,""Sport-100 Helmet, Blue"",4,6/18/2013"
16798,922,Road Tire Tube,4,6/18/2013
16800,873,Patch Kit/8 Patches,4,5/2/2014
16800,871,Mountain Bottle Cage,4,11/17/2013
16800,933,HL Road Tire,4,6/7/2014
16800,878,Fender Set - Mountain,4,5/2/2014
16801,870,Water Bottle - 30 oz.,4,2/10/2014
"16802,875,""Racing Socks, L"",3,7/20/2013"
"16803,713,""Long-Sleeve Logo Jersey, S"",3,6/16/2013"
16804,873,Patch Kit/8 Patches,4,6/17/2013
16805,870,Water Bottle - 30 oz.,4,6/17/2013
16805,872,Road Bottle Cage,4,6/17/2013
"16806,716,""Long-Sleeve Logo Jersey, XL"",3,5/9/2014"
16807,873,Patch Kit/8 Patches,4,6/16/2013
16808,712,AWC Logo Cap,3,2/16/2014
16809,712,AWC Logo Cap,3,3/18/2014
16813,870,Water Bottle - 30 oz.,4,4/26/2014
16814,870,Water Bottle - 30 oz.,4,7/6/2013
16818,871,Mountain Bottle Cage,4,3/9/2014
"16818,711,""Sport-100 Helmet, Blue"",4,3/9/2014"
16818,878,Fender Set - Mountain,4,3/9/2014
"16820,860,""Half-Finger Gloves, L"",3,1/21/2014"
16820,872,Road Bottle Cage,4,5/11/2014
16820,878,Fender Set - Mountain,4,1/21/2014
16820,870,Water Bottle - 30 oz.,4,5/11/2014
16821,870,Water Bottle - 30 oz.,4,1/19/2014
"16821,708,""Sport-100 Helmet, Black"",4,1/19/2014"
16821,871,Mountain Bottle Cage,4,1/19/2014
"16822,708,""Sport-100 Helmet, Black"",4,2/16/2014"
16822,712,AWC Logo Cap,3,2/16/2014
16823,878,Fender Set - Mountain,4,1/18/2014
16823,923,Touring Tire Tube,4,2/24/2014
16823,934,Touring Tire,4,2/24/2014
"16823,875,""Racing Socks, L"",3,1/18/2014"
16824,712,AWC Logo Cap,3,12/31/2013
16824,872,Road Bottle Cage,4,11/27/2013
16825,871,Mountain Bottle Cage,4,4/19/2014
16825,878,Fender Set - Mountain,4,4/19/2014
"16825,860,""Half-Finger Gloves, L"",3,4/19/2014"
16826,870,Water Bottle - 30 oz.,4,11/24/2013
16826,872,Road Bottle Cage,4,11/24/2013
"16826,707,""Sport-100 Helmet, Red"",4,11/24/2013"
16826,712,AWC Logo Cap,3,11/24/2013
"16827,883,""Short-Sleeve Classic Jersey, L"",3,1/8/2014"
16827,872,Road Bottle Cage,4,3/24/2014
16827,870,Water Bottle - 30 oz.,4,3/24/2014
16828,873,Patch Kit/8 Patches,4,1/23/2014
"16828,707,""Sport-100 Helmet, Red"",4,3/18/2014"
16828,712,AWC Logo Cap,3,3/18/2014
16828,870,Water Bottle - 30 oz.,4,3/18/2014
"16829,874,""Racing Socks, M"",3,3/6/2014"
16829,712,AWC Logo Cap,3,1/12/2014
16829,871,Mountain Bottle Cage,4,1/12/2014
16830,873,Patch Kit/8 Patches,4,1/23/2014
16830,870,Water Bottle - 30 oz.,4,10/30/2013
16831,872,Road Bottle Cage,4,3/19/2014
16831,870,Water Bottle - 30 oz.,4,3/19/2014
16832,871,Mountain Bottle Cage,4,3/24/2014
"16832,707,""Sport-100 Helmet, Red"",4,3/24/2014"
16833,712,AWC Logo Cap,3,3/30/2014
16833,871,Mountain Bottle Cage,4,3/30/2014
"16836,858,""Half-Finger Gloves, S"",3,1/16/2014"
"16836,714,""Long-Sleeve Logo Jersey, M"",3,1/16/2014"
16836,878,Fender Set - Mountain,4,1/16/2014
16837,878,Fender Set - Mountain,4,1/4/2014
"16837,869,""Women's Mountain Shorts, L"",3,5/19/2014"
16838,870,Water Bottle - 30 oz.,4,3/2/2014
"16840,716,""Long-Sleeve Logo Jersey, XL"",3,10/24/2013"
"16840,869,""Women's Mountain Shorts, L"",3,10/24/2013"
16840,878,Fender Set - Mountain,4,11/27/2013
"16841,868,""Women's Mountain Shorts, M"",3,7/28/2013"
"16841,708,""Sport-100 Helmet, Black"",4,10/29/2013"
"16843,713,""Long-Sleeve Logo Jersey, S"",3,3/29/2014"
"16843,707,""Sport-100 Helmet, Red"",4,3/29/2014"
16844,921,Mountain Tire Tube,4,3/24/2014
"16844,711,""Sport-100 Helmet, Blue"",4,3/24/2014"
"16845,865,""Classic Vest, M"",3,3/7/2014"
"16846,868,""Women's Mountain Shorts, M"",3,7/24/2013"
"16846,884,""Short-Sleeve Classic Jersey, XL"",3,7/24/2013"
"16846,708,""Sport-100 Helmet, Black"",4,9/19/2013"
"16847,884,""Short-Sleeve Classic Jersey, XL"",3,11/14/2013"
16847,878,Fender Set - Mountain,4,4/24/2014
16847,712,AWC Logo Cap,3,11/14/2013
"16847,869,""Women's Mountain Shorts, L"",3,11/14/2013"
16848,878,Fender Set - Mountain,4,6/21/2014
"16848,874,""Racing Socks, M"",3,6/21/2014"
"16848,868,""Women's Mountain Shorts, M"",3,7/3/2013"
"16849,713,""Long-Sleeve Logo Jersey, S"",3,5/6/2014"
"16849,868,""Women's Mountain Shorts, M"",3,5/6/2014"
16849,878,Fender Set - Mountain,4,6/7/2014
16851,870,Water Bottle - 30 oz.,4,3/25/2014
"16851,707,""Sport-100 Helmet, Red"",4,3/25/2014"
"16852,866,""Classic Vest, L"",3,3/17/2014"
16854,877,Bike Wash - Dissolver,4,3/6/2014
16854,930,HL Mountain Tire,4,3/6/2014
16855,878,Fender Set - Mountain,4,3/18/2014
16855,712,AWC Logo Cap,3,5/19/2014
"16855,868,""Women's Mountain Shorts, M"",3,5/19/2014"
16856,870,Water Bottle - 30 oz.,4,1/28/2014
"16857,715,""Long-Sleeve Logo Jersey, L"",3,10/4/2013"
"16859,864,""Classic Vest, S"",3,3/19/2014"
16861,870,Water Bottle - 30 oz.,4,6/15/2014
16862,870,Water Bottle - 30 oz.,4,6/15/2014
16863,870,Water Bottle - 30 oz.,4,8/5/2013
"16863,708,""Sport-100 Helmet, Black"",4,8/5/2013"
"16864,708,""Sport-100 Helmet, Black"",4,3/28/2014"
16864,930,HL Mountain Tire,4,3/28/2014
"16865,708,""Sport-100 Helmet, Black"",4,3/24/2014"
16865,870,Water Bottle - 30 oz.,4,3/24/2014
"16866,708,""Sport-100 Helmet, Black"",4,3/15/2014"
"16866,860,""Half-Finger Gloves, L"",3,3/15/2014"
16866,930,HL Mountain Tire,4,3/15/2014
16866,921,Mountain Tire Tube,4,3/15/2014
16867,870,Water Bottle - 30 oz.,4,3/6/2014
"16867,715,""Long-Sleeve Logo Jersey, L"",3,3/6/2014"
16867,871,Mountain Bottle Cage,4,3/6/2014
16869,878,Fender Set - Mountain,4,3/6/2014
16870,878,Fender Set - Mountain,4,7/15/2013
16870,933,HL Road Tire,4,11/22/2013
"16870,860,""Half-Finger Gloves, L"",3,7/6/2013"
16870,880,Hydration Pack - 70 oz.,4,7/15/2013
16872,870,Water Bottle - 30 oz.,4,3/18/2014
16872,878,Fender Set - Mountain,4,3/18/2014
16872,871,Mountain Bottle Cage,4,3/18/2014
16873,872,Road Bottle Cage,4,12/23/2013
"16873,860,""Half-Finger Gloves, L"",3,12/23/2013"
"16875,711,""Sport-100 Helmet, Blue"",4,11/24/2013"
16876,933,HL Road Tire,4,9/24/2013
16876,873,Patch Kit/8 Patches,4,9/24/2013
"16876,715,""Long-Sleeve Logo Jersey, L"",3,5/7/2014"
16876,871,Mountain Bottle Cage,4,2/25/2014
"16877,707,""Sport-100 Helmet, Red"",4,7/18/2013"
16879,932,ML Road Tire,4,7/29/2013
16880,870,Water Bottle - 30 oz.,4,3/26/2014
16880,871,Mountain Bottle Cage,4,3/26/2014
"16883,874,""Racing Socks, M"",3,6/7/2014"
16883,870,Water Bottle - 30 oz.,4,6/7/2014
"16884,711,""Sport-100 Helmet, Blue"",4,9/6/2013"
"16885,707,""Sport-100 Helmet, Red"",4,8/16/2013"
16886,922,Road Tire Tube,4,7/7/2013
16887,870,Water Bottle - 30 oz.,4,7/23/2013
16887,872,Road Bottle Cage,4,7/23/2013
16889,932,ML Road Tire,4,8/10/2013
"16890,881,""Short-Sleeve Classic Jersey, S"",3,8/14/2013"
"16890,860,""Half-Finger Gloves, L"",3,8/14/2013"
16890,932,ML Road Tire,4,8/14/2013
16891,880,Hydration Pack - 70 oz.,4,4/29/2014
16893,878,Fender Set - Mountain,4,3/19/2014
"16894,881,""Short-Sleeve Classic Jersey, S"",3,8/7/2013"
"16895,860,""Half-Finger Gloves, L"",3,8/19/2013"
16896,870,Water Bottle - 30 oz.,4,8/16/2013
"16897,883,""Short-Sleeve Classic Jersey, L"",3,8/1/2013"
16900,873,Patch Kit/8 Patches,4,1/17/2014
"16901,707,""Sport-100 Helmet, Red"",4,2/25/2014"
16902,878,Fender Set - Mountain,4,10/23/2013
"16902,869,""Women's Mountain Shorts, L"",3,6/11/2014"
16906,930,HL Mountain Tire,4,1/10/2014
"16908,715,""Long-Sleeve Logo Jersey, L"",3,3/8/2014"
16909,878,Fender Set - Mountain,4,3/29/2014
"16910,716,""Long-Sleeve Logo Jersey, XL"",3,7/16/2013"
16910,878,Fender Set - Mountain,4,7/16/2013
"16911,883,""Short-Sleeve Classic Jersey, L"",3,2/11/2014"
"16912,865,""Classic Vest, M"",3,4/28/2014"
16913,712,AWC Logo Cap,3,1/23/2014
16914,871,Mountain Bottle Cage,4,4/30/2014
"16914,708,""Sport-100 Helmet, Black"",4,4/30/2014"
16916,871,Mountain Bottle Cage,4,4/15/2014
16916,712,AWC Logo Cap,3,4/15/2014
"16916,884,""Short-Sleeve Classic Jersey, XL"",3,4/15/2014"
16916,921,Mountain Tire Tube,4,4/15/2014
16916,930,HL Mountain Tire,4,4/15/2014
"16918,711,""Sport-100 Helmet, Blue"",4,6/18/2014"
"16918,860,""Half-Finger Gloves, L"",3,6/18/2014"
16919,870,Water Bottle - 30 oz.,4,5/24/2014
"16919,707,""Sport-100 Helmet, Red"",4,9/18/2013"
16919,878,Fender Set - Mountain,4,9/18/2013
"16922,714,""Long-Sleeve Logo Jersey, M"",3,6/24/2014"
16922,870,Water Bottle - 30 oz.,4,6/24/2014
16922,712,AWC Logo Cap,3,6/24/2014
16923,870,Water Bottle - 30 oz.,4,5/8/2014
"16924,714,""Long-Sleeve Logo Jersey, M"",3,9/21/2013"
"16925,708,""Sport-100 Helmet, Black"",4,9/9/2013"
16925,922,Road Tire Tube,4,9/9/2013
16926,870,Water Bottle - 30 oz.,4,10/13/2013
16926,872,Road Bottle Cage,4,10/13/2013
16926,712,AWC Logo Cap,3,10/13/2013
"16927,875,""Racing Socks, L"",3,7/20/2013"
16927,878,Fender Set - Mountain,4,7/20/2013
16930,877,Bike Wash - Dissolver,4,9/2/2013
16930,878,Fender Set - Mountain,4,6/4/2014
16931,880,Hydration Pack - 70 oz.,4,11/10/2013
16931,872,Road Bottle Cage,4,11/10/2013
16932,921,Mountain Tire Tube,4,11/29/2013
16932,873,Patch Kit/8 Patches,4,2/2/2014
16933,921,Mountain Tire Tube,4,5/17/2014
16933,923,Touring Tire Tube,4,2/20/2014
"16933,716,""Long-Sleeve Logo Jersey, XL"",3,2/20/2014"
16934,878,Fender Set - Mountain,4,2/25/2014
16934,880,Hydration Pack - 70 oz.,4,3/23/2014
16934,923,Touring Tire Tube,4,3/23/2014
16935,923,Touring Tire Tube,4,12/9/2013
16935,921,Mountain Tire Tube,4,2/24/2014
"16935,708,""Sport-100 Helmet, Black"",4,2/24/2014"
"16936,707,""Sport-100 Helmet, Red"",4,7/21/2013"
16936,932,ML Road Tire,4,7/21/2013
16937,712,AWC Logo Cap,3,6/18/2013
16939,928,LL Mountain Tire,4,1/22/2014
"16941,708,""Sport-100 Helmet, Black"",4,5/9/2014"
16941,928,LL Mountain Tire,4,5/9/2014
16943,877,Bike Wash - Dissolver,4,12/2/2013
16943,921,Mountain Tire Tube,4,12/2/2013
"16944,715,""Long-Sleeve Logo Jersey, L"",3,6/5/2013"
"16944,708,""Sport-100 Helmet, Black"",4,6/5/2013"
"16946,715,""Long-Sleeve Logo Jersey, L"",3,5/26/2014"
"16948,711,""Sport-100 Helmet, Blue"",4,6/7/2014"
16948,922,Road Tire Tube,4,6/7/2014
"16948,714,""Long-Sleeve Logo Jersey, M"",3,12/2/2013"
16948,878,Fender Set - Mountain,4,9/4/2013
"16948,708,""Sport-100 Helmet, Black"",4,12/2/2013"
"16948,859,""Half-Finger Gloves, M"",3,12/2/2013"
"16949,883,""Short-Sleeve Classic Jersey, L"",3,9/20/2013"
16950,712,AWC Logo Cap,3,9/30/2013
"16950,864,""Classic Vest, S"",3,10/16/2013"
16950,878,Fender Set - Mountain,4,12/23/2013
"16950,715,""Long-Sleeve Logo Jersey, L"",3,12/23/2013"
16950,933,HL Road Tire,4,10/16/2013
16950,871,Mountain Bottle Cage,4,12/23/2013
"16953,874,""Racing Socks, M"",3,7/5/2013"
16954,870,Water Bottle - 30 oz.,4,6/14/2014
16954,712,AWC Logo Cap,3,6/14/2014
"16955,859,""Half-Finger Gloves, M"",3,11/28/2013"
"16957,707,""Sport-100 Helmet, Red"",4,5/23/2014"
16958,871,Mountain Bottle Cage,4,9/3/2013
16958,870,Water Bottle - 30 oz.,4,9/3/2013
16958,922,Road Tire Tube,4,8/8/2013
"16958,711,""Sport-100 Helmet, Blue"",4,8/8/2013"
16958,933,HL Road Tire,4,8/8/2013
"16958,707,""Sport-100 Helmet, Red"",4,7/14/2013"
16959,873,Patch Kit/8 Patches,4,8/28/2013
16959,871,Mountain Bottle Cage,4,1/22/2014
"16959,864,""Classic Vest, S"",3,8/7/2013"
16959,933,HL Road Tire,4,8/28/2013
16961,870,Water Bottle - 30 oz.,4,4/1/2014
"16961,874,""Racing Socks, M"",3,4/1/2014"
16962,870,Water Bottle - 30 oz.,4,6/21/2014
16963,870,Water Bottle - 30 oz.,4,9/2/2013
16964,870,Water Bottle - 30 oz.,4,11/23/2013
16964,878,Fender Set - Mountain,4,7/4/2013
16964,871,Mountain Bottle Cage,4,11/23/2013
"16964,707,""Sport-100 Helmet, Red"",4,7/31/2013"
16965,870,Water Bottle - 30 oz.,4,8/18/2013
16968,878,Fender Set - Mountain,4,4/20/2014
"16971,707,""Sport-100 Helmet, Red"",4,11/25/2013"
"16971,858,""Half-Finger Gloves, S"",3,11/25/2013"
16973,922,Road Tire Tube,4,9/16/2013
16973,932,ML Road Tire,4,9/16/2013
16973,876,Hitch Rack - 4-Bike,4,9/16/2013
16974,922,Road Tire Tube,4,9/9/2013
16975,712,AWC Logo Cap,3,2/6/2014
"16975,881,""Short-Sleeve Classic Jersey, S"",3,2/6/2014"
"16976,708,""Sport-100 Helmet, Black"",4,8/31/2013"
16980,870,Water Bottle - 30 oz.,4,9/11/2013
16981,870,Water Bottle - 30 oz.,4,4/19/2014
16981,877,Bike Wash - Dissolver,4,4/19/2014
"16982,707,""Sport-100 Helmet, Red"",4,6/30/2013"
"16982,715,""Long-Sleeve Logo Jersey, L"",3,6/30/2013"
16983,930,HL Mountain Tire,4,4/25/2014
"16984,714,""Long-Sleeve Logo Jersey, M"",3,10/15/2013"
16985,712,AWC Logo Cap,3,1/25/2014
16986,870,Water Bottle - 30 oz.,4,12/3/2013
16990,880,Hydration Pack - 70 oz.,4,11/27/2013
"16991,707,""Sport-100 Helmet, Red"",4,8/21/2013"
16993,870,Water Bottle - 30 oz.,4,11/25/2013
16994,870,Water Bottle - 30 oz.,4,1/31/2014
"16997,884,""Short-Sleeve Classic Jersey, XL"",3,10/19/2013"
17002,878,Fender Set - Mountain,4,4/20/2014
17002,871,Mountain Bottle Cage,4,4/20/2014
"17003,859,""Half-Finger Gloves, M"",3,3/31/2014"
"17003,716,""Long-Sleeve Logo Jersey, XL"",3,3/31/2014"
"17004,864,""Classic Vest, S"",3,4/3/2014"
17005,878,Fender Set - Mountain,4,4/23/2014
"17005,708,""Sport-100 Helmet, Black"",4,4/23/2014"
"17006,714,""Long-Sleeve Logo Jersey, M"",3,4/24/2014"
"17006,858,""Half-Finger Gloves, S"",3,4/24/2014"
17009,878,Fender Set - Mountain,4,4/10/2014
"17010,715,""Long-Sleeve Logo Jersey, L"",3,4/17/2014"
17010,921,Mountain Tire Tube,4,4/17/2014
"17013,707,""Sport-100 Helmet, Red"",4,4/20/2014"
17013,878,Fender Set - Mountain,4,4/20/2014
"17016,707,""Sport-100 Helmet, Red"",4,7/19/2013"
"17016,715,""Long-Sleeve Logo Jersey, L"",3,7/19/2013"
"17016,874,""Racing Socks, M"",3,7/19/2013"
17017,930,HL Mountain Tire,4,4/30/2014
"17018,884,""Short-Sleeve Classic Jersey, XL"",3,10/9/2013"
"17018,707,""Sport-100 Helmet, Red"",4,10/9/2013"
17019,870,Water Bottle - 30 oz.,4,5/2/2014
17020,870,Water Bottle - 30 oz.,4,10/2/2013
17022,712,AWC Logo Cap,3,10/29/2013
17024,932,ML Road Tire,4,10/9/2013
"17026,713,""Long-Sleeve Logo Jersey, S"",3,8/6/2013"
17026,871,Mountain Bottle Cage,4,8/20/2013
17026,921,Mountain Tire Tube,4,7/31/2013
17026,928,LL Mountain Tire,4,7/31/2013
"17026,711,""Sport-100 Helmet, Blue"",4,8/6/2013"
17026,870,Water Bottle - 30 oz.,4,8/20/2013
"17026,859,""Half-Finger Gloves, M"",3,8/20/2013"
17027,871,Mountain Bottle Cage,4,8/27/2013
"17027,860,""Half-Finger Gloves, L"",3,8/27/2013"
"17027,864,""Classic Vest, S"",3,11/4/2013"
17027,878,Fender Set - Mountain,4,11/4/2013
"17027,882,""Short-Sleeve Classic Jersey, M"",3,8/27/2013"
17027,921,Mountain Tire Tube,4,7/5/2013
17028,712,AWC Logo Cap,3,10/20/2013
17029,712,AWC Logo Cap,3,10/27/2013
17031,870,Water Bottle - 30 oz.,4,9/9/2013
17032,870,Water Bottle - 30 oz.,4,3/15/2014
17033,870,Water Bottle - 30 oz.,4,9/13/2013
17035,870,Water Bottle - 30 oz.,4,7/18/2013
17036,878,Fender Set - Mountain,4,7/23/2013
"17036,868,""Women's Mountain Shorts, M"",3,10/31/2013"
"17036,714,""Long-Sleeve Logo Jersey, M"",3,10/31/2013"
17037,870,Water Bottle - 30 oz.,4,2/4/2014
17038,873,Patch Kit/8 Patches,4,4/4/2014
"17039,707,""Sport-100 Helmet, Red"",4,10/6/2013"
"17040,708,""Sport-100 Helmet, Black"",4,10/26/2013"
"17043,711,""Sport-100 Helmet, Blue"",4,10/2/2013"
17044,870,Water Bottle - 30 oz.,4,2/14/2014
"17045,882,""Short-Sleeve Classic Jersey, M"",3,9/20/2013"
"17045,867,""Women's Mountain Shorts, S"",3,9/20/2013"
"17046,867,""Women's Mountain Shorts, S"",3,9/28/2013"
"17050,860,""Half-Finger Gloves, L"",3,10/14/2013"
"17050,868,""Women's Mountain Shorts, M"",3,10/14/2013"
17051,933,HL Road Tire,4,9/27/2013
17051,922,Road Tire Tube,4,9/27/2013
17052,929,ML Mountain Tire,4,9/20/2013
"17052,881,""Short-Sleeve Classic Jersey, S"",3,11/19/2013"
17052,877,Bike Wash - Dissolver,4,9/20/2013
"17053,707,""Sport-100 Helmet, Red"",4,10/23/2013"
17053,921,Mountain Tire Tube,4,10/23/2013
17053,929,ML Mountain Tire,4,10/23/2013
"17054,882,""Short-Sleeve Classic Jersey, M"",3,3/25/2014"
17057,929,ML Mountain Tire,4,9/17/2013
17057,873,Patch Kit/8 Patches,4,9/17/2013
"17058,881,""Short-Sleeve Classic Jersey, S"",3,5/12/2014"
"17059,708,""Sport-100 Helmet, Black"",4,11/11/2013"
"17059,882,""Short-Sleeve Classic Jersey, M"",3,5/10/2014"
17059,929,ML Mountain Tire,4,11/11/2013
"17060,711,""Sport-100 Helmet, Blue"",4,12/14/2013"
17060,921,Mountain Tire Tube,4,12/14/2013
17060,929,ML Mountain Tire,4,12/14/2013
17061,929,ML Mountain Tire,4,12/15/2013
"17061,884,""Short-Sleeve Classic Jersey, XL"",3,12/13/2013"
17062,921,Mountain Tire Tube,4,8/10/2013
17062,873,Patch Kit/8 Patches,4,8/10/2013
"17062,882,""Short-Sleeve Classic Jersey, M"",3,7/1/2013"
"17063,884,""Short-Sleeve Classic Jersey, XL"",3,8/31/2013"
17063,929,ML Mountain Tire,4,7/24/2013
17063,873,Patch Kit/8 Patches,4,7/24/2013
17063,712,AWC Logo Cap,3,8/31/2013
"17066,859,""Half-Finger Gloves, M"",3,3/3/2014"
17066,873,Patch Kit/8 Patches,4,1/5/2014
17066,922,Road Tire Tube,4,1/5/2014
"17066,714,""Long-Sleeve Logo Jersey, M"",3,3/3/2014"
"17067,713,""Long-Sleeve Logo Jersey, S"",3,1/26/2014"
"17067,711,""Sport-100 Helmet, Blue"",4,5/23/2014"
17067,932,ML Road Tire,4,5/23/2014
17068,929,ML Mountain Tire,4,6/10/2014
"17068,881,""Short-Sleeve Classic Jersey, S"",3,11/29/2013"
"17069,875,""Racing Socks, L"",3,11/28/2013"
"17070,707,""Sport-100 Helmet, Red"",4,7/23/2013"
17070,929,ML Mountain Tire,4,7/23/2013
"17070,883,""Short-Sleeve Classic Jersey, L"",3,7/15/2013"
"17072,715,""Long-Sleeve Logo Jersey, L"",3,4/27/2014"
"17072,860,""Half-Finger Gloves, L"",3,4/27/2014"
17073,922,Road Tire Tube,4,3/9/2014
"17073,714,""Long-Sleeve Logo Jersey, M"",3,1/3/2014"
17074,922,Road Tire Tube,4,11/25/2013
17074,932,ML Road Tire,4,11/25/2013
"17074,713,""Long-Sleeve Logo Jersey, S"",3,7/2/2013"
17074,712,AWC Logo Cap,3,7/2/2013
"17075,716,""Long-Sleeve Logo Jersey, XL"",3,1/18/2014"
17075,873,Patch Kit/8 Patches,4,1/22/2014
17076,932,ML Road Tire,4,5/28/2014
"17076,859,""Half-Finger Gloves, M"",3,1/10/2014"
17076,922,Road Tire Tube,4,5/28/2014
"17077,858,""Half-Finger Gloves, S"",3,8/2/2013"
"17077,713,""Long-Sleeve Logo Jersey, S"",3,12/9/2013"
17077,922,Road Tire Tube,4,8/2/2013
17077,932,ML Road Tire,4,8/2/2013
"17078,707,""Sport-100 Helmet, Red"",4,7/7/2013"
17078,921,Mountain Tire Tube,4,7/7/2013
17078,712,AWC Logo Cap,3,8/19/2013
"17078,881,""Short-Sleeve Classic Jersey, S"",3,8/19/2013"
17080,873,Patch Kit/8 Patches,4,7/29/2013
17080,932,ML Road Tire,4,7/29/2013
"17081,716,""Long-Sleeve Logo Jersey, XL"",3,12/7/2013"
17083,921,Mountain Tire Tube,4,8/27/2013
17083,928,LL Mountain Tire,4,8/27/2013
17084,873,Patch Kit/8 Patches,4,3/10/2014
17084,922,Road Tire Tube,4,3/10/2014
17085,921,Mountain Tire Tube,4,11/15/2013
17087,873,Patch Kit/8 Patches,4,12/27/2013
17087,877,Bike Wash - Dissolver,4,12/20/2013
17087,880,Hydration Pack - 70 oz.,4,12/27/2013
17087,921,Mountain Tire Tube,4,12/20/2013
17089,928,LL Mountain Tire,4,11/8/2013
"17089,711,""Sport-100 Helmet, Blue"",4,11/8/2013"
17090,928,LL Mountain Tire,4,3/17/2014
17090,921,Mountain Tire Tube,4,3/17/2014
17091,928,LL Mountain Tire,4,5/21/2014
17091,873,Patch Kit/8 Patches,4,5/21/2014
17092,929,ML Mountain Tire,4,7/12/2013
17092,921,Mountain Tire Tube,4,7/12/2013
"17093,711,""Sport-100 Helmet, Blue"",4,4/30/2014"
"17095,716,""Long-Sleeve Logo Jersey, XL"",3,8/15/2013"
17097,929,ML Mountain Tire,4,5/7/2014
17097,921,Mountain Tire Tube,4,5/7/2014
17100,921,Mountain Tire Tube,4,2/23/2014
"17100,711,""Sport-100 Helmet, Blue"",4,2/23/2014"
17100,712,AWC Logo Cap,3,2/23/2014
17100,878,Fender Set - Mountain,4,2/23/2014
"17101,711,""Sport-100 Helmet, Blue"",4,8/19/2013"
17101,923,Touring Tire Tube,4,8/19/2013
17101,880,Hydration Pack - 70 oz.,4,3/4/2014
17101,712,AWC Logo Cap,3,3/4/2014
17102,873,Patch Kit/8 Patches,4,8/12/2013
17102,928,LL Mountain Tire,4,8/12/2013
17103,871,Mountain Bottle Cage,4,2/26/2014
"17103,858,""Half-Finger Gloves, S"",3,2/26/2014"
"17103,708,""Sport-100 Helmet, Black"",4,4/27/2014"
"17105,859,""Half-Finger Gloves, M"",3,11/4/2013"
"17105,708,""Sport-100 Helmet, Black"",4,7/12/2013"
17105,870,Water Bottle - 30 oz.,4,11/4/2013
17105,923,Touring Tire Tube,4,11/4/2013
17106,932,ML Road Tire,4,3/5/2014
"17106,708,""Sport-100 Helmet, Black"",4,3/5/2014"
17106,712,AWC Logo Cap,3,3/5/2014
"17109,882,""Short-Sleeve Classic Jersey, M"",3,8/9/2013"
17109,872,Road Bottle Cage,4,8/9/2013
17110,923,Touring Tire Tube,4,3/1/2014
17110,873,Patch Kit/8 Patches,4,8/31/2013
17110,921,Mountain Tire Tube,4,8/31/2013
17112,873,Patch Kit/8 Patches,4,12/18/2013
17114,921,Mountain Tire Tube,4,3/19/2014
17114,712,AWC Logo Cap,3,4/11/2014
"17114,711,""Sport-100 Helmet, Blue"",4,3/19/2014"
17114,930,HL Mountain Tire,4,3/19/2014
17115,878,Fender Set - Mountain,4,11/11/2013
"17116,714,""Long-Sleeve Logo Jersey, M"",3,12/10/2013"
17116,872,Road Bottle Cage,4,12/10/2013
17117,870,Water Bottle - 30 oz.,4,4/11/2014
17118,872,Road Bottle Cage,4,10/23/2013
17118,712,AWC Logo Cap,3,10/23/2013
17119,921,Mountain Tire Tube,4,9/29/2013
17119,928,LL Mountain Tire,4,9/29/2013
17119,712,AWC Logo Cap,3,7/27/2013
"17119,707,""Sport-100 Helmet, Red"",4,9/29/2013"
17119,870,Water Bottle - 30 oz.,4,7/27/2013
"17119,713,""Long-Sleeve Logo Jersey, S"",3,9/29/2013"
17119,871,Mountain Bottle Cage,4,7/27/2013
"17122,882,""Short-Sleeve Classic Jersey, M"",3,9/5/2013"
17123,712,AWC Logo Cap,3,11/16/2013
17123,870,Water Bottle - 30 oz.,4,11/16/2013
17124,872,Road Bottle Cage,4,11/13/2013
17124,712,AWC Logo Cap,3,11/13/2013
"17126,711,""Sport-100 Helmet, Blue"",4,6/9/2014"
"17126,867,""Women's Mountain Shorts, S"",3,1/14/2014"
17127,872,Road Bottle Cage,4,10/22/2013
"17127,866,""Classic Vest, L"",3,10/22/2013"
17130,870,Water Bottle - 30 oz.,4,8/5/2013
"17130,716,""Long-Sleeve Logo Jersey, XL"",3,8/5/2013"
"17130,711,""Sport-100 Helmet, Blue"",4,8/5/2013"
17133,930,HL Mountain Tire,4,4/4/2014
17134,878,Fender Set - Mountain,4,4/15/2014
"17135,711,""Sport-100 Helmet, Blue"",4,4/22/2014"
17138,880,Hydration Pack - 70 oz.,4,8/23/2013
17139,871,Mountain Bottle Cage,4,4/9/2014
17141,878,Fender Set - Mountain,4,4/30/2014
17142,932,ML Road Tire,4,10/26/2013
"17143,882,""Short-Sleeve Classic Jersey, M"",3,12/6/2013"
17144,932,ML Road Tire,4,10/27/2013
17144,879,All-Purpose Bike Stand,4,10/27/2013
17144,873,Patch Kit/8 Patches,4,10/27/2013
17145,870,Water Bottle - 30 oz.,4,4/15/2014
17146,870,Water Bottle - 30 oz.,4,4/7/2014
"17148,859,""Half-Finger Gloves, M"",3,1/26/2014"
"17150,708,""Sport-100 Helmet, Black"",4,11/18/2013"
17150,922,Road Tire Tube,4,11/18/2013
17151,870,Water Bottle - 30 oz.,4,6/30/2014
17152,877,Bike Wash - Dissolver,4,1/1/2014
"17153,711,""Sport-100 Helmet, Blue"",4,11/17/2013"
17154,922,Road Tire Tube,4,11/15/2013
17154,932,ML Road Tire,4,11/15/2013
17155,712,AWC Logo Cap,3,1/2/2014
"17156,716,""Long-Sleeve Logo Jersey, XL"",3,4/8/2014"
17156,930,HL Mountain Tire,4,4/8/2014
17156,873,Patch Kit/8 Patches,4,4/8/2014
17157,930,HL Mountain Tire,4,3/31/2014
17158,870,Water Bottle - 30 oz.,4,8/22/2013
17161,880,Hydration Pack - 70 oz.,4,8/27/2013
17162,870,Water Bottle - 30 oz.,4,10/1/2013
17163,932,ML Road Tire,4,11/27/2013
17163,922,Road Tire Tube,4,11/27/2013
17164,870,Water Bottle - 30 oz.,4,4/17/2014
17170,870,Water Bottle - 30 oz.,4,9/14/2013
17172,870,Water Bottle - 30 oz.,4,1/7/2014
17175,930,HL Mountain Tire,4,2/9/2014
17176,870,Water Bottle - 30 oz.,4,4/7/2014
17176,871,Mountain Bottle Cage,4,4/7/2014
17177,712,AWC Logo Cap,3,11/24/2013
17178,712,AWC Logo Cap,3,5/18/2014
17179,870,Water Bottle - 30 oz.,4,12/16/2013
17180,870,Water Bottle - 30 oz.,4,4/12/2014
"17180,874,""Racing Socks, M"",3,4/12/2014"
17181,870,Water Bottle - 30 oz.,4,12/14/2013
17181,872,Road Bottle Cage,4,12/14/2013
"17181,708,""Sport-100 Helmet, Black"",4,12/14/2013"
"17182,708,""Sport-100 Helmet, Black"",4,3/16/2014"
17183,871,Mountain Bottle Cage,4,1/16/2014
17183,870,Water Bottle - 30 oz.,4,1/16/2014
"17183,859,""Half-Finger Gloves, M"",3,12/21/2013"
"17184,711,""Sport-100 Helmet, Blue"",4,1/17/2014"
17184,872,Road Bottle Cage,4,12/2/2013
"17184,707,""Sport-100 Helmet, Red"",4,12/2/2013"
17184,878,Fender Set - Mountain,4,1/17/2014
"17185,711,""Sport-100 Helmet, Blue"",4,1/2/2014"
17185,870,Water Bottle - 30 oz.,4,1/2/2014
"17185,708,""Sport-100 Helmet, Black"",4,3/28/2014"
17185,712,AWC Logo Cap,3,3/28/2014
"17186,707,""Sport-100 Helmet, Red"",4,11/19/2013"
17186,873,Patch Kit/8 Patches,4,12/4/2013
17186,930,HL Mountain Tire,4,11/19/2013
17187,870,Water Bottle - 30 oz.,4,12/31/2013
"17189,859,""Half-Finger Gloves, M"",3,8/9/2013"
17190,878,Fender Set - Mountain,4,6/16/2014
"17192,707,""Sport-100 Helmet, Red"",4,3/24/2014"
17193,880,Hydration Pack - 70 oz.,4,5/28/2014
"17193,707,""Sport-100 Helmet, Red"",4,8/13/2013"
17193,923,Touring Tire Tube,4,5/28/2014
17193,930,HL Mountain Tire,4,8/13/2013
17194,871,Mountain Bottle Cage,4,12/23/2013
17194,880,Hydration Pack - 70 oz.,4,12/23/2013
"17194,860,""Half-Finger Gloves, L"",3,12/23/2013"
17195,873,Patch Kit/8 Patches,4,1/2/2014
17196,870,Water Bottle - 30 oz.,4,1/18/2014
17196,877,Bike Wash - Dissolver,4,1/18/2014
17197,878,Fender Set - Mountain,4,5/27/2014
17198,878,Fender Set - Mountain,4,1/21/2014
"17198,715,""Long-Sleeve Logo Jersey, L"",3,1/21/2014"
17198,870,Water Bottle - 30 oz.,4,12/29/2013
"17199,884,""Short-Sleeve Classic Jersey, XL"",3,1/7/2014"
17199,934,Touring Tire,4,1/3/2014
17199,871,Mountain Bottle Cage,4,1/7/2014
17199,923,Touring Tire Tube,4,1/3/2014
17202,872,Road Bottle Cage,4,4/16/2014
17202,871,Mountain Bottle Cage,4,2/27/2014
17202,870,Water Bottle - 30 oz.,4,4/16/2014
"17202,708,""Sport-100 Helmet, Black"",4,4/16/2014"
17203,877,Bike Wash - Dissolver,4,4/18/2014
17203,870,Water Bottle - 30 oz.,4,4/18/2014
17203,871,Mountain Bottle Cage,4,2/21/2014
"17203,711,""Sport-100 Helmet, Blue"",4,2/21/2014"
17204,930,HL Mountain Tire,4,4/11/2014
17204,921,Mountain Tire Tube,4,4/11/2014
17204,923,Touring Tire Tube,4,10/10/2013
17205,923,Touring Tire Tube,4,2/16/2014
"17205,707,""Sport-100 Helmet, Red"",4,2/16/2014"
17207,871,Mountain Bottle Cage,4,2/17/2014
"17207,711,""Sport-100 Helmet, Blue"",4,2/17/2014"
17207,872,Road Bottle Cage,4,4/24/2014
17207,870,Water Bottle - 30 oz.,4,4/24/2014
17208,871,Mountain Bottle Cage,4,12/19/2013
17208,712,AWC Logo Cap,3,12/19/2013
17208,870,Water Bottle - 30 oz.,4,12/19/2013
17210,870,Water Bottle - 30 oz.,4,6/14/2014
"17210,708,""Sport-100 Helmet, Black"",4,6/14/2014"
17210,871,Mountain Bottle Cage,4,6/14/2014
17211,877,Bike Wash - Dissolver,4,7/17/2013
17211,930,HL Mountain Tire,4,7/17/2013
17212,921,Mountain Tire Tube,4,4/29/2014
17212,878,Fender Set - Mountain,4,4/29/2014
"17213,714,""Long-Sleeve Logo Jersey, M"",3,12/13/2013"
"17213,713,""Long-Sleeve Logo Jersey, S"",3,11/19/2013"
17213,930,HL Mountain Tire,4,12/13/2013
"17213,707,""Sport-100 Helmet, Red"",4,12/13/2013"
"17214,874,""Racing Socks, M"",3,4/2/2014"
17215,878,Fender Set - Mountain,4,2/8/2014
"17216,707,""Sport-100 Helmet, Red"",4,2/27/2014"
17216,871,Mountain Bottle Cage,4,2/27/2014
"17217,875,""Racing Socks, L"",3,9/27/2013"
17217,878,Fender Set - Mountain,4,9/27/2013
17218,872,Road Bottle Cage,4,4/24/2014
17218,871,Mountain Bottle Cage,4,2/21/2014
17218,712,AWC Logo Cap,3,4/24/2014
17220,877,Bike Wash - Dissolver,4,1/26/2014
17220,872,Road Bottle Cage,4,1/13/2014
17220,930,HL Mountain Tire,4,1/26/2014
17221,871,Mountain Bottle Cage,4,1/19/2014
17221,921,Mountain Tire Tube,4,1/19/2014
17221,878,Fender Set - Mountain,4,1/19/2014
17221,712,AWC Logo Cap,3,1/2/2014
"17221,707,""Sport-100 Helmet, Red"",4,1/19/2014"
17221,870,Water Bottle - 30 oz.,4,1/19/2014
17222,878,Fender Set - Mountain,4,12/14/2013
17222,870,Water Bottle - 30 oz.,4,12/14/2013
"17224,708,""Sport-100 Helmet, Black"",4,10/18/2013"
17224,878,Fender Set - Mountain,4,10/18/2013
17225,872,Road Bottle Cage,4,4/2/2014
17225,873,Patch Kit/8 Patches,4,1/29/2014
"17225,708,""Sport-100 Helmet, Black"",4,4/2/2014"
"17225,713,""Long-Sleeve Logo Jersey, S"",3,4/2/2014"
"17226,711,""Sport-100 Helmet, Blue"",4,11/5/2013"
17226,923,Touring Tire Tube,4,11/5/2013
17227,932,ML Road Tire,4,9/29/2013
17227,712,AWC Logo Cap,3,11/9/2013
17228,932,ML Road Tire,4,4/7/2014
17228,873,Patch Kit/8 Patches,4,4/7/2014
"17229,881,""Short-Sleeve Classic Jersey, S"",3,12/14/2013"
"17230,881,""Short-Sleeve Classic Jersey, S"",3,8/25/2013"
"17231,882,""Short-Sleeve Classic Jersey, M"",3,2/1/2014"
"17234,883,""Short-Sleeve Classic Jersey, L"",3,10/24/2013"
17234,873,Patch Kit/8 Patches,4,5/9/2014
17234,921,Mountain Tire Tube,4,5/9/2014
"17235,882,""Short-Sleeve Classic Jersey, M"",3,11/6/2013"
"17236,882,""Short-Sleeve Classic Jersey, M"",3,12/14/2013"
17236,873,Patch Kit/8 Patches,4,12/27/2013
17237,712,AWC Logo Cap,3,8/7/2013
17237,929,ML Mountain Tire,4,6/5/2014
17237,921,Mountain Tire Tube,4,6/5/2014
"17237,881,""Short-Sleeve Classic Jersey, S"",3,6/5/2014"
"17238,864,""Classic Vest, S"",3,8/29/2013"
17238,929,ML Mountain Tire,4,8/29/2013
17239,873,Patch Kit/8 Patches,4,2/13/2014
"17239,882,""Short-Sleeve Classic Jersey, M"",3,6/23/2014"
17240,929,ML Mountain Tire,4,1/9/2014
17240,921,Mountain Tire Tube,4,1/9/2014
17242,870,Water Bottle - 30 oz.,4,1/20/2014
17242,871,Mountain Bottle Cage,4,1/20/2014
17243,929,ML Mountain Tire,4,11/6/2013
17244,873,Patch Kit/8 Patches,4,11/27/2013
17244,929,ML Mountain Tire,4,11/27/2013
17245,929,ML Mountain Tire,4,4/19/2014
"17245,883,""Short-Sleeve Classic Jersey, L"",3,11/2/2013"
17246,873,Patch Kit/8 Patches,4,1/22/2014
17247,878,Fender Set - Mountain,4,1/2/2014
17247,712,AWC Logo Cap,3,1/2/2014
"17249,875,""Racing Socks, L"",3,2/26/2014"
17250,712,AWC Logo Cap,3,12/3/2013
17250,921,Mountain Tire Tube,4,6/3/2014
17250,929,ML Mountain Tire,4,6/3/2014
17251,929,ML Mountain Tire,4,7/10/2013
"17251,882,""Short-Sleeve Classic Jersey, M"",3,11/11/2013"
17251,921,Mountain Tire Tube,4,7/10/2013
17252,929,ML Mountain Tire,4,2/28/2014
"17252,881,""Short-Sleeve Classic Jersey, S"",3,11/30/2013"
"17253,882,""Short-Sleeve Classic Jersey, M"",3,9/5/2013"
17254,929,ML Mountain Tire,4,7/23/2013
"17254,882,""Short-Sleeve Classic Jersey, M"",3,9/10/2013"
"17255,859,""Half-Finger Gloves, M"",3,2/5/2014"
17256,870,Water Bottle - 30 oz.,4,2/23/2014
"17257,881,""Short-Sleeve Classic Jersey, S"",3,2/23/2014"
17257,712,AWC Logo Cap,3,2/23/2014
17259,878,Fender Set - Mountain,4,3/21/2014
17260,870,Water Bottle - 30 oz.,4,8/20/2013
17261,922,Road Tire Tube,4,11/19/2013
17261,932,ML Road Tire,4,11/19/2013
17264,878,Fender Set - Mountain,4,4/23/2014
17266,880,Hydration Pack - 70 oz.,4,2/18/2014
17269,932,ML Road Tire,4,11/2/2013
17272,872,Road Bottle Cage,4,11/16/2013
17273,870,Water Bottle - 30 oz.,4,5/12/2014
17273,712,AWC Logo Cap,3,5/12/2014
17274,712,AWC Logo Cap,3,10/7/2013
17276,870,Water Bottle - 30 oz.,4,7/3/2013
"17276,882,""Short-Sleeve Classic Jersey, M"",3,7/3/2013"
"17277,869,""Women's Mountain Shorts, L"",3,3/12/2014"
17280,870,Water Bottle - 30 oz.,4,9/3/2013
"17280,884,""Short-Sleeve Classic Jersey, XL"",3,9/3/2013"
17281,712,AWC Logo Cap,3,2/2/2014
"17281,716,""Long-Sleeve Logo Jersey, XL"",3,2/2/2014"
17282,929,ML Mountain Tire,4,2/9/2014
17282,873,Patch Kit/8 Patches,4,2/9/2014
17282,921,Mountain Tire Tube,4,2/9/2014
"17282,882,""Short-Sleeve Classic Jersey, M"",3,6/20/2014"
17283,932,ML Road Tire,4,6/29/2014
"17283,860,""Half-Finger Gloves, L"",3,6/29/2014"
17283,922,Road Tire Tube,4,6/29/2014
"17283,711,""Sport-100 Helmet, Blue"",4,6/29/2014"
"17284,875,""Racing Socks, L"",3,1/2/2014"
"17284,715,""Long-Sleeve Logo Jersey, L"",3,1/2/2014"
17284,873,Patch Kit/8 Patches,4,7/8/2013
17284,922,Road Tire Tube,4,7/8/2013
17285,933,HL Road Tire,4,11/11/2013
"17285,708,""Sport-100 Helmet, Black"",4,11/11/2013"
17287,873,Patch Kit/8 Patches,4,11/13/2013
17287,712,AWC Logo Cap,3,2/12/2014
"17287,884,""Short-Sleeve Classic Jersey, XL"",3,2/12/2014"
"17288,864,""Classic Vest, S"",3,3/3/2014"
17288,870,Water Bottle - 30 oz.,4,3/3/2014
17289,712,AWC Logo Cap,3,4/4/2014
17289,921,Mountain Tire Tube,4,9/15/2013
17289,929,ML Mountain Tire,4,9/15/2013
"17289,875,""Racing Socks, L"",3,9/15/2013"
17290,712,AWC Logo Cap,3,1/13/2014
"17290,884,""Short-Sleeve Classic Jersey, XL"",3,1/13/2014"
17291,873,Patch Kit/8 Patches,4,9/19/2013
"17291,882,""Short-Sleeve Classic Jersey, M"",3,7/7/2013"
17292,877,Bike Wash - Dissolver,4,11/18/2013
17292,929,ML Mountain Tire,4,11/18/2013
"17292,883,""Short-Sleeve Classic Jersey, L"",3,5/20/2014"
"17295,711,""Sport-100 Helmet, Blue"",4,3/31/2014"
17296,932,ML Road Tire,4,1/27/2014
"17296,707,""Sport-100 Helmet, Red"",4,1/27/2014"
17296,922,Road Tire Tube,4,1/27/2014
17297,929,ML Mountain Tire,4,8/7/2013
17297,873,Patch Kit/8 Patches,4,8/7/2013
17297,712,AWC Logo Cap,3,10/23/2013
"17297,881,""Short-Sleeve Classic Jersey, S"",3,10/23/2013"
"17298,865,""Classic Vest, M"",3,11/29/2013"
17298,921,Mountain Tire Tube,4,11/29/2013
"17298,881,""Short-Sleeve Classic Jersey, S"",3,1/9/2014"
17298,929,ML Mountain Tire,4,11/29/2013
17300,929,ML Mountain Tire,4,11/4/2013
"17300,882,""Short-Sleeve Classic Jersey, M"",3,10/26/2013"
17300,873,Patch Kit/8 Patches,4,11/4/2013
"17301,713,""Long-Sleeve Logo Jersey, S"",3,4/30/2014"
"17302,707,""Sport-100 Helmet, Red"",4,3/2/2014"
17302,922,Road Tire Tube,4,3/2/2014
17302,932,ML Road Tire,4,3/2/2014
"17302,859,""Half-Finger Gloves, M"",3,3/2/2014"
17303,932,ML Road Tire,4,2/9/2014
"17303,708,""Sport-100 Helmet, Black"",4,1/18/2014"
"17303,707,""Sport-100 Helmet, Red"",4,2/9/2014"
17303,922,Road Tire Tube,4,2/9/2014
17304,873,Patch Kit/8 Patches,4,5/31/2014
17304,932,ML Road Tire,4,5/31/2014
"17305,707,""Sport-100 Helmet, Red"",4,6/27/2014"
17305,879,All-Purpose Bike Stand,4,7/2/2013
17305,712,AWC Logo Cap,3,7/2/2013
17305,932,ML Road Tire,4,7/2/2013
17306,922,Road Tire Tube,4,10/24/2013
"17306,708,""Sport-100 Helmet, Black"",4,8/20/2013"
17306,932,ML Road Tire,4,10/24/2013
17307,921,Mountain Tire Tube,4,7/26/2013
"17307,711,""Sport-100 Helmet, Blue"",4,7/26/2013"
17307,712,AWC Logo Cap,3,7/25/2013
"17307,884,""Short-Sleeve Classic Jersey, XL"",3,7/25/2013"
17311,929,ML Mountain Tire,4,4/25/2014
17311,921,Mountain Tire Tube,4,4/25/2014
17311,712,AWC Logo Cap,3,6/20/2014
"17312,867,""Women's Mountain Shorts, S"",3,4/14/2014"
17313,929,ML Mountain Tire,4,11/17/2013
17313,877,Bike Wash - Dissolver,4,11/17/2013
17313,712,AWC Logo Cap,3,11/25/2013
17314,712,AWC Logo Cap,3,5/15/2014
"17314,707,""Sport-100 Helmet, Red"",4,4/15/2014"
17314,921,Mountain Tire Tube,4,4/15/2014
17316,712,AWC Logo Cap,3,4/30/2014
17316,922,Road Tire Tube,4,4/30/2014
"17316,858,""Half-Finger Gloves, S"",3,4/6/2014"
"17316,708,""Sport-100 Helmet, Black"",4,4/6/2014"
17317,712,AWC Logo Cap,3,1/12/2014
17317,921,Mountain Tire Tube,4,3/1/2014
"17317,711,""Sport-100 Helmet, Blue"",4,3/1/2014"
17317,929,ML Mountain Tire,4,3/1/2014
17318,921,Mountain Tire Tube,4,9/26/2013
17318,929,ML Mountain Tire,4,9/26/2013
17319,712,AWC Logo Cap,3,5/19/2014
"17320,707,""Sport-100 Helmet, Red"",4,4/27/2014"
"17321,865,""Classic Vest, M"",3,6/13/2014"
17321,712,AWC Logo Cap,3,3/15/2014
17321,921,Mountain Tire Tube,4,6/13/2014
"17321,708,""Sport-100 Helmet, Black"",4,6/13/2014"
17322,712,AWC Logo Cap,3,6/14/2014
17322,878,Fender Set - Mountain,4,10/11/2013
"17323,884,""Short-Sleeve Classic Jersey, XL"",3,5/17/2014"
17323,712,AWC Logo Cap,3,8/22/2013
17324,871,Mountain Bottle Cage,4,3/29/2014
17324,878,Fender Set - Mountain,4,3/29/2014
17324,712,AWC Logo Cap,3,1/24/2014
17324,870,Water Bottle - 30 oz.,4,3/29/2014
17325,871,Mountain Bottle Cage,4,3/28/2014
"17325,875,""Racing Socks, L"",3,3/28/2014"
17325,878,Fender Set - Mountain,4,3/28/2014
17325,712,AWC Logo Cap,3,8/29/2013
"17327,882,""Short-Sleeve Classic Jersey, M"",3,4/23/2014"
17327,878,Fender Set - Mountain,4,4/23/2014
17327,871,Mountain Bottle Cage,4,4/23/2014
17327,712,AWC Logo Cap,3,12/13/2013
17328,870,Water Bottle - 30 oz.,4,5/8/2014
17330,712,AWC Logo Cap,3,2/19/2014
17331,712,AWC Logo Cap,3,11/7/2013
17331,878,Fender Set - Mountain,4,2/4/2014
"17332,883,""Short-Sleeve Classic Jersey, L"",3,5/14/2014"
17332,712,AWC Logo Cap,3,5/14/2014
17333,871,Mountain Bottle Cage,4,2/5/2014
17333,878,Fender Set - Mountain,4,2/5/2014
17333,870,Water Bottle - 30 oz.,4,2/5/2014
17333,712,AWC Logo Cap,3,12/29/2013
17336,878,Fender Set - Mountain,4,7/28/2013
17337,921,Mountain Tire Tube,4,8/7/2013
17337,870,Water Bottle - 30 oz.,4,11/5/2013
17337,928,LL Mountain Tire,4,8/7/2013
17337,871,Mountain Bottle Cage,4,11/5/2013
17338,877,Bike Wash - Dissolver,4,6/9/2014
17338,870,Water Bottle - 30 oz.,4,6/9/2014
17338,878,Fender Set - Mountain,4,6/9/2014
17338,873,Patch Kit/8 Patches,4,4/11/2014
17338,928,LL Mountain Tire,4,4/11/2014
17340,921,Mountain Tire Tube,4,4/12/2014
17340,878,Fender Set - Mountain,4,4/12/2014
17341,878,Fender Set - Mountain,4,2/4/2014
17341,921,Mountain Tire Tube,4,2/4/2014
17342,921,Mountain Tire Tube,4,9/4/2013
"17343,711,""Sport-100 Helmet, Blue"",4,10/20/2013"
17345,922,Road Tire Tube,4,2/2/2014
17345,932,ML Road Tire,4,2/2/2014
"17346,858,""Half-Finger Gloves, S"",3,11/25/2013"
"17346,707,""Sport-100 Helmet, Red"",4,10/18/2013"
17347,929,ML Mountain Tire,4,4/10/2014
17347,922,Road Tire Tube,4,2/19/2014
17347,878,Fender Set - Mountain,4,11/3/2013
17347,873,Patch Kit/8 Patches,4,2/19/2014
17347,931,LL Road Tire,4,2/19/2014
17348,921,Mountain Tire Tube,4,12/21/2013
17348,931,LL Road Tire,4,10/14/2013
17348,878,Fender Set - Mountain,4,2/6/2014
"17348,707,""Sport-100 Helmet, Red"",4,10/14/2013"
"17348,865,""Classic Vest, M"",3,2/6/2014"
"17348,860,""Half-Finger Gloves, L"",3,10/14/2013"
17349,870,Water Bottle - 30 oz.,4,3/19/2014
"17349,858,""Half-Finger Gloves, S"",3,3/19/2014"
"17350,865,""Classic Vest, M"",3,3/6/2014"
"17350,707,""Sport-100 Helmet, Red"",4,7/30/2013"
17350,922,Road Tire Tube,4,3/6/2014
17351,922,Road Tire Tube,4,12/14/2013
17351,933,HL Road Tire,4,12/14/2013
"17351,859,""Half-Finger Gloves, M"",3,12/14/2013"
17353,870,Water Bottle - 30 oz.,4,12/10/2013
17355,878,Fender Set - Mountain,4,12/1/2013
17356,712,AWC Logo Cap,3,6/13/2014
17358,932,ML Road Tire,4,11/14/2013
"17359,708,""Sport-100 Helmet, Black"",4,8/5/2013"
17360,871,Mountain Bottle Cage,4,5/17/2014
"17360,713,""Long-Sleeve Logo Jersey, S"",3,2/1/2014"
17360,877,Bike Wash - Dissolver,4,10/27/2013
17360,928,LL Mountain Tire,4,10/27/2013
17360,870,Water Bottle - 30 oz.,4,5/17/2014
"17361,716,""Long-Sleeve Logo Jersey, XL"",3,11/6/2013"
17362,870,Water Bottle - 30 oz.,4,4/26/2014
17364,878,Fender Set - Mountain,4,4/20/2014
17365,870,Water Bottle - 30 oz.,4,4/14/2014
"17365,708,""Sport-100 Helmet, Black"",4,4/14/2014"
17366,870,Water Bottle - 30 oz.,4,8/15/2013
17367,870,Water Bottle - 30 oz.,4,9/8/2013
17369,873,Patch Kit/8 Patches,4,7/14/2013
"17370,875,""Racing Socks, L"",3,11/11/2013"
17371,928,LL Mountain Tire,4,12/13/2013
"17371,715,""Long-Sleeve Logo Jersey, L"",3,12/5/2013"
17371,871,Mountain Bottle Cage,4,5/12/2014
"17371,707,""Sport-100 Helmet, Red"",4,12/13/2013"
17371,870,Water Bottle - 30 oz.,4,5/12/2014
17372,932,ML Road Tire,4,2/12/2014
17374,870,Water Bottle - 30 oz.,4,12/11/2013
17374,880,Hydration Pack - 70 oz.,4,12/10/2013
17374,878,Fender Set - Mountain,4,12/11/2013
17374,871,Mountain Bottle Cage,4,12/11/2013
"17374,859,""Half-Finger Gloves, M"",3,7/1/2013"
17374,928,LL Mountain Tire,4,7/1/2013
17374,877,Bike Wash - Dissolver,4,12/10/2013
17374,921,Mountain Tire Tube,4,7/1/2013
17375,878,Fender Set - Mountain,4,6/5/2014
17378,870,Water Bottle - 30 oz.,4,6/19/2014
17379,870,Water Bottle - 30 oz.,4,8/7/2013
17380,870,Water Bottle - 30 oz.,4,8/12/2013
17381,877,Bike Wash - Dissolver,4,7/15/2013
17381,878,Fender Set - Mountain,4,7/15/2013
"17382,858,""Half-Finger Gloves, S"",3,3/21/2014"
17383,870,Water Bottle - 30 oz.,4,2/17/2014
"17384,707,""Sport-100 Helmet, Red"",4,11/13/2013"
17385,928,LL Mountain Tire,4,3/16/2014
17385,870,Water Bottle - 30 oz.,4,3/3/2014
17385,929,ML Mountain Tire,4,7/22/2013
17385,921,Mountain Tire Tube,4,7/22/2013
"17385,708,""Sport-100 Helmet, Black"",4,7/22/2013"
17385,871,Mountain Bottle Cage,4,3/3/2014
"17385,713,""Long-Sleeve Logo Jersey, S"",3,3/3/2014"
17385,878,Fender Set - Mountain,4,3/3/2014
"17387,707,""Sport-100 Helmet, Red"",4,7/24/2013"
17387,870,Water Bottle - 30 oz.,4,9/3/2013
17387,921,Mountain Tire Tube,4,9/3/2013
17387,871,Mountain Bottle Cage,4,9/3/2013
17387,873,Patch Kit/8 Patches,4,8/29/2013
17387,928,LL Mountain Tire,4,9/3/2013
17387,712,AWC Logo Cap,3,9/3/2013
"17388,882,""Short-Sleeve Classic Jersey, M"",3,2/3/2014"
"17389,859,""Half-Finger Gloves, M"",3,11/5/2013"
17390,870,Water Bottle - 30 oz.,4,10/8/2013
17392,712,AWC Logo Cap,3,9/3/2013
17393,880,Hydration Pack - 70 oz.,4,4/17/2014
17393,878,Fender Set - Mountain,4,4/17/2014
17394,870,Water Bottle - 30 oz.,4,3/23/2014
17396,870,Water Bottle - 30 oz.,4,11/30/2013
17397,870,Water Bottle - 30 oz.,4,10/27/2013
17399,878,Fender Set - Mountain,4,4/2/2014
17400,871,Mountain Bottle Cage,4,2/11/2014
17400,878,Fender Set - Mountain,4,2/11/2014
17406,873,Patch Kit/8 Patches,4,3/6/2014
"17407,714,""Long-Sleeve Logo Jersey, M"",3,10/8/2013"
"17409,867,""Women's Mountain Shorts, S"",3,3/1/2014"
17409,878,Fender Set - Mountain,4,12/31/2013
17409,876,Hitch Rack - 4-Bike,4,12/31/2013
"17410,867,""Women's Mountain Shorts, S"",3,12/11/2013"
"17410,858,""Half-Finger Gloves, S"",3,12/11/2013"
17410,873,Patch Kit/8 Patches,4,2/6/2014
17410,878,Fender Set - Mountain,4,2/6/2014
"17411,867,""Women's Mountain Shorts, S"",3,1/20/2014"
"17411,864,""Classic Vest, S"",3,3/27/2014"
17413,878,Fender Set - Mountain,4,4/15/2014
17413,870,Water Bottle - 30 oz.,4,4/15/2014
17413,871,Mountain Bottle Cage,4,4/15/2014
"17416,884,""Short-Sleeve Classic Jersey, XL"",3,3/31/2014"
"17418,708,""Sport-100 Helmet, Black"",4,10/3/2013"
17419,870,Water Bottle - 30 oz.,4,8/7/2013
17420,873,Patch Kit/8 Patches,4,4/24/2014
17420,877,Bike Wash - Dissolver,4,4/24/2014
17420,930,HL Mountain Tire,4,4/24/2014
"17421,711,""Sport-100 Helmet, Blue"",4,4/24/2014"
"17422,868,""Women's Mountain Shorts, M"",3,12/15/2013"
"17422,713,""Long-Sleeve Logo Jersey, S"",3,1/1/2014"
17422,878,Fender Set - Mountain,4,1/1/2014
17422,870,Water Bottle - 30 oz.,4,1/1/2014
17424,930,HL Mountain Tire,4,4/19/2014
17424,921,Mountain Tire Tube,4,4/19/2014
17425,871,Mountain Bottle Cage,4,4/15/2014
"17425,708,""Sport-100 Helmet, Black"",4,4/15/2014"
"17425,716,""Long-Sleeve Logo Jersey, XL"",3,4/15/2014"
17427,880,Hydration Pack - 70 oz.,4,4/26/2014
17428,870,Water Bottle - 30 oz.,4,10/31/2013
17433,878,Fender Set - Mountain,4,4/14/2014
"17435,881,""Short-Sleeve Classic Jersey, S"",3,3/9/2014"
17435,712,AWC Logo Cap,3,3/9/2014
17437,870,Water Bottle - 30 oz.,4,8/3/2013
17438,870,Water Bottle - 30 oz.,4,2/28/2014
17441,712,AWC Logo Cap,3,4/18/2014
17441,878,Fender Set - Mountain,4,4/18/2014
17442,921,Mountain Tire Tube,4,7/27/2013
"17442,711,""Sport-100 Helmet, Blue"",4,7/27/2013"
17442,712,AWC Logo Cap,3,7/27/2013
17442,922,Road Tire Tube,4,5/23/2014
17442,878,Fender Set - Mountain,4,8/15/2013
"17442,884,""Short-Sleeve Classic Jersey, XL"",3,7/27/2013"
"17442,883,""Short-Sleeve Classic Jersey, L"",3,8/15/2013"
17442,929,ML Mountain Tire,4,7/27/2013
17444,870,Water Bottle - 30 oz.,4,11/13/2013
17445,922,Road Tire Tube,4,11/8/2013
17446,871,Mountain Bottle Cage,4,4/30/2014
"17446,713,""Long-Sleeve Logo Jersey, S"",3,4/30/2014"
17447,870,Water Bottle - 30 oz.,4,7/7/2013
17448,870,Water Bottle - 30 oz.,4,2/25/2014
"17448,859,""Half-Finger Gloves, M"",3,2/25/2014"
"17450,884,""Short-Sleeve Classic Jersey, XL"",3,4/27/2014"
17450,878,Fender Set - Mountain,4,6/21/2014
"17450,869,""Women's Mountain Shorts, L"",3,4/27/2014"
17451,870,Water Bottle - 30 oz.,4,3/27/2014
"17453,711,""Sport-100 Helmet, Blue"",4,4/27/2014"
17455,870,Water Bottle - 30 oz.,4,10/2/2013
"17457,714,""Long-Sleeve Logo Jersey, M"",3,5/2/2014"
17458,930,HL Mountain Tire,4,4/11/2014
"17458,708,""Sport-100 Helmet, Black"",4,4/11/2014"
17459,880,Hydration Pack - 70 oz.,4,11/26/2013
17460,871,Mountain Bottle Cage,4,4/8/2014
17461,878,Fender Set - Mountain,4,4/11/2014
17461,880,Hydration Pack - 70 oz.,4,4/11/2014
17462,921,Mountain Tire Tube,4,4/15/2014
17463,870,Water Bottle - 30 oz.,4,11/8/2013
17463,872,Road Bottle Cage,4,11/8/2013
17463,712,AWC Logo Cap,3,11/8/2013
17464,932,ML Road Tire,4,11/22/2013
"17464,715,""Long-Sleeve Logo Jersey, L"",3,11/22/2013"
17465,922,Road Tire Tube,4,11/28/2013
17465,932,ML Road Tire,4,11/28/2013
17466,870,Water Bottle - 30 oz.,4,3/18/2014
17468,921,Mountain Tire Tube,4,4/12/2014
17468,878,Fender Set - Mountain,4,4/12/2014
"17468,708,""Sport-100 Helmet, Black"",4,8/21/2013"
17468,929,ML Mountain Tire,4,4/12/2014
17469,870,Water Bottle - 30 oz.,4,4/7/2014
17471,870,Water Bottle - 30 oz.,4,1/4/2014
17475,878,Fender Set - Mountain,4,4/25/2014
"17478,711,""Sport-100 Helmet, Blue"",4,11/6/2013"
"17479,858,""Half-Finger Gloves, S"",3,11/5/2013"
17479,878,Fender Set - Mountain,4,11/5/2013
"17479,883,""Short-Sleeve Classic Jersey, L"",3,11/5/2013"
17479,880,Hydration Pack - 70 oz.,4,10/1/2013
17481,929,ML Mountain Tire,4,9/11/2013
17481,878,Fender Set - Mountain,4,10/3/2013
"17481,708,""Sport-100 Helmet, Black"",4,9/11/2013"
17481,921,Mountain Tire Tube,4,9/11/2013
17482,878,Fender Set - Mountain,4,8/6/2013
17482,929,ML Mountain Tire,4,1/2/2014
17482,921,Mountain Tire Tube,4,1/2/2014
"17482,711,""Sport-100 Helmet, Blue"",4,1/2/2014"
17483,878,Fender Set - Mountain,4,11/22/2013
17483,929,ML Mountain Tire,4,8/21/2013
17483,877,Bike Wash - Dissolver,4,11/22/2013
"17484,715,""Long-Sleeve Logo Jersey, L"",3,9/21/2013"
17484,878,Fender Set - Mountain,4,7/25/2013
"17485,715,""Long-Sleeve Logo Jersey, L"",3,8/20/2013"
17485,921,Mountain Tire Tube,4,8/20/2013
"17486,713,""Long-Sleeve Logo Jersey, S"",3,9/29/2013"
"17486,708,""Sport-100 Helmet, Black"",4,9/29/2013"
17487,873,Patch Kit/8 Patches,4,1/24/2014
17489,870,Water Bottle - 30 oz.,4,10/29/2013
17490,877,Bike Wash - Dissolver,4,4/7/2014
17491,878,Fender Set - Mountain,4,6/3/2014
"17491,711,""Sport-100 Helmet, Blue"",4,6/3/2014"
"17491,707,""Sport-100 Helmet, Red"",4,4/1/2014"
17491,929,ML Mountain Tire,4,4/1/2014
"17492,860,""Half-Finger Gloves, L"",3,11/20/2013"
17492,870,Water Bottle - 30 oz.,4,11/20/2013
17493,878,Fender Set - Mountain,4,5/14/2014
"17493,883,""Short-Sleeve Classic Jersey, L"",3,5/14/2014"
"17494,708,""Sport-100 Helmet, Black"",4,10/27/2013"
17494,880,Hydration Pack - 70 oz.,4,10/24/2013
17495,880,Hydration Pack - 70 oz.,4,3/10/2014
17495,878,Fender Set - Mountain,4,9/22/2013
"17495,707,""Sport-100 Helmet, Red"",4,9/22/2013"
"17496,708,""Sport-100 Helmet, Black"",4,2/27/2014"
17496,880,Hydration Pack - 70 oz.,4,6/15/2014
"17496,865,""Classic Vest, M"",3,6/15/2014"
17496,878,Fender Set - Mountain,4,2/27/2014
17497,872,Road Bottle Cage,4,12/28/2013
17497,873,Patch Kit/8 Patches,4,12/28/2013
17498,931,LL Road Tire,4,11/16/2013
17500,876,Hitch Rack - 4-Bike,4,3/22/2014
17500,871,Mountain Bottle Cage,4,5/31/2014
17500,878,Fender Set - Mountain,4,5/31/2014
17501,876,Hitch Rack - 4-Bike,4,12/9/2013
17502,872,Road Bottle Cage,4,1/16/2014
17502,870,Water Bottle - 30 oz.,4,1/16/2014
"17503,707,""Sport-100 Helmet, Red"",4,5/28/2014"
"17503,708,""Sport-100 Helmet, Black"",4,3/15/2014"
17503,922,Road Tire Tube,4,3/15/2014
17504,870,Water Bottle - 30 oz.,4,5/6/2014
17505,873,Patch Kit/8 Patches,4,10/6/2013
17506,870,Water Bottle - 30 oz.,4,7/6/2013
17507,870,Water Bottle - 30 oz.,4,1/1/2014
"17507,874,""Racing Socks, M"",3,1/1/2014"
17508,877,Bike Wash - Dissolver,4,4/24/2014
"17509,859,""Half-Finger Gloves, M"",3,5/12/2014"
17509,878,Fender Set - Mountain,4,5/12/2014
17509,871,Mountain Bottle Cage,4,5/12/2014
17509,873,Patch Kit/8 Patches,4,10/8/2013
17509,929,ML Mountain Tire,4,10/8/2013
17511,873,Patch Kit/8 Patches,4,6/22/2013
17511,928,LL Mountain Tire,4,6/22/2013
17512,928,LL Mountain Tire,4,6/6/2013
17513,878,Fender Set - Mountain,4,6/13/2013
17514,870,Water Bottle - 30 oz.,4,7/6/2013
17514,712,AWC Logo Cap,3,7/6/2013
"17516,707,""Sport-100 Helmet, Red"",4,5/27/2014"
"17517,708,""Sport-100 Helmet, Black"",4,4/25/2014"
17519,870,Water Bottle - 30 oz.,4,8/22/2013
"17522,707,""Sport-100 Helmet, Red"",4,4/12/2014"
"17522,875,""Racing Socks, L"",3,4/12/2014"
17522,878,Fender Set - Mountain,4,4/12/2014
17527,870,Water Bottle - 30 oz.,4,3/31/2014
"17528,715,""Long-Sleeve Logo Jersey, L"",3,4/9/2014"
17529,870,Water Bottle - 30 oz.,4,2/26/2014
17530,870,Water Bottle - 30 oz.,4,12/23/2013
"17530,715,""Long-Sleeve Logo Jersey, L"",3,12/23/2013"
17531,712,AWC Logo Cap,3,11/13/2013
"17535,864,""Classic Vest, S"",3,4/8/2014"
"17536,707,""Sport-100 Helmet, Red"",4,4/26/2014"
"17539,713,""Long-Sleeve Logo Jersey, S"",3,4/9/2014"
17539,871,Mountain Bottle Cage,4,1/20/2014
17539,878,Fender Set - Mountain,4,1/20/2014
"17539,869,""Women's Mountain Shorts, L"",3,4/9/2014"
"17539,859,""Half-Finger Gloves, M"",3,1/20/2014"
17540,712,AWC Logo Cap,3,7/9/2013
17544,930,HL Mountain Tire,4,4/7/2014
17546,712,AWC Logo Cap,3,4/4/2014
17546,871,Mountain Bottle Cage,4,4/4/2014
17549,870,Water Bottle - 30 oz.,4,6/7/2014
17551,929,ML Mountain Tire,4,11/20/2013
17551,871,Mountain Bottle Cage,4,1/22/2014
17551,921,Mountain Tire Tube,4,11/20/2013
17551,712,AWC Logo Cap,3,11/20/2013
"17551,714,""Long-Sleeve Logo Jersey, M"",3,11/20/2013"
17552,873,Patch Kit/8 Patches,4,4/16/2014
17553,877,Bike Wash - Dissolver,4,4/24/2014
17553,870,Water Bottle - 30 oz.,4,4/24/2014
"17554,711,""Sport-100 Helmet, Blue"",4,7/18/2013"
17555,921,Mountain Tire Tube,4,3/31/2014
"17555,864,""Classic Vest, S"",3,3/31/2014"
"17558,859,""Half-Finger Gloves, M"",3,3/26/2014"
17559,872,Road Bottle Cage,4,12/9/2013
"17559,708,""Sport-100 Helmet, Black"",4,12/9/2013"
17560,870,Water Bottle - 30 oz.,4,1/15/2014
17562,712,AWC Logo Cap,3,11/21/2013
17563,877,Bike Wash - Dissolver,4,4/21/2014
17563,870,Water Bottle - 30 oz.,4,4/21/2014
17563,880,Hydration Pack - 70 oz.,4,4/21/2014
17568,872,Road Bottle Cage,4,1/7/2014
"17569,708,""Sport-100 Helmet, Black"",4,7/29/2013"
17569,870,Water Bottle - 30 oz.,4,7/29/2013
17570,880,Hydration Pack - 70 oz.,4,7/29/2013
17570,712,AWC Logo Cap,3,7/29/2013
17571,712,AWC Logo Cap,3,1/17/2014
"17577,707,""Sport-100 Helmet, Red"",4,12/15/2013"
17578,873,Patch Kit/8 Patches,4,11/9/2013
17579,878,Fender Set - Mountain,4,2/14/2014
"17579,858,""Half-Finger Gloves, S"",3,5/11/2014"
17579,929,ML Mountain Tire,4,5/11/2014
"17579,707,""Sport-100 Helmet, Red"",4,2/14/2014"
"17580,715,""Long-Sleeve Logo Jersey, L"",3,4/19/2014"
17581,870,Water Bottle - 30 oz.,4,4/6/2014
"17581,711,""Sport-100 Helmet, Blue"",4,4/6/2014"
"17581,859,""Half-Finger Gloves, M"",3,4/6/2014"
"17582,865,""Classic Vest, M"",3,4/19/2014"
17582,871,Mountain Bottle Cage,4,4/19/2014
17583,870,Water Bottle - 30 oz.,4,7/17/2013
"17584,708,""Sport-100 Helmet, Black"",4,6/28/2014"
17585,712,AWC Logo Cap,3,8/11/2013
"17585,866,""Classic Vest, L"",3,5/6/2014"
"17585,869,""Women's Mountain Shorts, L"",3,8/11/2013"
17588,870,Water Bottle - 30 oz.,4,4/13/2014
17589,870,Water Bottle - 30 oz.,4,6/24/2014
17591,930,HL Mountain Tire,4,4/29/2014
17591,873,Patch Kit/8 Patches,4,4/29/2014
17592,870,Water Bottle - 30 oz.,4,4/25/2014
17593,878,Fender Set - Mountain,4,4/6/2014
17594,878,Fender Set - Mountain,4,4/29/2014
"17595,711,""Sport-100 Helmet, Blue"",4,4/17/2014"
17597,872,Road Bottle Cage,4,1/20/2014
17597,870,Water Bottle - 30 oz.,4,1/20/2014
"17598,707,""Sport-100 Helmet, Red"",4,1/5/2014"
17599,712,AWC Logo Cap,3,1/5/2014
"17600,858,""Half-Finger Gloves, S"",3,1/10/2014"
"17601,708,""Sport-100 Helmet, Black"",4,11/25/2013"
17601,870,Water Bottle - 30 oz.,4,7/12/2013
17601,929,ML Mountain Tire,4,11/25/2013
"17601,866,""Classic Vest, L"",3,7/12/2013"
17601,871,Mountain Bottle Cage,4,7/12/2013
17601,921,Mountain Tire Tube,4,11/25/2013
17604,930,HL Mountain Tire,4,4/1/2014
"17604,708,""Sport-100 Helmet, Black"",4,4/1/2014"
17605,870,Water Bottle - 30 oz.,4,9/18/2013
17607,870,Water Bottle - 30 oz.,4,1/30/2014
17610,870,Water Bottle - 30 oz.,4,11/10/2013
17611,870,Water Bottle - 30 oz.,4,10/18/2013
"17612,708,""Sport-100 Helmet, Black"",4,4/26/2014"
"17613,713,""Long-Sleeve Logo Jersey, S"",3,2/25/2014"
17613,878,Fender Set - Mountain,4,2/25/2014
17615,712,AWC Logo Cap,3,1/6/2014
"17618,707,""Sport-100 Helmet, Red"",4,1/17/2014"
"17619,713,""Long-Sleeve Logo Jersey, S"",3,11/20/2013"
17619,929,ML Mountain Tire,4,4/23/2014
17619,921,Mountain Tire Tube,4,4/23/2014
"17619,707,""Sport-100 Helmet, Red"",4,4/23/2014"
17621,932,ML Road Tire,4,1/19/2014
17621,873,Patch Kit/8 Patches,4,1/19/2014
17623,871,Mountain Bottle Cage,4,4/7/2014
17624,930,HL Mountain Tire,4,4/6/2014
17625,930,HL Mountain Tire,4,2/27/2014
17625,921,Mountain Tire Tube,4,2/27/2014
17625,878,Fender Set - Mountain,4,2/27/2014
"17627,711,""Sport-100 Helmet, Blue"",4,11/19/2013"
17627,929,ML Mountain Tire,4,11/19/2013
"17628,707,""Sport-100 Helmet, Red"",4,10/11/2013"
"17628,875,""Racing Socks, L"",3,10/11/2013"
17628,873,Patch Kit/8 Patches,4,7/10/2013
17628,921,Mountain Tire Tube,4,10/11/2013
17629,922,Road Tire Tube,4,7/7/2013
"17631,714,""Long-Sleeve Logo Jersey, M"",3,8/18/2013"
17631,922,Road Tire Tube,4,8/18/2013
17631,712,AWC Logo Cap,3,8/18/2013
17632,871,Mountain Bottle Cage,4,12/12/2013
"17632,708,""Sport-100 Helmet, Black"",4,12/12/2013"
17633,922,Road Tire Tube,4,9/5/2013
17633,932,ML Road Tire,4,9/5/2013
"17636,707,""Sport-100 Helmet, Red"",4,3/6/2014"
17636,921,Mountain Tire Tube,4,3/6/2014
17636,712,AWC Logo Cap,3,3/6/2014
17637,921,Mountain Tire Tube,4,7/15/2013
17637,876,Hitch Rack - 4-Bike,4,7/15/2013
"17638,707,""Sport-100 Helmet, Red"",4,5/9/2014"
17638,929,ML Mountain Tire,4,5/9/2014
"17639,868,""Women's Mountain Shorts, M"",3,12/18/2013"
17642,923,Touring Tire Tube,4,8/30/2013
17642,712,AWC Logo Cap,3,8/30/2013
17642,872,Road Bottle Cage,4,8/30/2013
17642,921,Mountain Tire Tube,4,5/15/2014
17643,921,Mountain Tire Tube,4,4/9/2014
"17643,707,""Sport-100 Helmet, Red"",4,4/9/2014"
17645,876,Hitch Rack - 4-Bike,4,4/14/2014
17645,873,Patch Kit/8 Patches,4,4/14/2014
17645,923,Touring Tire Tube,4,4/14/2014
"17647,714,""Long-Sleeve Logo Jersey, M"",3,7/6/2013"
17648,871,Mountain Bottle Cage,4,4/18/2014
"17648,707,""Sport-100 Helmet, Red"",4,7/25/2013"
"17648,708,""Sport-100 Helmet, Black"",4,4/18/2014"
17650,922,Road Tire Tube,4,4/11/2014
17651,712,AWC Logo Cap,3,4/27/2014
"17651,859,""Half-Finger Gloves, M"",3,8/14/2013"
"17651,711,""Sport-100 Helmet, Blue"",4,4/27/2014"
17651,870,Water Bottle - 30 oz.,4,8/14/2013
17652,922,Road Tire Tube,4,9/23/2013
17652,873,Patch Kit/8 Patches,4,9/23/2013
17653,921,Mountain Tire Tube,4,10/10/2013
"17654,716,""Long-Sleeve Logo Jersey, XL"",3,4/18/2014"
"17656,858,""Half-Finger Gloves, S"",3,4/22/2014"
17656,872,Road Bottle Cage,4,4/22/2014
17657,921,Mountain Tire Tube,4,6/5/2014
17657,873,Patch Kit/8 Patches,4,6/5/2014
17657,878,Fender Set - Mountain,4,7/20/2013
"17657,883,""Short-Sleeve Classic Jersey, L"",3,7/20/2013"
17658,921,Mountain Tire Tube,4,1/26/2014
17660,872,Road Bottle Cage,4,1/7/2014
"17662,881,""Short-Sleeve Classic Jersey, S"",3,1/4/2014"
17663,873,Patch Kit/8 Patches,4,8/23/2013
"17664,711,""Sport-100 Helmet, Blue"",4,11/4/2013"
17664,931,LL Road Tire,4,11/4/2013
"17664,859,""Half-Finger Gloves, M"",3,11/4/2013"
"17665,708,""Sport-100 Helmet, Black"",4,4/5/2014"
"17667,711,""Sport-100 Helmet, Blue"",4,1/15/2014"
17668,872,Road Bottle Cage,4,11/24/2013
17669,931,LL Road Tire,4,11/22/2013
17669,922,Road Tire Tube,4,11/22/2013
"17669,860,""Half-Finger Gloves, L"",3,11/22/2013"
17671,931,LL Road Tire,4,11/13/2013
17674,921,Mountain Tire Tube,4,2/18/2014
17675,921,Mountain Tire Tube,4,3/29/2014
"17679,708,""Sport-100 Helmet, Black"",4,3/21/2014"
"17680,711,""Sport-100 Helmet, Blue"",4,1/19/2014"
17680,876,Hitch Rack - 4-Bike,4,6/17/2014
17680,877,Bike Wash - Dissolver,4,6/17/2014
17680,921,Mountain Tire Tube,4,6/17/2014
17680,873,Patch Kit/8 Patches,4,6/17/2014
17682,870,Water Bottle - 30 oz.,4,12/8/2013
17686,878,Fender Set - Mountain,4,6/27/2014
17686,929,ML Mountain Tire,4,10/8/2013
"17686,707,""Sport-100 Helmet, Red"",4,6/27/2014"
17686,873,Patch Kit/8 Patches,4,10/8/2013
17687,870,Water Bottle - 30 oz.,4,5/7/2014
"17691,859,""Half-Finger Gloves, M"",3,4/11/2014"
17692,712,AWC Logo Cap,3,2/4/2014
17693,712,AWC Logo Cap,3,8/30/2013
17695,880,Hydration Pack - 70 oz.,4,10/2/2013
17695,877,Bike Wash - Dissolver,4,10/2/2013
17696,870,Water Bottle - 30 oz.,4,12/9/2013
17698,870,Water Bottle - 30 oz.,4,10/4/2013
"17698,875,""Racing Socks, L"",3,10/4/2013"
17699,877,Bike Wash - Dissolver,4,12/2/2013
17699,870,Water Bottle - 30 oz.,4,12/2/2013
"17700,714,""Long-Sleeve Logo Jersey, M"",3,6/20/2013"
17701,923,Touring Tire Tube,4,7/7/2013
"17701,860,""Half-Finger Gloves, L"",3,7/7/2013"
17702,928,LL Mountain Tire,4,3/10/2014
17702,923,Touring Tire Tube,4,9/3/2013
17702,873,Patch Kit/8 Patches,4,3/10/2014
17703,929,ML Mountain Tire,4,10/31/2013
"17703,708,""Sport-100 Helmet, Black"",4,10/31/2013"
17703,712,AWC Logo Cap,3,10/31/2013
17704,873,Patch Kit/8 Patches,4,9/4/2013
17704,928,LL Mountain Tire,4,9/4/2013
17705,921,Mountain Tire Tube,4,7/22/2013
17705,928,LL Mountain Tire,4,7/22/2013
17705,923,Touring Tire Tube,4,3/28/2014
17706,877,Bike Wash - Dissolver,4,11/2/2013
"17706,711,""Sport-100 Helmet, Blue"",4,6/1/2014"
17706,928,LL Mountain Tire,4,11/2/2013
17706,923,Touring Tire Tube,4,6/1/2014
17707,928,LL Mountain Tire,4,12/23/2013
17707,873,Patch Kit/8 Patches,4,12/23/2013
"17708,864,""Classic Vest, S"",3,6/21/2014"
"17708,858,""Half-Finger Gloves, S"",3,4/15/2014"
17708,923,Touring Tire Tube,4,4/15/2014
17708,928,LL Mountain Tire,4,6/21/2014
17709,928,LL Mountain Tire,4,4/1/2014
17709,921,Mountain Tire Tube,4,4/1/2014
"17709,711,""Sport-100 Helmet, Blue"",4,8/23/2013"
17709,712,AWC Logo Cap,3,8/23/2013
17710,712,AWC Logo Cap,3,12/26/2013
17710,921,Mountain Tire Tube,4,10/7/2013
17710,928,LL Mountain Tire,4,10/7/2013
"17710,708,""Sport-100 Helmet, Black"",4,10/7/2013"
"17711,707,""Sport-100 Helmet, Red"",4,12/5/2013"
17711,921,Mountain Tire Tube,4,12/5/2013
17712,929,ML Mountain Tire,4,12/13/2013
17712,921,Mountain Tire Tube,4,12/13/2013
17713,929,ML Mountain Tire,4,9/19/2013
"17713,707,""Sport-100 Helmet, Red"",4,9/19/2013"
"17715,714,""Long-Sleeve Logo Jersey, M"",3,7/8/2013"
17717,870,Water Bottle - 30 oz.,4,8/11/2013
"17717,883,""Short-Sleeve Classic Jersey, L"",3,8/11/2013"
17717,871,Mountain Bottle Cage,4,8/11/2013
17718,873,Patch Kit/8 Patches,4,12/19/2013
17718,928,LL Mountain Tire,4,12/19/2013
"17719,874,""Racing Socks, M"",3,6/21/2014"
"17720,708,""Sport-100 Helmet, Black"",4,9/16/2013"
"17721,708,""Sport-100 Helmet, Black"",4,8/29/2013"
17721,921,Mountain Tire Tube,4,8/29/2013
17723,870,Water Bottle - 30 oz.,4,3/7/2014
"17723,707,""Sport-100 Helmet, Red"",4,8/9/2013"
17723,923,Touring Tire Tube,4,3/7/2014
17723,928,LL Mountain Tire,4,8/9/2013
17724,878,Fender Set - Mountain,4,1/11/2014
17724,870,Water Bottle - 30 oz.,4,1/11/2014
17726,712,AWC Logo Cap,3,11/3/2013
17726,870,Water Bottle - 30 oz.,4,11/3/2013
17728,932,ML Road Tire,4,12/5/2013
17728,922,Road Tire Tube,4,12/5/2013
"17729,707,""Sport-100 Helmet, Red"",4,9/2/2013"
17729,931,LL Road Tire,4,9/2/2013
17729,922,Road Tire Tube,4,9/2/2013
"17730,858,""Half-Finger Gloves, S"",3,12/3/2013"
17730,932,ML Road Tire,4,12/3/2013
17731,873,Patch Kit/8 Patches,4,5/7/2014
"17733,708,""Sport-100 Helmet, Black"",4,12/20/2013"
"17736,875,""Racing Socks, L"",3,1/26/2014"
"17740,874,""Racing Socks, M"",3,8/26/2013"
17741,932,ML Road Tire,4,8/25/2013
17741,712,AWC Logo Cap,3,8/25/2013
"17741,707,""Sport-100 Helmet, Red"",4,8/25/2013"
17743,878,Fender Set - Mountain,4,8/31/2013
"17744,711,""Sport-100 Helmet, Blue"",4,9/28/2013"
17745,873,Patch Kit/8 Patches,4,11/10/2013
17745,928,LL Mountain Tire,4,11/10/2013
17746,928,LL Mountain Tire,4,9/1/2013
17748,873,Patch Kit/8 Patches,4,1/16/2014
17749,921,Mountain Tire Tube,4,1/6/2014
17749,929,ML Mountain Tire,4,1/6/2014
17750,876,Hitch Rack - 4-Bike,4,9/19/2013
17751,929,ML Mountain Tire,4,10/17/2013
"17752,716,""Long-Sleeve Logo Jersey, XL"",3,11/28/2013"
"17753,707,""Sport-100 Helmet, Red"",4,10/21/2013"
17753,870,Water Bottle - 30 oz.,4,10/21/2013
17753,871,Mountain Bottle Cage,4,10/21/2013
17756,872,Road Bottle Cage,4,10/31/2013
17757,923,Touring Tire Tube,4,4/22/2014
17757,928,LL Mountain Tire,4,3/3/2014
17758,928,LL Mountain Tire,4,12/26/2013
17758,921,Mountain Tire Tube,4,12/26/2013
17759,873,Patch Kit/8 Patches,4,11/11/2013
17759,921,Mountain Tire Tube,4,11/11/2013
17760,921,Mountain Tire Tube,4,3/18/2014
17760,880,Hydration Pack - 70 oz.,4,5/19/2014
17760,928,LL Mountain Tire,4,3/18/2014
17760,923,Touring Tire Tube,4,5/19/2014
"17761,714,""Long-Sleeve Logo Jersey, M"",3,10/21/2013"
17763,877,Bike Wash - Dissolver,4,10/15/2013
17763,928,LL Mountain Tire,4,3/11/2014
17764,870,Water Bottle - 30 oz.,4,10/14/2013
17765,712,AWC Logo Cap,3,10/9/2013
"17766,708,""Sport-100 Helmet, Black"",4,11/21/2013"
17767,934,Touring Tire,4,12/9/2013
17769,932,ML Road Tire,4,11/3/2013
17770,872,Road Bottle Cage,4,11/2/2013
17771,921,Mountain Tire Tube,4,7/9/2013
"17771,711,""Sport-100 Helmet, Blue"",4,7/9/2013"
17772,870,Water Bottle - 30 oz.,4,10/13/2013
"17772,708,""Sport-100 Helmet, Black"",4,10/13/2013"
"17772,859,""Half-Finger Gloves, M"",3,10/13/2013"
17772,871,Mountain Bottle Cage,4,10/13/2013
17774,928,LL Mountain Tire,4,6/18/2014
17775,932,ML Road Tire,4,11/5/2013
17775,922,Road Tire Tube,4,11/5/2013
17776,921,Mountain Tire Tube,4,11/27/2013
"17776,711,""Sport-100 Helmet, Blue"",4,11/27/2013"
17776,923,Touring Tire Tube,4,10/19/2013
17776,928,LL Mountain Tire,4,11/27/2013
17778,712,AWC Logo Cap,3,5/10/2014
"17778,874,""Racing Socks, M"",3,2/9/2014"
17779,871,Mountain Bottle Cage,4,5/21/2014
"17779,860,""Half-Finger Gloves, L"",3,5/21/2014"
17779,934,Touring Tire,4,2/6/2014
17779,880,Hydration Pack - 70 oz.,4,5/21/2014
"17779,884,""Short-Sleeve Classic Jersey, XL"",3,5/21/2014"
"17781,875,""Racing Socks, L"",3,3/2/2014"
17781,878,Fender Set - Mountain,4,3/2/2014
17785,923,Touring Tire Tube,4,7/29/2013
17785,928,LL Mountain Tire,4,8/20/2013
17785,873,Patch Kit/8 Patches,4,8/20/2013
"17786,707,""Sport-100 Helmet, Red"",4,7/13/2013"
17786,923,Touring Tire Tube,4,7/13/2013
"17786,858,""Half-Finger Gloves, S"",3,10/14/2013"
"17788,708,""Sport-100 Helmet, Black"",4,9/1/2013"
17788,928,LL Mountain Tire,4,9/1/2013
17790,712,AWC Logo Cap,3,10/9/2013
"17791,708,""Sport-100 Helmet, Black"",4,11/12/2013"
17791,921,Mountain Tire Tube,4,11/12/2013
17792,871,Mountain Bottle Cage,4,1/12/2014
17792,712,AWC Logo Cap,3,1/12/2014
17793,873,Patch Kit/8 Patches,4,2/10/2014
17793,921,Mountain Tire Tube,4,2/10/2014
17794,873,Patch Kit/8 Patches,4,11/15/2013
17796,870,Water Bottle - 30 oz.,4,11/13/2013
17796,872,Road Bottle Cage,4,11/13/2013
"17797,711,""Sport-100 Helmet, Blue"",4,1/2/2014"
17797,928,LL Mountain Tire,4,1/2/2014
17798,870,Water Bottle - 30 oz.,4,11/22/2013
17798,871,Mountain Bottle Cage,4,11/22/2013
17800,873,Patch Kit/8 Patches,4,12/17/2013
17800,921,Mountain Tire Tube,4,12/17/2013
17801,921,Mountain Tire Tube,4,4/25/2014
17801,878,Fender Set - Mountain,4,4/25/2014
17801,870,Water Bottle - 30 oz.,4,4/25/2014
"17801,883,""Short-Sleeve Classic Jersey, L"",3,4/25/2014"
17802,878,Fender Set - Mountain,4,11/16/2013
"17802,707,""Sport-100 Helmet, Red"",4,11/16/2013"
17802,921,Mountain Tire Tube,4,11/16/2013
17803,871,Mountain Bottle Cage,4,11/1/2013
17803,870,Water Bottle - 30 oz.,4,11/1/2013
"17804,707,""Sport-100 Helmet, Red"",4,11/27/2013"
17804,712,AWC Logo Cap,3,11/27/2013
17804,921,Mountain Tire Tube,4,11/27/2013
17805,873,Patch Kit/8 Patches,4,10/30/2013
17806,921,Mountain Tire Tube,4,7/20/2013
"17806,711,""Sport-100 Helmet, Blue"",4,7/20/2013"
17807,873,Patch Kit/8 Patches,4,3/2/2014
"17807,707,""Sport-100 Helmet, Red"",4,3/3/2014"
17807,921,Mountain Tire Tube,4,3/3/2014
17807,712,AWC Logo Cap,3,3/3/2014
17808,928,LL Mountain Tire,4,7/26/2013
17808,923,Touring Tire Tube,4,5/17/2014
17808,921,Mountain Tire Tube,4,7/26/2013
17808,880,Hydration Pack - 70 oz.,4,5/17/2014
17809,873,Patch Kit/8 Patches,4,12/5/2013
17809,712,AWC Logo Cap,3,12/5/2013
17809,879,All-Purpose Bike Stand,4,12/5/2013
17809,921,Mountain Tire Tube,4,12/5/2013
"17810,708,""Sport-100 Helmet, Black"",4,7/26/2013"
17810,712,AWC Logo Cap,3,10/27/2013
17810,923,Touring Tire Tube,4,10/27/2013
17810,870,Water Bottle - 30 oz.,4,7/26/2013
"17811,708,""Sport-100 Helmet, Black"",4,3/29/2014"
"17811,716,""Long-Sleeve Logo Jersey, XL"",3,3/29/2014"
"17811,707,""Sport-100 Helmet, Red"",4,5/5/2014"
17812,873,Patch Kit/8 Patches,4,2/21/2014
17813,878,Fender Set - Mountain,4,11/5/2013
17813,870,Water Bottle - 30 oz.,4,11/5/2013
17814,928,LL Mountain Tire,4,7/28/2013
17814,870,Water Bottle - 30 oz.,4,4/25/2014
17814,923,Touring Tire Tube,4,4/25/2014
"17814,716,""Long-Sleeve Logo Jersey, XL"",3,4/25/2014"
"17814,708,""Sport-100 Helmet, Black"",4,4/25/2014"
17815,878,Fender Set - Mountain,4,11/22/2013
"17815,882,""Short-Sleeve Classic Jersey, M"",3,11/22/2013"
"17815,858,""Half-Finger Gloves, S"",3,11/22/2013"
17815,870,Water Bottle - 30 oz.,4,11/22/2013
17816,921,Mountain Tire Tube,4,12/1/2013
17816,873,Patch Kit/8 Patches,4,12/1/2013
"17817,859,""Half-Finger Gloves, M"",3,4/23/2014"
17821,873,Patch Kit/8 Patches,4,9/18/2013
17823,873,Patch Kit/8 Patches,4,1/2/2014
17823,877,Bike Wash - Dissolver,4,1/2/2014
17824,932,ML Road Tire,4,10/31/2013
17824,922,Road Tire Tube,4,10/31/2013
17824,873,Patch Kit/8 Patches,4,10/31/2013
"17825,711,""Sport-100 Helmet, Blue"",4,5/15/2014"
17825,878,Fender Set - Mountain,4,3/12/2014
17825,870,Water Bottle - 30 oz.,4,5/15/2014
17825,872,Road Bottle Cage,4,5/15/2014
17829,873,Patch Kit/8 Patches,4,2/20/2014
17831,870,Water Bottle - 30 oz.,4,12/6/2013
"17831,707,""Sport-100 Helmet, Red"",4,12/6/2013"
17833,923,Touring Tire Tube,4,6/9/2013
17833,873,Patch Kit/8 Patches,4,6/9/2013
17833,871,Mountain Bottle Cage,4,3/19/2014
17834,871,Mountain Bottle Cage,4,5/11/2014
"17834,716,""Long-Sleeve Logo Jersey, XL"",3,4/7/2014"
17834,712,AWC Logo Cap,3,5/11/2014
17834,870,Water Bottle - 30 oz.,4,5/11/2014
17835,921,Mountain Tire Tube,4,1/25/2014
17835,928,LL Mountain Tire,4,1/25/2014
17835,923,Touring Tire Tube,4,1/31/2014
17836,873,Patch Kit/8 Patches,4,1/19/2014
"17837,707,""Sport-100 Helmet, Red"",4,12/26/2013"
17837,712,AWC Logo Cap,3,12/26/2013
17837,921,Mountain Tire Tube,4,12/26/2013
17838,873,Patch Kit/8 Patches,4,3/19/2014
17838,923,Touring Tire Tube,4,3/19/2014
17839,923,Touring Tire Tube,4,9/4/2013
17839,928,LL Mountain Tire,4,5/20/2014
"17840,707,""Sport-100 Helmet, Red"",4,2/22/2014"
17840,879,All-Purpose Bike Stand,4,9/1/2013
17840,928,LL Mountain Tire,4,9/1/2013
17840,923,Touring Tire Tube,4,2/22/2014
"17841,707,""Sport-100 Helmet, Red"",4,11/29/2013"
17842,929,ML Mountain Tire,4,8/19/2013
17842,921,Mountain Tire Tube,4,8/19/2013
"17843,865,""Classic Vest, M"",3,9/28/2013"
17844,921,Mountain Tire Tube,4,10/12/2013
17844,928,LL Mountain Tire,4,10/12/2013
17844,923,Touring Tire Tube,4,8/3/2013
17844,873,Patch Kit/8 Patches,4,8/3/2013
17846,921,Mountain Tire Tube,4,12/30/2013
"17846,707,""Sport-100 Helmet, Red"",4,12/30/2013"
"17849,860,""Half-Finger Gloves, L"",3,2/1/2014"
17850,921,Mountain Tire Tube,4,7/19/2013
17850,712,AWC Logo Cap,3,7/19/2013
17850,929,ML Mountain Tire,4,7/19/2013
17851,928,LL Mountain Tire,4,6/28/2014
17852,921,Mountain Tire Tube,4,9/8/2013
17852,878,Fender Set - Mountain,4,9/8/2013
17852,928,LL Mountain Tire,4,9/8/2013
17853,928,LL Mountain Tire,4,12/27/2013
"17854,711,""Sport-100 Helmet, Blue"",4,5/5/2014"
17854,928,LL Mountain Tire,4,5/5/2014
17855,923,Touring Tire Tube,4,10/25/2013
17855,876,Hitch Rack - 4-Bike,4,5/18/2014
17855,928,LL Mountain Tire,4,5/18/2014
17855,921,Mountain Tire Tube,4,5/18/2014
17856,873,Patch Kit/8 Patches,4,2/14/2014
17856,928,LL Mountain Tire,4,2/14/2014
17860,872,Road Bottle Cage,4,2/6/2014
17860,712,AWC Logo Cap,3,2/6/2014
"17860,883,""Short-Sleeve Classic Jersey, L"",3,2/6/2014"
17861,872,Road Bottle Cage,4,4/25/2014
"17861,707,""Sport-100 Helmet, Red"",4,4/25/2014"
17863,880,Hydration Pack - 70 oz.,4,2/1/2014
17863,877,Bike Wash - Dissolver,4,2/1/2014
"17865,883,""Short-Sleeve Classic Jersey, L"",3,4/30/2014"
"17867,711,""Sport-100 Helmet, Blue"",4,6/4/2014"
"17867,708,""Sport-100 Helmet, Black"",4,2/11/2014"
17867,929,ML Mountain Tire,4,6/4/2014
"17867,716,""Long-Sleeve Logo Jersey, XL"",3,6/4/2014"
"17869,860,""Half-Finger Gloves, L"",3,2/6/2014"
17871,932,ML Road Tire,4,2/28/2014
17872,870,Water Bottle - 30 oz.,4,3/23/2014
"17873,713,""Long-Sleeve Logo Jersey, S"",3,12/15/2013"
17874,929,ML Mountain Tire,4,4/22/2014
17876,922,Road Tire Tube,4,10/15/2013
17877,879,All-Purpose Bike Stand,4,10/17/2013
17877,922,Road Tire Tube,4,10/17/2013
17878,921,Mountain Tire Tube,4,4/9/2014
17878,929,ML Mountain Tire,4,4/9/2014
"17879,716,""Long-Sleeve Logo Jersey, XL"",3,9/14/2013"
17879,921,Mountain Tire Tube,4,4/3/2014
17879,923,Touring Tire Tube,4,9/14/2013
"17879,708,""Sport-100 Helmet, Black"",4,4/3/2014"
17880,923,Touring Tire Tube,4,8/3/2013
17880,873,Patch Kit/8 Patches,4,5/27/2014
17880,921,Mountain Tire Tube,4,5/27/2014
17881,880,Hydration Pack - 70 oz.,4,9/28/2013
17881,873,Patch Kit/8 Patches,4,6/20/2014
17881,928,LL Mountain Tire,4,6/20/2014
17881,923,Touring Tire Tube,4,9/28/2013
17882,928,LL Mountain Tire,4,7/2/2013
17882,921,Mountain Tire Tube,4,7/2/2013
17883,929,ML Mountain Tire,4,1/26/2014
17883,921,Mountain Tire Tube,4,1/26/2014
17883,712,AWC Logo Cap,3,1/26/2014
17884,928,LL Mountain Tire,4,1/3/2014
17886,870,Water Bottle - 30 oz.,4,9/27/2013
17886,928,LL Mountain Tire,4,9/27/2013
17887,928,LL Mountain Tire,4,2/20/2014
17887,921,Mountain Tire Tube,4,2/20/2014
17888,921,Mountain Tire Tube,4,2/9/2014
17890,878,Fender Set - Mountain,4,12/28/2013
17892,712,AWC Logo Cap,3,12/28/2013
"17892,708,""Sport-100 Helmet, Black"",4,12/28/2013"
17895,928,LL Mountain Tire,4,9/14/2013
17896,871,Mountain Bottle Cage,4,12/3/2013
17896,870,Water Bottle - 30 oz.,4,12/3/2013
"17896,859,""Half-Finger Gloves, M"",3,12/3/2013"
"17897,860,""Half-Finger Gloves, L"",3,1/18/2014"
"17898,707,""Sport-100 Helmet, Red"",4,12/19/2013"
17898,932,ML Road Tire,4,12/19/2013
17901,932,ML Road Tire,4,4/3/2014
17901,922,Road Tire Tube,4,4/3/2014
17902,872,Road Bottle Cage,4,12/5/2013
17903,921,Mountain Tire Tube,4,3/26/2014
17903,928,LL Mountain Tire,4,3/26/2014
17905,931,LL Road Tire,4,4/11/2014
17907,873,Patch Kit/8 Patches,4,3/9/2014
17907,931,LL Road Tire,4,3/9/2014
17908,922,Road Tire Tube,4,8/11/2013
17908,877,Bike Wash - Dissolver,4,8/11/2013
17908,931,LL Road Tire,4,8/11/2013
17909,712,AWC Logo Cap,3,1/6/2014
"17915,707,""Sport-100 Helmet, Red"",4,2/7/2014"
"17915,715,""Long-Sleeve Logo Jersey, L"",3,2/7/2014"
"17916,881,""Short-Sleeve Classic Jersey, S"",3,2/28/2014"
17922,870,Water Bottle - 30 oz.,4,3/7/2014
"17922,884,""Short-Sleeve Classic Jersey, XL"",3,3/7/2014"
17922,872,Road Bottle Cage,4,3/7/2014
17926,877,Bike Wash - Dissolver,4,4/24/2014
17927,873,Patch Kit/8 Patches,4,4/16/2014
17929,872,Road Bottle Cage,4,1/8/2014
17930,921,Mountain Tire Tube,4,2/18/2014
"17930,708,""Sport-100 Helmet, Black"",4,2/18/2014"
"17932,707,""Sport-100 Helmet, Red"",4,1/24/2014"
17932,932,ML Road Tire,4,1/24/2014
"17933,716,""Long-Sleeve Logo Jersey, XL"",3,12/17/2013"
"17933,708,""Sport-100 Helmet, Black"",4,12/17/2013"
17935,922,Road Tire Tube,4,11/22/2013
17935,932,ML Road Tire,4,11/22/2013
17936,921,Mountain Tire Tube,4,9/18/2013
"17936,708,""Sport-100 Helmet, Black"",4,9/18/2013"
"17937,864,""Classic Vest, S"",3,1/5/2014"
17938,929,ML Mountain Tire,4,6/6/2014
17938,873,Patch Kit/8 Patches,4,6/6/2014
17939,873,Patch Kit/8 Patches,4,6/5/2014
17939,921,Mountain Tire Tube,4,6/5/2014
17941,870,Water Bottle - 30 oz.,4,2/15/2014
"17941,707,""Sport-100 Helmet, Red"",4,2/15/2014"
17942,870,Water Bottle - 30 oz.,4,2/23/2014
"17945,858,""Half-Finger Gloves, S"",3,1/31/2014"
17948,870,Water Bottle - 30 oz.,4,1/14/2014
17948,871,Mountain Bottle Cage,4,1/14/2014
17949,712,AWC Logo Cap,3,4/30/2014
"17949,716,""Long-Sleeve Logo Jersey, XL"",3,6/26/2013"
17950,932,ML Road Tire,4,1/4/2014
17950,873,Patch Kit/8 Patches,4,1/4/2014
17951,928,LL Mountain Tire,4,12/5/2013
"17952,715,""Long-Sleeve Logo Jersey, L"",3,3/27/2014"
17953,929,ML Mountain Tire,4,1/19/2014
"17953,713,""Long-Sleeve Logo Jersey, S"",3,1/19/2014"
17954,929,ML Mountain Tire,4,10/20/2013
17955,932,ML Road Tire,4,4/16/2014
"17955,708,""Sport-100 Helmet, Black"",4,4/16/2014"
17956,932,ML Road Tire,4,2/6/2014
17956,873,Patch Kit/8 Patches,4,2/6/2014
17958,921,Mountain Tire Tube,4,1/22/2014
17958,928,LL Mountain Tire,4,1/22/2014
17959,928,LL Mountain Tire,4,1/25/2014
17961,928,LL Mountain Tire,4,4/6/2014
17961,712,AWC Logo Cap,3,4/6/2014
17961,921,Mountain Tire Tube,4,4/6/2014
"17962,874,""Racing Socks, M"",3,1/19/2014"
17964,870,Water Bottle - 30 oz.,4,3/30/2014
17964,712,AWC Logo Cap,3,3/30/2014
"17964,708,""Sport-100 Helmet, Black"",4,3/30/2014"
17967,928,LL Mountain Tire,4,5/30/2014
17967,921,Mountain Tire Tube,4,5/30/2014
17969,878,Fender Set - Mountain,4,2/3/2014
17970,873,Patch Kit/8 Patches,4,9/1/2013
"17972,707,""Sport-100 Helmet, Red"",4,1/31/2014"
17973,873,Patch Kit/8 Patches,4,2/7/2014
17973,876,Hitch Rack - 4-Bike,4,2/7/2014
17973,932,ML Road Tire,4,2/7/2014
17974,870,Water Bottle - 30 oz.,4,2/21/2014
17974,877,Bike Wash - Dissolver,4,2/21/2014
17974,878,Fender Set - Mountain,4,2/21/2014
"17976,713,""Long-Sleeve Logo Jersey, S"",3,7/3/2013"
17977,871,Mountain Bottle Cage,4,4/2/2014
"17978,708,""Sport-100 Helmet, Black"",4,5/11/2014"
17978,871,Mountain Bottle Cage,4,5/11/2014
17979,871,Mountain Bottle Cage,4,5/24/2014
"17979,707,""Sport-100 Helmet, Red"",4,5/24/2014"
17982,871,Mountain Bottle Cage,4,9/4/2013
17982,870,Water Bottle - 30 oz.,4,9/4/2013
17983,921,Mountain Tire Tube,4,3/10/2014
17983,712,AWC Logo Cap,3,3/10/2014
17983,930,HL Mountain Tire,4,3/10/2014
17984,930,HL Mountain Tire,4,3/16/2014
17985,872,Road Bottle Cage,4,9/9/2013
17985,870,Water Bottle - 30 oz.,4,9/9/2013
17986,871,Mountain Bottle Cage,4,4/23/2014
"17986,858,""Half-Finger Gloves, S"",3,4/23/2014"
"17986,708,""Sport-100 Helmet, Black"",4,10/16/2013"
17988,929,ML Mountain Tire,4,3/25/2014
17988,877,Bike Wash - Dissolver,4,3/25/2014
17990,878,Fender Set - Mountain,4,3/12/2014
17991,921,Mountain Tire Tube,4,12/24/2013
17991,712,AWC Logo Cap,3,12/24/2013
"17991,708,""Sport-100 Helmet, Black"",4,12/24/2013"
17992,932,ML Road Tire,4,7/30/2013
17992,922,Road Tire Tube,4,7/30/2013
"17993,881,""Short-Sleeve Classic Jersey, S"",3,7/6/2013"
17994,932,ML Road Tire,4,7/19/2013
17995,873,Patch Kit/8 Patches,4,2/3/2014
"17997,707,""Sport-100 Helmet, Red"",4,9/18/2013"
17997,929,ML Mountain Tire,4,9/18/2013
18000,871,Mountain Bottle Cage,4,3/19/2014
18000,878,Fender Set - Mountain,4,3/19/2014
18000,870,Water Bottle - 30 oz.,4,3/19/2014
18001,922,Road Tire Tube,4,4/13/2014
18001,932,ML Road Tire,4,4/13/2014
18002,873,Patch Kit/8 Patches,4,2/21/2014
18003,922,Road Tire Tube,4,6/26/2014
"18003,711,""Sport-100 Helmet, Blue"",4,6/26/2014"
"18005,865,""Classic Vest, M"",3,4/21/2014"
"18005,711,""Sport-100 Helmet, Blue"",4,10/11/2013"
18005,870,Water Bottle - 30 oz.,4,4/21/2014
18006,922,Road Tire Tube,4,10/1/2013
"18007,707,""Sport-100 Helmet, Red"",4,12/27/2013"
"18008,714,""Long-Sleeve Logo Jersey, M"",3,3/8/2014"
"18010,711,""Sport-100 Helmet, Blue"",4,3/25/2014"
18011,873,Patch Kit/8 Patches,4,3/19/2014
18011,879,All-Purpose Bike Stand,4,3/19/2014
18011,922,Road Tire Tube,4,3/19/2014
18012,931,LL Road Tire,4,4/4/2014
18013,873,Patch Kit/8 Patches,4,6/16/2014
18013,922,Road Tire Tube,4,6/16/2014
"18014,866,""Classic Vest, L"",3,9/6/2013"
18015,929,ML Mountain Tire,4,4/16/2014
18015,873,Patch Kit/8 Patches,4,4/16/2014
18016,921,Mountain Tire Tube,4,4/16/2014
18018,929,ML Mountain Tire,4,2/8/2014
18019,870,Water Bottle - 30 oz.,4,4/29/2014
18020,922,Road Tire Tube,4,1/23/2014
18020,873,Patch Kit/8 Patches,4,1/23/2014
18020,877,Bike Wash - Dissolver,4,1/23/2014
"18021,715,""Long-Sleeve Logo Jersey, L"",3,3/30/2014"
18022,922,Road Tire Tube,4,7/30/2013
18022,932,ML Road Tire,4,7/30/2013
18023,879,All-Purpose Bike Stand,4,3/3/2014
18023,932,ML Road Tire,4,3/3/2014
18024,928,LL Mountain Tire,4,9/1/2013
18024,876,Hitch Rack - 4-Bike,4,9/1/2013
18025,929,ML Mountain Tire,4,1/20/2014
18025,873,Patch Kit/8 Patches,4,1/20/2014
18026,929,ML Mountain Tire,4,5/4/2014
18026,921,Mountain Tire Tube,4,5/4/2014
18029,922,Road Tire Tube,4,1/26/2014
"18029,884,""Short-Sleeve Classic Jersey, XL"",3,1/26/2014"
18030,921,Mountain Tire Tube,4,8/6/2013
"18030,711,""Sport-100 Helmet, Blue"",4,8/6/2013"
18032,921,Mountain Tire Tube,4,10/5/2013
"18032,711,""Sport-100 Helmet, Blue"",4,10/5/2013"
"18032,859,""Half-Finger Gloves, M"",3,10/5/2013"
"18032,714,""Long-Sleeve Logo Jersey, M"",3,10/5/2013"
"18034,711,""Sport-100 Helmet, Blue"",4,10/21/2013"
18034,922,Road Tire Tube,4,10/21/2013
18035,922,Road Tire Tube,4,5/28/2014
18035,932,ML Road Tire,4,5/28/2014
18037,928,LL Mountain Tire,4,2/9/2014
18040,929,ML Mountain Tire,4,11/29/2013
18040,879,All-Purpose Bike Stand,4,11/29/2013
18041,873,Patch Kit/8 Patches,4,12/17/2013
18041,921,Mountain Tire Tube,4,12/17/2013
18042,921,Mountain Tire Tube,4,9/1/2013
18043,921,Mountain Tire Tube,4,10/20/2013
18044,921,Mountain Tire Tube,4,2/7/2014
18044,928,LL Mountain Tire,4,2/7/2014
"18045,716,""Long-Sleeve Logo Jersey, XL"",3,3/27/2014"
18048,928,LL Mountain Tire,4,4/20/2014
"18048,707,""Sport-100 Helmet, Red"",4,4/20/2014"
"18049,716,""Long-Sleeve Logo Jersey, XL"",3,2/13/2014"
18053,870,Water Bottle - 30 oz.,4,7/14/2013
18054,929,ML Mountain Tire,4,3/12/2014
18054,871,Mountain Bottle Cage,4,9/23/2013
18054,878,Fender Set - Mountain,4,9/23/2013
"18054,708,""Sport-100 Helmet, Black"",4,3/12/2014"
18055,871,Mountain Bottle Cage,4,7/15/2013
18055,921,Mountain Tire Tube,4,1/9/2014
18055,870,Water Bottle - 30 oz.,4,7/15/2013
"18055,714,""Long-Sleeve Logo Jersey, M"",3,1/9/2014"
18058,921,Mountain Tire Tube,4,2/3/2014
18059,872,Road Bottle Cage,4,2/7/2014
"18062,714,""Long-Sleeve Logo Jersey, M"",3,2/22/2014"
18062,712,AWC Logo Cap,3,2/22/2014
"18063,716,""Long-Sleeve Logo Jersey, XL"",3,8/26/2013"
18064,870,Water Bottle - 30 oz.,4,8/22/2013
18065,878,Fender Set - Mountain,4,2/4/2014
"18065,865,""Classic Vest, M"",3,2/4/2014"
18066,870,Water Bottle - 30 oz.,4,4/14/2014
18066,871,Mountain Bottle Cage,4,4/14/2014
18067,878,Fender Set - Mountain,4,4/19/2014
"18071,864,""Classic Vest, S"",3,9/25/2013"
18073,712,AWC Logo Cap,3,6/22/2014
18074,870,Water Bottle - 30 oz.,4,12/19/2013
18075,921,Mountain Tire Tube,4,4/7/2014
18075,930,HL Mountain Tire,4,4/7/2014
18076,880,Hydration Pack - 70 oz.,4,3/31/2014
18076,870,Water Bottle - 30 oz.,4,3/31/2014
18077,878,Fender Set - Mountain,4,10/30/2013
"18077,858,""Half-Finger Gloves, S"",3,10/30/2013"
"18077,867,""Women's Mountain Shorts, S"",3,6/11/2014"
"18077,708,""Sport-100 Helmet, Black"",4,10/30/2013"
18078,712,AWC Logo Cap,3,2/22/2014
18078,878,Fender Set - Mountain,4,8/27/2013
"18078,716,""Long-Sleeve Logo Jersey, XL"",3,2/22/2014"
18080,932,ML Road Tire,4,2/4/2014
18080,877,Bike Wash - Dissolver,4,2/4/2014
18081,878,Fender Set - Mountain,4,12/12/2013
18082,712,AWC Logo Cap,3,4/10/2014
18082,870,Water Bottle - 30 oz.,4,4/10/2014
"18083,715,""Long-Sleeve Logo Jersey, L"",3,11/30/2013"
18083,870,Water Bottle - 30 oz.,4,11/30/2013
"18084,858,""Half-Finger Gloves, S"",3,2/19/2014"
18085,870,Water Bottle - 30 oz.,4,2/27/2014
"18085,715,""Long-Sleeve Logo Jersey, L"",3,2/27/2014"
18086,712,AWC Logo Cap,3,2/11/2014
18086,872,Road Bottle Cage,4,2/11/2014
18087,712,AWC Logo Cap,3,1/29/2014
18090,929,ML Mountain Tire,4,10/21/2013
18090,878,Fender Set - Mountain,4,9/21/2013
18090,877,Bike Wash - Dissolver,4,10/21/2013
18092,922,Road Tire Tube,4,5/4/2014
18092,932,ML Road Tire,4,5/4/2014
"18092,860,""Half-Finger Gloves, L"",3,5/4/2014"
"18093,874,""Racing Socks, M"",3,11/16/2013"
"18094,866,""Classic Vest, L"",3,7/22/2013"
"18095,881,""Short-Sleeve Classic Jersey, S"",3,7/8/2013"
"18097,711,""Sport-100 Helmet, Blue"",4,8/22/2013"
18100,870,Water Bottle - 30 oz.,4,12/17/2013
18101,870,Water Bottle - 30 oz.,4,4/20/2014
"18101,860,""Half-Finger Gloves, L"",3,4/20/2014"
18104,870,Water Bottle - 30 oz.,4,9/2/2013
"18105,708,""Sport-100 Helmet, Black"",4,8/26/2013"
18107,870,Water Bottle - 30 oz.,4,6/5/2014
18109,870,Water Bottle - 30 oz.,4,7/26/2013
"18109,866,""Classic Vest, L"",3,7/26/2013"
18110,870,Water Bottle - 30 oz.,4,7/6/2013
18112,870,Water Bottle - 30 oz.,4,11/10/2013
"18112,859,""Half-Finger Gloves, M"",3,11/10/2013"
"18113,713,""Long-Sleeve Logo Jersey, S"",3,4/9/2014"
18114,870,Water Bottle - 30 oz.,4,6/16/2014
18115,870,Water Bottle - 30 oz.,4,4/25/2014
"18116,711,""Sport-100 Helmet, Blue"",4,3/14/2014"
18117,870,Water Bottle - 30 oz.,4,5/25/2014
18119,870,Water Bottle - 30 oz.,4,3/21/2014
18121,932,ML Road Tire,4,2/16/2014
"18121,866,""Classic Vest, L"",3,2/16/2014"
18124,878,Fender Set - Mountain,4,2/16/2014
"18126,708,""Sport-100 Helmet, Black"",4,2/19/2014"
18126,870,Water Bottle - 30 oz.,4,2/19/2014
18126,871,Mountain Bottle Cage,4,2/19/2014
18127,930,HL Mountain Tire,4,2/28/2014
"18127,859,""Half-Finger Gloves, M"",3,2/28/2014"
18127,878,Fender Set - Mountain,4,2/28/2014
"18127,711,""Sport-100 Helmet, Blue"",4,4/21/2014"
"18128,866,""Classic Vest, L"",3,9/15/2013"
"18129,858,""Half-Finger Gloves, S"",3,11/5/2013"
18129,878,Fender Set - Mountain,4,11/5/2013
18130,870,Water Bottle - 30 oz.,4,1/9/2014
18130,871,Mountain Bottle Cage,4,1/9/2014
18132,870,Water Bottle - 30 oz.,4,2/9/2014
"18133,882,""Short-Sleeve Classic Jersey, M"",3,2/9/2014"
"18134,711,""Sport-100 Helmet, Blue"",4,2/14/2014"
18135,870,Water Bottle - 30 oz.,4,4/19/2014
18135,872,Road Bottle Cage,4,4/19/2014
"18136,874,""Racing Socks, M"",3,4/23/2014"
18137,870,Water Bottle - 30 oz.,4,2/8/2014
18137,871,Mountain Bottle Cage,4,2/8/2014
"18138,883,""Short-Sleeve Classic Jersey, L"",3,5/8/2014"
18139,712,AWC Logo Cap,3,2/8/2014
18139,871,Mountain Bottle Cage,4,2/8/2014
18139,870,Water Bottle - 30 oz.,4,2/8/2014
18139,872,Road Bottle Cage,4,2/8/2014
18140,872,Road Bottle Cage,4,2/15/2014
18140,870,Water Bottle - 30 oz.,4,2/15/2014
18140,877,Bike Wash - Dissolver,4,2/2/2014
18141,873,Patch Kit/8 Patches,4,5/18/2014
18141,923,Touring Tire Tube,4,5/18/2014
18141,878,Fender Set - Mountain,4,2/27/2014
18141,934,Touring Tire,4,5/18/2014
18142,878,Fender Set - Mountain,4,3/30/2014
18143,871,Mountain Bottle Cage,4,2/7/2014
"18143,884,""Short-Sleeve Classic Jersey, XL"",3,2/7/2014"
18144,878,Fender Set - Mountain,4,5/2/2014
18145,878,Fender Set - Mountain,4,7/13/2013
18146,871,Mountain Bottle Cage,4,3/25/2014
18147,880,Hydration Pack - 70 oz.,4,1/30/2014
18147,870,Water Bottle - 30 oz.,4,1/30/2014
18149,930,HL Mountain Tire,4,4/2/2014
18149,877,Bike Wash - Dissolver,4,9/4/2013
18149,873,Patch Kit/8 Patches,4,9/4/2013
18150,878,Fender Set - Mountain,4,7/24/2013
18151,880,Hydration Pack - 70 oz.,4,8/23/2013
18152,878,Fender Set - Mountain,4,7/29/2013
18154,871,Mountain Bottle Cage,4,10/27/2013
"18154,860,""Half-Finger Gloves, L"",3,10/27/2013"
18154,878,Fender Set - Mountain,4,10/27/2013
18154,921,Mountain Tire Tube,4,10/27/2013
"18155,707,""Sport-100 Helmet, Red"",4,11/30/2013"
18155,921,Mountain Tire Tube,4,6/9/2014
18155,712,AWC Logo Cap,3,11/30/2013
18155,923,Touring Tire Tube,4,11/30/2013
18155,930,HL Mountain Tire,4,6/9/2014
18156,873,Patch Kit/8 Patches,4,2/1/2014
18156,930,HL Mountain Tire,4,2/1/2014
"18156,711,""Sport-100 Helmet, Blue"",4,5/27/2014"
18156,921,Mountain Tire Tube,4,2/1/2014
"18157,711,""Sport-100 Helmet, Blue"",4,2/11/2014"
18157,712,AWC Logo Cap,3,2/11/2014
"18160,875,""Racing Socks, L"",3,5/15/2014"
18160,871,Mountain Bottle Cage,4,1/29/2014
18161,873,Patch Kit/8 Patches,4,10/24/2013
18162,921,Mountain Tire Tube,4,3/12/2014
18163,871,Mountain Bottle Cage,4,2/21/2014
"18163,707,""Sport-100 Helmet, Red"",4,2/21/2014"
"18165,707,""Sport-100 Helmet, Red"",4,3/6/2014"
18165,930,HL Mountain Tire,4,9/11/2013
18165,873,Patch Kit/8 Patches,4,9/11/2013
18165,921,Mountain Tire Tube,4,9/11/2013
"18166,881,""Short-Sleeve Classic Jersey, S"",3,2/3/2014"
18166,871,Mountain Bottle Cage,4,2/3/2014
18166,870,Water Bottle - 30 oz.,4,2/3/2014
"18167,714,""Long-Sleeve Logo Jersey, M"",3,2/5/2014"
18168,872,Road Bottle Cage,4,5/20/2014
18168,870,Water Bottle - 30 oz.,4,5/20/2014
18169,921,Mountain Tire Tube,4,8/26/2013
18170,921,Mountain Tire Tube,4,8/8/2013
18171,712,AWC Logo Cap,3,1/31/2014
18171,870,Water Bottle - 30 oz.,4,1/31/2014
18172,930,HL Mountain Tire,4,6/27/2014
"18172,707,""Sport-100 Helmet, Red"",4,3/22/2014"
18172,873,Patch Kit/8 Patches,4,6/27/2014
18173,934,Touring Tire,4,5/7/2014
18173,871,Mountain Bottle Cage,4,3/23/2014
18173,712,AWC Logo Cap,3,5/7/2014
18173,923,Touring Tire Tube,4,5/7/2014
18174,873,Patch Kit/8 Patches,4,7/2/2013
18175,871,Mountain Bottle Cage,4,2/25/2014
18176,870,Water Bottle - 30 oz.,4,2/18/2014
"18176,707,""Sport-100 Helmet, Red"",4,2/18/2014"
18177,923,Touring Tire Tube,4,5/11/2014
18177,934,Touring Tire,4,5/11/2014
"18177,874,""Racing Socks, M"",3,3/25/2014"
18177,871,Mountain Bottle Cage,4,3/25/2014
18178,878,Fender Set - Mountain,4,11/8/2013
"18178,860,""Half-Finger Gloves, L"",3,6/30/2014"
18180,921,Mountain Tire Tube,4,10/10/2013
18181,880,Hydration Pack - 70 oz.,4,11/6/2013
"18181,711,""Sport-100 Helmet, Blue"",4,10/26/2013"
18181,878,Fender Set - Mountain,4,11/6/2013
18181,871,Mountain Bottle Cage,4,11/6/2013
18181,712,AWC Logo Cap,3,10/26/2013
18183,877,Bike Wash - Dissolver,4,2/9/2014
18183,870,Water Bottle - 30 oz.,4,2/9/2014
18184,921,Mountain Tire Tube,4,3/18/2014
"18184,715,""Long-Sleeve Logo Jersey, L"",3,3/18/2014"
18185,878,Fender Set - Mountain,4,2/11/2014
18185,870,Water Bottle - 30 oz.,4,2/11/2014
"18186,865,""Classic Vest, M"",3,9/13/2013"
"18186,711,""Sport-100 Helmet, Blue"",4,1/6/2014"
18186,923,Touring Tire Tube,4,1/6/2014
18186,878,Fender Set - Mountain,4,9/13/2013
18187,870,Water Bottle - 30 oz.,4,11/3/2013
18187,877,Bike Wash - Dissolver,4,11/3/2013
18187,871,Mountain Bottle Cage,4,11/3/2013
18188,933,HL Road Tire,4,1/8/2014
18188,922,Road Tire Tube,4,1/8/2014
18190,878,Fender Set - Mountain,4,2/20/2014
18191,712,AWC Logo Cap,3,7/2/2013
18191,878,Fender Set - Mountain,4,4/10/2014
18192,932,ML Road Tire,4,1/14/2014
18192,922,Road Tire Tube,4,1/14/2014
18193,873,Patch Kit/8 Patches,4,1/2/2014
18194,880,Hydration Pack - 70 oz.,4,10/22/2013
18194,712,AWC Logo Cap,3,1/5/2014
18195,712,AWC Logo Cap,3,9/21/2013
"18195,864,""Classic Vest, S"",3,4/29/2014"
18196,871,Mountain Bottle Cage,4,1/22/2014
18197,878,Fender Set - Mountain,4,2/20/2014
"18199,884,""Short-Sleeve Classic Jersey, XL"",3,10/30/2013"
18199,870,Water Bottle - 30 oz.,4,10/30/2013
18199,878,Fender Set - Mountain,4,10/30/2013
18199,712,AWC Logo Cap,3,12/2/2013
18200,921,Mountain Tire Tube,4,3/1/2014
18200,928,LL Mountain Tire,4,3/1/2014
18201,870,Water Bottle - 30 oz.,4,3/18/2014
"18201,860,""Half-Finger Gloves, L"",3,3/18/2014"
18204,871,Mountain Bottle Cage,4,4/15/2014
18206,878,Fender Set - Mountain,4,9/22/2013
"18206,711,""Sport-100 Helmet, Blue"",4,9/22/2013"
18207,870,Water Bottle - 30 oz.,4,6/24/2013
"18207,882,""Short-Sleeve Classic Jersey, M"",3,6/24/2013"
18208,872,Road Bottle Cage,4,6/1/2013
18210,872,Road Bottle Cage,4,6/22/2013
18210,712,AWC Logo Cap,3,6/22/2013
18211,712,AWC Logo Cap,3,12/22/2013
"18211,708,""Sport-100 Helmet, Black"",4,8/1/2013"
18213,872,Road Bottle Cage,4,6/18/2013
"18213,708,""Sport-100 Helmet, Black"",4,6/18/2013"
18214,933,HL Road Tire,4,6/13/2013
"18214,707,""Sport-100 Helmet, Red"",4,6/13/2013"
18215,878,Fender Set - Mountain,4,4/2/2014
18215,876,Hitch Rack - 4-Bike,4,4/2/2014
18216,878,Fender Set - Mountain,4,4/6/2014
18216,712,AWC Logo Cap,3,7/26/2013
18219,877,Bike Wash - Dissolver,4,6/21/2013
18221,870,Water Bottle - 30 oz.,4,1/9/2014
18221,712,AWC Logo Cap,3,1/26/2014
18221,871,Mountain Bottle Cage,4,1/9/2014
18222,872,Road Bottle Cage,4,6/21/2013
18222,870,Water Bottle - 30 oz.,4,6/21/2013
18223,870,Water Bottle - 30 oz.,4,7/28/2013
"18224,860,""Half-Finger Gloves, L"",3,4/7/2014"
18224,870,Water Bottle - 30 oz.,4,4/7/2014
18224,871,Mountain Bottle Cage,4,4/7/2014
18225,871,Mountain Bottle Cage,4,4/7/2014
18225,921,Mountain Tire Tube,4,4/7/2014
18225,870,Water Bottle - 30 oz.,4,4/7/2014
18227,922,Road Tire Tube,4,3/1/2014
"18232,708,""Sport-100 Helmet, Black"",4,4/10/2014"
18232,921,Mountain Tire Tube,4,4/10/2014
18233,932,ML Road Tire,4,3/1/2014
18233,922,Road Tire Tube,4,3/1/2014
"18235,708,""Sport-100 Helmet, Black"",4,1/31/2014"
18237,870,Water Bottle - 30 oz.,4,3/2/2014
18237,871,Mountain Bottle Cage,4,3/2/2014
"18240,884,""Short-Sleeve Classic Jersey, XL"",3,6/10/2013"
18240,872,Road Bottle Cage,4,6/10/2013
18240,870,Water Bottle - 30 oz.,4,6/10/2013
18241,933,HL Road Tire,4,6/20/2013
18242,922,Road Tire Tube,4,6/27/2013
18242,933,HL Road Tire,4,6/27/2013
18243,922,Road Tire Tube,4,6/9/2013
18247,878,Fender Set - Mountain,4,3/25/2014
"18247,884,""Short-Sleeve Classic Jersey, XL"",3,3/25/2014"
18248,870,Water Bottle - 30 oz.,4,7/28/2013
18248,873,Patch Kit/8 Patches,4,7/28/2013
18249,872,Road Bottle Cage,4,7/8/2013
18249,870,Water Bottle - 30 oz.,4,7/8/2013
18250,922,Road Tire Tube,4,7/2/2013
18251,872,Road Bottle Cage,4,7/6/2013
18253,870,Water Bottle - 30 oz.,4,10/11/2013
18253,871,Mountain Bottle Cage,4,10/11/2013
18253,712,AWC Logo Cap,3,1/14/2014
"18255,875,""Racing Socks, L"",3,12/31/2013"
18255,922,Road Tire Tube,4,12/31/2013
18256,922,Road Tire Tube,4,7/30/2013
"18256,711,""Sport-100 Helmet, Blue"",4,2/24/2014"
18256,932,ML Road Tire,4,7/30/2013
18257,878,Fender Set - Mountain,4,8/16/2013
"18257,707,""Sport-100 Helmet, Red"",4,8/16/2013"
18257,712,AWC Logo Cap,3,1/18/2014
18258,870,Water Bottle - 30 oz.,4,11/18/2013
18258,878,Fender Set - Mountain,4,11/18/2013
18258,712,AWC Logo Cap,3,3/31/2014
18259,712,AWC Logo Cap,3,7/23/2013
18260,872,Road Bottle Cage,4,7/29/2013
18261,712,AWC Logo Cap,3,2/2/2014
18261,878,Fender Set - Mountain,4,1/30/2014
18262,932,ML Road Tire,4,5/25/2014
18262,922,Road Tire Tube,4,5/25/2014
"18262,860,""Half-Finger Gloves, L"",3,3/22/2014"
"18262,708,""Sport-100 Helmet, Black"",4,3/22/2014"
18263,878,Fender Set - Mountain,4,5/6/2014
18263,929,ML Mountain Tire,4,5/6/2014
"18263,708,""Sport-100 Helmet, Black"",4,5/6/2014"
18264,921,Mountain Tire Tube,4,3/20/2014
"18264,711,""Sport-100 Helmet, Blue"",4,2/21/2014"
18265,929,ML Mountain Tire,4,2/17/2014
18266,873,Patch Kit/8 Patches,4,1/4/2014
"18266,708,""Sport-100 Helmet, Black"",4,1/19/2014"
18266,921,Mountain Tire Tube,4,1/4/2014
18267,929,ML Mountain Tire,4,5/4/2014
18268,922,Road Tire Tube,4,1/27/2014
"18268,708,""Sport-100 Helmet, Black"",4,1/27/2014"
"18268,875,""Racing Socks, L"",3,1/27/2014"
18269,880,Hydration Pack - 70 oz.,4,2/17/2014
18269,922,Road Tire Tube,4,2/17/2014
18270,712,AWC Logo Cap,3,12/2/2013
18270,878,Fender Set - Mountain,4,12/11/2013
18271,712,AWC Logo Cap,3,9/8/2013
"18271,711,""Sport-100 Helmet, Blue"",4,5/26/2014"
"18271,881,""Short-Sleeve Classic Jersey, S"",3,5/26/2014"
18273,933,HL Road Tire,4,7/22/2013
18274,878,Fender Set - Mountain,4,3/27/2014
"18276,714,""Long-Sleeve Logo Jersey, M"",3,1/30/2014"
18277,872,Road Bottle Cage,4,2/7/2014
"18277,708,""Sport-100 Helmet, Black"",4,2/7/2014"
"18278,711,""Sport-100 Helmet, Blue"",4,12/16/2013"
18278,921,Mountain Tire Tube,4,9/9/2013
18278,929,ML Mountain Tire,4,9/9/2013
"18278,884,""Short-Sleeve Classic Jersey, XL"",3,9/9/2013"
18279,922,Road Tire Tube,4,5/13/2014
"18279,875,""Racing Socks, L"",3,5/8/2014"
18279,921,Mountain Tire Tube,4,5/8/2014
"18279,860,""Half-Finger Gloves, L"",3,5/13/2014"
"18279,707,""Sport-100 Helmet, Red"",4,5/13/2014"
18279,878,Fender Set - Mountain,4,5/8/2014
18280,921,Mountain Tire Tube,4,5/24/2014
"18280,715,""Long-Sleeve Logo Jersey, L"",3,4/24/2014"
"18280,875,""Racing Socks, L"",3,4/24/2014"
18280,933,HL Road Tire,4,4/24/2014
"18281,858,""Half-Finger Gloves, S"",3,2/16/2014"
18282,712,AWC Logo Cap,3,2/17/2014
18283,712,AWC Logo Cap,3,6/2/2014
"18283,884,""Short-Sleeve Classic Jersey, XL"",3,1/2/2014"
18283,878,Fender Set - Mountain,4,1/2/2014
18285,922,Road Tire Tube,4,1/18/2014
18285,921,Mountain Tire Tube,4,9/1/2013
18285,929,ML Mountain Tire,4,9/1/2013
18285,933,HL Road Tire,4,1/18/2014
18286,922,Road Tire Tube,4,5/6/2014
18286,921,Mountain Tire Tube,4,7/22/2013
18286,929,ML Mountain Tire,4,7/22/2013
"18286,711,""Sport-100 Helmet, Blue"",4,7/22/2013"
18287,921,Mountain Tire Tube,4,7/29/2013
18287,933,HL Road Tire,4,8/19/2013
18287,929,ML Mountain Tire,4,7/29/2013
18288,933,HL Road Tire,4,7/8/2013
18288,922,Road Tire Tube,4,7/8/2013
18289,712,AWC Logo Cap,3,3/17/2014
"18289,864,""Classic Vest, S"",3,6/17/2014"
"18290,884,""Short-Sleeve Classic Jersey, XL"",3,3/28/2014"
18290,878,Fender Set - Mountain,4,3/28/2014
18291,712,AWC Logo Cap,3,11/20/2013
18292,873,Patch Kit/8 Patches,4,3/4/2014
18292,878,Fender Set - Mountain,4,1/2/2014
18292,870,Water Bottle - 30 oz.,4,1/2/2014
18293,871,Mountain Bottle Cage,4,7/3/2013
18293,873,Patch Kit/8 Patches,4,6/30/2013
18293,878,Fender Set - Mountain,4,7/3/2013
"18293,711,""Sport-100 Helmet, Blue"",4,7/3/2013"
18294,878,Fender Set - Mountain,4,10/12/2013
"18294,882,""Short-Sleeve Classic Jersey, M"",3,10/12/2013"
18295,873,Patch Kit/8 Patches,4,10/12/2013
18295,878,Fender Set - Mountain,4,9/21/2013
18296,922,Road Tire Tube,4,7/19/2013
18296,933,HL Road Tire,4,7/19/2013
"18296,859,""Half-Finger Gloves, M"",3,7/19/2013"
"18297,881,""Short-Sleeve Classic Jersey, S"",3,7/29/2013"
18297,712,AWC Logo Cap,3,7/29/2013
18298,873,Patch Kit/8 Patches,4,1/27/2014
18299,878,Fender Set - Mountain,4,1/1/2014
18299,877,Bike Wash - Dissolver,4,1/1/2014
18300,873,Patch Kit/8 Patches,4,9/15/2013
18300,933,HL Road Tire,4,9/15/2013
18304,878,Fender Set - Mountain,4,6/3/2014
"18305,881,""Short-Sleeve Classic Jersey, S"",3,3/11/2014"
18305,921,Mountain Tire Tube,4,3/11/2014
18305,922,Road Tire Tube,4,12/9/2013
18305,933,HL Road Tire,4,12/9/2013
18306,878,Fender Set - Mountain,4,12/23/2013
"18306,864,""Classic Vest, S"",3,12/23/2013"
18308,873,Patch Kit/8 Patches,4,7/6/2013
18308,872,Road Bottle Cage,4,7/6/2013
18309,870,Water Bottle - 30 oz.,4,7/1/2013
18309,872,Road Bottle Cage,4,7/1/2013
18311,712,AWC Logo Cap,3,5/17/2014
18312,870,Water Bottle - 30 oz.,4,9/2/2013
18312,877,Bike Wash - Dissolver,4,9/2/2013
18313,873,Patch Kit/8 Patches,4,5/2/2014
18314,931,LL Road Tire,4,12/3/2013
"18314,711,""Sport-100 Helmet, Blue"",4,8/21/2013"
18314,921,Mountain Tire Tube,4,11/8/2013
18314,873,Patch Kit/8 Patches,4,12/3/2013
18315,873,Patch Kit/8 Patches,4,11/27/2013
18316,873,Patch Kit/8 Patches,4,3/27/2014
18317,878,Fender Set - Mountain,4,4/23/2014
"18317,875,""Racing Socks, L"",3,6/10/2014"
18317,929,ML Mountain Tire,4,6/10/2014
18317,873,Patch Kit/8 Patches,4,6/21/2014
"18318,859,""Half-Finger Gloves, M"",3,3/3/2014"
18319,922,Road Tire Tube,4,9/24/2013
18319,931,LL Road Tire,4,9/24/2013
18320,880,Hydration Pack - 70 oz.,4,2/10/2014
"18320,874,""Racing Socks, M"",3,4/27/2014"
18320,873,Patch Kit/8 Patches,4,6/1/2014
18320,921,Mountain Tire Tube,4,6/1/2014
"18320,859,""Half-Finger Gloves, M"",3,2/10/2014"
18320,929,ML Mountain Tire,4,6/1/2014
18320,922,Road Tire Tube,4,2/10/2014
18320,878,Fender Set - Mountain,4,4/27/2014
18321,921,Mountain Tire Tube,4,8/27/2013
18322,878,Fender Set - Mountain,4,9/25/2013
18322,931,LL Road Tire,4,5/22/2014
"18322,858,""Half-Finger Gloves, S"",3,9/5/2013"
18322,929,ML Mountain Tire,4,9/5/2013
18322,871,Mountain Bottle Cage,4,9/5/2013
18322,870,Water Bottle - 30 oz.,4,9/5/2013
"18323,708,""Sport-100 Helmet, Black"",4,12/19/2013"
18325,921,Mountain Tire Tube,4,10/20/2013
"18325,711,""Sport-100 Helmet, Blue"",4,10/20/2013"
18325,873,Patch Kit/8 Patches,4,8/1/2013
18325,933,HL Road Tire,4,8/1/2013
18326,921,Mountain Tire Tube,4,6/11/2014
"18326,882,""Short-Sleeve Classic Jersey, M"",3,2/25/2014"
18326,712,AWC Logo Cap,3,2/25/2014
18327,870,Water Bottle - 30 oz.,4,8/28/2013
18328,870,Water Bottle - 30 oz.,4,3/11/2014
18329,931,LL Road Tire,4,7/2/2013
18329,878,Fender Set - Mountain,4,3/26/2014
18329,873,Patch Kit/8 Patches,4,2/12/2014
18329,921,Mountain Tire Tube,4,2/12/2014
"18330,882,""Short-Sleeve Classic Jersey, M"",3,6/7/2014"
18330,921,Mountain Tire Tube,4,8/14/2013
18333,922,Road Tire Tube,4,5/26/2014
18333,873,Patch Kit/8 Patches,4,5/26/2014
18335,870,Water Bottle - 30 oz.,4,4/22/2014
"18336,707,""Sport-100 Helmet, Red"",4,5/21/2014"
"18336,716,""Long-Sleeve Logo Jersey, XL"",3,5/21/2014"
"18336,858,""Half-Finger Gloves, S"",3,5/21/2014"
18336,872,Road Bottle Cage,4,5/21/2014
"18338,882,""Short-Sleeve Classic Jersey, M"",3,5/14/2014"
"18338,707,""Sport-100 Helmet, Red"",4,5/14/2014"
18338,872,Road Bottle Cage,4,5/14/2014
18339,712,AWC Logo Cap,3,3/15/2014
18340,870,Water Bottle - 30 oz.,4,4/10/2014
18341,870,Water Bottle - 30 oz.,4,6/14/2014
18341,877,Bike Wash - Dissolver,4,6/14/2014
18342,870,Water Bottle - 30 oz.,4,10/26/2013
"18343,708,""Sport-100 Helmet, Black"",4,1/16/2014"
18344,712,AWC Logo Cap,3,3/21/2014
18345,878,Fender Set - Mountain,4,4/2/2014
"18345,865,""Classic Vest, M"",3,4/2/2014"
18346,870,Water Bottle - 30 oz.,4,7/23/2013
18347,870,Water Bottle - 30 oz.,4,12/18/2013
18348,870,Water Bottle - 30 oz.,4,7/28/2013
"18349,707,""Sport-100 Helmet, Red"",4,8/25/2013"
18352,921,Mountain Tire Tube,4,4/11/2014
18354,876,Hitch Rack - 4-Bike,4,9/23/2013
18354,870,Water Bottle - 30 oz.,4,9/23/2013
"18355,867,""Women's Mountain Shorts, S"",3,5/23/2014"
18355,712,AWC Logo Cap,3,1/9/2014
"18355,716,""Long-Sleeve Logo Jersey, XL"",3,1/9/2014"
"18356,713,""Long-Sleeve Logo Jersey, S"",3,5/31/2014"
18356,878,Fender Set - Mountain,4,4/16/2014
18356,877,Bike Wash - Dissolver,4,4/16/2014
18357,870,Water Bottle - 30 oz.,4,4/2/2014
"18358,707,""Sport-100 Helmet, Red"",4,9/10/2013"
18359,870,Water Bottle - 30 oz.,4,6/13/2014
18362,872,Road Bottle Cage,4,5/2/2014
18362,870,Water Bottle - 30 oz.,4,5/2/2014
18362,877,Bike Wash - Dissolver,4,5/2/2014
18364,876,Hitch Rack - 4-Bike,4,8/10/2013
"18365,707,""Sport-100 Helmet, Red"",4,11/3/2013"
"18366,716,""Long-Sleeve Logo Jersey, XL"",3,3/17/2014"
"18372,860,""Half-Finger Gloves, L"",3,5/14/2014"
18373,712,AWC Logo Cap,3,3/15/2014
18374,877,Bike Wash - Dissolver,4,8/17/2013
"18375,707,""Sport-100 Helmet, Red"",4,5/22/2014"
18375,871,Mountain Bottle Cage,4,5/22/2014
18376,921,Mountain Tire Tube,4,5/18/2014
18376,930,HL Mountain Tire,4,5/18/2014
"18377,708,""Sport-100 Helmet, Black"",4,3/8/2014"
18377,930,HL Mountain Tire,4,3/8/2014
18379,873,Patch Kit/8 Patches,4,3/27/2014
18379,930,HL Mountain Tire,4,3/27/2014
18380,870,Water Bottle - 30 oz.,4,12/5/2013
"18381,860,""Half-Finger Gloves, L"",3,5/11/2014"
18381,871,Mountain Bottle Cage,4,5/11/2014
18382,712,AWC Logo Cap,3,1/7/2014
"18382,716,""Long-Sleeve Logo Jersey, XL"",3,2/27/2014"
"18382,869,""Women's Mountain Shorts, L"",3,1/7/2014"
"18382,882,""Short-Sleeve Classic Jersey, M"",3,1/7/2014"
18383,870,Water Bottle - 30 oz.,4,1/2/2014
18384,870,Water Bottle - 30 oz.,4,7/12/2013
"18384,865,""Classic Vest, M"",3,7/12/2013"
18386,871,Mountain Bottle Cage,4,5/12/2014
18388,930,HL Mountain Tire,4,5/21/2014
18388,873,Patch Kit/8 Patches,4,5/21/2014
"18389,711,""Sport-100 Helmet, Blue"",4,3/12/2014"
18389,878,Fender Set - Mountain,4,3/12/2014
"18390,713,""Long-Sleeve Logo Jersey, S"",3,4/4/2014"
"18390,868,""Women's Mountain Shorts, M"",3,4/4/2014"
18391,712,AWC Logo Cap,3,8/19/2013
18391,878,Fender Set - Mountain,4,9/5/2013
18392,877,Bike Wash - Dissolver,4,3/21/2014
18392,930,HL Mountain Tire,4,3/21/2014
18396,870,Water Bottle - 30 oz.,4,2/13/2014
18398,712,AWC Logo Cap,3,5/12/2014
18399,870,Water Bottle - 30 oz.,4,5/5/2014
18400,870,Water Bottle - 30 oz.,4,5/30/2014
18400,871,Mountain Bottle Cage,4,5/30/2014
18400,921,Mountain Tire Tube,4,5/30/2014
"18400,711,""Sport-100 Helmet, Blue"",4,5/30/2014"
18403,712,AWC Logo Cap,3,5/28/2014
18403,871,Mountain Bottle Cage,4,5/28/2014
18407,873,Patch Kit/8 Patches,4,3/17/2014
"18407,874,""Racing Socks, M"",3,9/6/2013"
18407,878,Fender Set - Mountain,4,9/6/2013
18408,877,Bike Wash - Dissolver,4,4/8/2014
18409,932,ML Road Tire,4,3/1/2014
18410,870,Water Bottle - 30 oz.,4,3/2/2014
18411,878,Fender Set - Mountain,4,12/22/2013
18411,929,ML Mountain Tire,4,11/19/2013
18413,878,Fender Set - Mountain,4,5/26/2014
"18414,708,""Sport-100 Helmet, Black"",4,3/9/2014"
18415,930,HL Mountain Tire,4,5/25/2014
18415,921,Mountain Tire Tube,4,5/25/2014
18416,871,Mountain Bottle Cage,4,5/6/2014
18416,870,Water Bottle - 30 oz.,4,5/6/2014
18417,870,Water Bottle - 30 oz.,4,1/3/2014
18419,870,Water Bottle - 30 oz.,4,6/18/2014
"18422,711,""Sport-100 Helmet, Blue"",4,5/10/2014"
18426,930,HL Mountain Tire,4,5/27/2014
18426,921,Mountain Tire Tube,4,5/27/2014
18427,871,Mountain Bottle Cage,4,5/13/2014
18427,870,Water Bottle - 30 oz.,4,5/13/2014
18428,930,HL Mountain Tire,4,5/10/2014
"18430,715,""Long-Sleeve Logo Jersey, L"",3,3/24/2014"
18432,712,AWC Logo Cap,3,5/9/2014
18435,878,Fender Set - Mountain,4,5/9/2014
18437,921,Mountain Tire Tube,4,5/5/2014
"18440,858,""Half-Finger Gloves, S"",3,3/16/2014"
18441,878,Fender Set - Mountain,4,5/14/2014
18442,873,Patch Kit/8 Patches,4,5/17/2014
18442,870,Water Bottle - 30 oz.,4,5/17/2014
"18443,708,""Sport-100 Helmet, Black"",4,5/19/2014"
18443,931,LL Road Tire,4,5/19/2014
18444,922,Road Tire Tube,4,5/31/2014
18449,878,Fender Set - Mountain,4,7/21/2013
18449,929,ML Mountain Tire,4,12/4/2013
"18449,711,""Sport-100 Helmet, Blue"",4,12/4/2013"
18449,921,Mountain Tire Tube,4,12/4/2013
18450,931,LL Road Tire,4,3/31/2014
"18451,716,""Long-Sleeve Logo Jersey, XL"",3,4/23/2014"
18451,922,Road Tire Tube,4,4/23/2014
"18454,866,""Classic Vest, L"",3,7/1/2013"
"18455,708,""Sport-100 Helmet, Black"",4,4/18/2014"
18455,870,Water Bottle - 30 oz.,4,4/18/2014
18456,877,Bike Wash - Dissolver,4,4/6/2014
18457,932,ML Road Tire,4,5/9/2014
"18457,708,""Sport-100 Helmet, Black"",4,5/9/2014"
18457,922,Road Tire Tube,4,5/9/2014
18459,870,Water Bottle - 30 oz.,4,11/1/2013
"18459,707,""Sport-100 Helmet, Red"",4,11/1/2013"
"18461,858,""Half-Finger Gloves, S"",3,5/9/2014"
18463,873,Patch Kit/8 Patches,4,5/4/2014
"18466,874,""Racing Socks, M"",3,6/11/2014"
18466,921,Mountain Tire Tube,4,6/11/2014
"18466,884,""Short-Sleeve Classic Jersey, XL"",3,4/13/2014"
"18472,716,""Long-Sleeve Logo Jersey, XL"",3,6/6/2014"
"18472,858,""Half-Finger Gloves, S"",3,6/6/2014"
18473,873,Patch Kit/8 Patches,4,1/6/2014
18473,870,Water Bottle - 30 oz.,4,1/6/2014
18474,870,Water Bottle - 30 oz.,4,3/4/2014
18475,877,Bike Wash - Dissolver,4,12/4/2013
18475,870,Water Bottle - 30 oz.,4,12/4/2013
18475,872,Road Bottle Cage,4,12/4/2013
18476,880,Hydration Pack - 70 oz.,4,12/4/2013
18476,872,Road Bottle Cage,4,12/4/2013
18476,870,Water Bottle - 30 oz.,4,12/4/2013
18477,870,Water Bottle - 30 oz.,4,7/26/2013
18478,878,Fender Set - Mountain,4,5/9/2014
"18479,707,""Sport-100 Helmet, Red"",4,5/20/2014"
18481,871,Mountain Bottle Cage,4,5/6/2014
18481,712,AWC Logo Cap,3,5/6/2014
"18484,711,""Sport-100 Helmet, Blue"",4,7/8/2013"
18484,922,Road Tire Tube,4,7/8/2013
18485,933,HL Road Tire,4,7/29/2013
"18489,708,""Sport-100 Helmet, Black"",4,8/2/2013"
18492,873,Patch Kit/8 Patches,4,1/3/2014
18492,879,All-Purpose Bike Stand,4,1/3/2014
18492,878,Fender Set - Mountain,4,12/1/2013
18494,872,Road Bottle Cage,4,8/10/2013
18494,870,Water Bottle - 30 oz.,4,8/10/2013
"18496,864,""Classic Vest, S"",3,8/18/2013"
18496,922,Road Tire Tube,4,8/18/2013
18498,870,Water Bottle - 30 oz.,4,2/8/2014
"18500,708,""Sport-100 Helmet, Black"",4,5/13/2014"
"18502,858,""Half-Finger Gloves, S"",3,3/6/2014"
"18503,868,""Women's Mountain Shorts, M"",3,6/27/2014"
"18504,868,""Women's Mountain Shorts, M"",3,12/9/2013"
18504,712,AWC Logo Cap,3,12/9/2013
18505,712,AWC Logo Cap,3,6/23/2014
18506,929,ML Mountain Tire,4,11/24/2013
18506,878,Fender Set - Mountain,4,3/5/2014
"18506,707,""Sport-100 Helmet, Red"",4,11/24/2013"
18506,871,Mountain Bottle Cage,4,3/5/2014
18507,870,Water Bottle - 30 oz.,4,6/5/2014
"18507,707,""Sport-100 Helmet, Red"",4,6/5/2014"
18508,870,Water Bottle - 30 oz.,4,5/15/2014
"18508,716,""Long-Sleeve Logo Jersey, XL"",3,5/15/2014"
18509,870,Water Bottle - 30 oz.,4,10/21/2013
"18511,884,""Short-Sleeve Classic Jersey, XL"",3,5/17/2014"
18511,878,Fender Set - Mountain,4,5/17/2014
18511,871,Mountain Bottle Cage,4,5/17/2014
18511,880,Hydration Pack - 70 oz.,4,5/17/2014
18514,880,Hydration Pack - 70 oz.,4,5/9/2014
18514,870,Water Bottle - 30 oz.,4,5/9/2014
18515,878,Fender Set - Mountain,4,5/17/2014
18515,930,HL Mountain Tire,4,5/17/2014
18515,921,Mountain Tire Tube,4,5/17/2014
18515,871,Mountain Bottle Cage,4,5/17/2014
18516,880,Hydration Pack - 70 oz.,4,5/28/2014
18516,877,Bike Wash - Dissolver,4,5/28/2014
18517,712,AWC Logo Cap,3,2/16/2014
"18518,883,""Short-Sleeve Classic Jersey, L"",3,5/24/2014"
18518,712,AWC Logo Cap,3,5/24/2014
18519,921,Mountain Tire Tube,4,5/9/2014
18519,930,HL Mountain Tire,4,5/9/2014
"18520,868,""Women's Mountain Shorts, M"",3,9/16/2013"
"18521,713,""Long-Sleeve Logo Jersey, S"",3,8/18/2013"
18523,712,AWC Logo Cap,3,8/17/2013
18523,871,Mountain Bottle Cage,4,1/4/2014
"18523,869,""Women's Mountain Shorts, L"",3,8/17/2013"
"18523,713,""Long-Sleeve Logo Jersey, S"",3,8/17/2013"
18524,878,Fender Set - Mountain,4,1/19/2014
"18524,869,""Women's Mountain Shorts, L"",3,5/4/2014"
"18524,715,""Long-Sleeve Logo Jersey, L"",3,5/4/2014"
18526,877,Bike Wash - Dissolver,4,5/26/2014
18526,870,Water Bottle - 30 oz.,4,5/26/2014
18528,878,Fender Set - Mountain,4,5/7/2014
18528,870,Water Bottle - 30 oz.,4,5/7/2014
18528,871,Mountain Bottle Cage,4,5/7/2014
"18529,708,""Sport-100 Helmet, Black"",4,6/30/2014"
18530,880,Hydration Pack - 70 oz.,4,7/21/2013
18530,870,Water Bottle - 30 oz.,4,7/21/2013
18532,877,Bike Wash - Dissolver,4,5/18/2014
18532,921,Mountain Tire Tube,4,5/18/2014
18532,873,Patch Kit/8 Patches,4,5/18/2014
18533,878,Fender Set - Mountain,4,5/25/2014
18534,870,Water Bottle - 30 oz.,4,8/3/2013
18535,878,Fender Set - Mountain,4,6/4/2014
18536,870,Water Bottle - 30 oz.,4,4/10/2014
18539,870,Water Bottle - 30 oz.,4,5/28/2014
18539,871,Mountain Bottle Cage,4,5/28/2014
"18540,711,""Sport-100 Helmet, Blue"",4,5/27/2014"
"18540,858,""Half-Finger Gloves, S"",3,5/27/2014"
"18541,869,""Women's Mountain Shorts, L"",3,9/2/2013"
18541,873,Patch Kit/8 Patches,4,3/6/2014
"18542,882,""Short-Sleeve Classic Jersey, M"",3,12/8/2013"
"18546,860,""Half-Finger Gloves, L"",3,9/13/2013"
18547,878,Fender Set - Mountain,4,5/26/2014
18549,870,Water Bottle - 30 oz.,4,7/23/2013
18549,872,Road Bottle Cage,4,7/23/2013
18550,870,Water Bottle - 30 oz.,4,5/8/2014
"18550,708,""Sport-100 Helmet, Black"",4,5/8/2014"
18554,878,Fender Set - Mountain,4,9/3/2013
"18554,707,""Sport-100 Helmet, Red"",4,8/17/2013"
"18554,865,""Classic Vest, M"",3,9/3/2013"
18554,921,Mountain Tire Tube,4,8/17/2013
18557,712,AWC Logo Cap,3,7/14/2013
18560,878,Fender Set - Mountain,4,5/7/2014
18561,871,Mountain Bottle Cage,4,5/29/2014
18561,870,Water Bottle - 30 oz.,4,5/29/2014
18562,932,ML Road Tire,4,3/12/2014
18562,922,Road Tire Tube,4,3/12/2014
18564,870,Water Bottle - 30 oz.,4,3/31/2014
"18565,860,""Half-Finger Gloves, L"",3,4/24/2014"
18565,932,ML Road Tire,4,4/24/2014
18565,922,Road Tire Tube,4,4/24/2014
"18566,860,""Half-Finger Gloves, L"",3,5/17/2014"
18568,932,ML Road Tire,4,4/18/2014
18568,873,Patch Kit/8 Patches,4,4/18/2014
18572,870,Water Bottle - 30 oz.,4,10/12/2013
18573,873,Patch Kit/8 Patches,4,10/26/2013
18573,921,Mountain Tire Tube,4,10/26/2013
"18573,860,""Half-Finger Gloves, L"",3,11/28/2013"
18573,878,Fender Set - Mountain,4,11/28/2013
18574,870,Water Bottle - 30 oz.,4,8/29/2013
"18575,867,""Women's Mountain Shorts, S"",3,3/17/2014"
18576,712,AWC Logo Cap,3,4/18/2014
18578,871,Mountain Bottle Cage,4,5/12/2014
18581,878,Fender Set - Mountain,4,5/14/2014
18582,871,Mountain Bottle Cage,4,5/19/2014
18582,870,Water Bottle - 30 oz.,4,5/19/2014
"18583,868,""Women's Mountain Shorts, M"",3,7/11/2013"
"18584,869,""Women's Mountain Shorts, L"",3,8/8/2013"
"18585,868,""Women's Mountain Shorts, M"",3,3/29/2014"
"18588,867,""Women's Mountain Shorts, S"",3,3/5/2014"
"18589,881,""Short-Sleeve Classic Jersey, S"",3,4/17/2014"
18589,872,Road Bottle Cage,4,4/17/2014
"18590,714,""Long-Sleeve Logo Jersey, M"",3,10/22/2013"
"18591,869,""Women's Mountain Shorts, L"",3,8/6/2013"
18594,878,Fender Set - Mountain,4,5/18/2014
"18596,715,""Long-Sleeve Logo Jersey, L"",3,4/19/2014"
"18597,707,""Sport-100 Helmet, Red"",4,4/18/2014"
"18599,868,""Women's Mountain Shorts, M"",3,10/10/2013"
18600,878,Fender Set - Mountain,4,10/31/2013
"18602,867,""Women's Mountain Shorts, S"",3,9/10/2013"
"18603,708,""Sport-100 Helmet, Black"",4,9/4/2013"
18604,873,Patch Kit/8 Patches,4,7/11/2013
18604,921,Mountain Tire Tube,4,7/11/2013
18604,929,ML Mountain Tire,4,7/11/2013
18608,872,Road Bottle Cage,4,4/27/2014
"18609,711,""Sport-100 Helmet, Blue"",4,4/17/2014"
18611,871,Mountain Bottle Cage,4,5/7/2014
18611,878,Fender Set - Mountain,4,5/7/2014
"18611,711,""Sport-100 Helmet, Blue"",4,5/7/2014"
"18612,713,""Long-Sleeve Logo Jersey, S"",3,1/20/2014"
18615,871,Mountain Bottle Cage,4,5/15/2014
18616,932,ML Road Tire,4,4/28/2014
18617,873,Patch Kit/8 Patches,4,9/12/2013
18618,873,Patch Kit/8 Patches,4,6/23/2014
18619,922,Road Tire Tube,4,12/13/2013
"18622,707,""Sport-100 Helmet, Red"",4,4/26/2014"
18622,928,LL Mountain Tire,4,4/26/2014
18623,873,Patch Kit/8 Patches,4,1/10/2014
18623,921,Mountain Tire Tube,4,1/10/2014
18625,873,Patch Kit/8 Patches,4,3/21/2014
18625,921,Mountain Tire Tube,4,3/21/2014
"18626,713,""Long-Sleeve Logo Jersey, S"",3,11/23/2013"
"18626,858,""Half-Finger Gloves, S"",3,11/23/2013"
18627,712,AWC Logo Cap,3,11/28/2013
18628,712,AWC Logo Cap,3,11/2/2013
18628,921,Mountain Tire Tube,4,11/2/2013
18628,929,ML Mountain Tire,4,11/2/2013
"18628,713,""Long-Sleeve Logo Jersey, S"",3,11/2/2013"
18630,712,AWC Logo Cap,3,5/18/2014
18630,870,Water Bottle - 30 oz.,4,5/18/2014
18632,921,Mountain Tire Tube,4,7/23/2013
18632,928,LL Mountain Tire,4,7/23/2013
18633,870,Water Bottle - 30 oz.,4,3/17/2014
18633,878,Fender Set - Mountain,4,3/17/2014
"18633,707,""Sport-100 Helmet, Red"",4,3/17/2014"
18634,873,Patch Kit/8 Patches,4,3/29/2014
18635,922,Road Tire Tube,4,7/17/2013
18636,922,Road Tire Tube,4,1/28/2014
18637,878,Fender Set - Mountain,4,8/30/2013
18637,870,Water Bottle - 30 oz.,4,8/30/2013
18637,929,ML Mountain Tire,4,3/28/2014
18637,880,Hydration Pack - 70 oz.,4,8/30/2013
"18638,707,""Sport-100 Helmet, Red"",4,4/24/2014"
18640,870,Water Bottle - 30 oz.,4,8/8/2013
18642,878,Fender Set - Mountain,4,6/7/2014
"18642,858,""Half-Finger Gloves, S"",3,6/7/2014"
18642,929,ML Mountain Tire,4,10/29/2013
18642,870,Water Bottle - 30 oz.,4,6/7/2014
"18642,707,""Sport-100 Helmet, Red"",4,6/7/2014"
"18642,716,""Long-Sleeve Logo Jersey, XL"",3,6/7/2014"
18644,921,Mountain Tire Tube,4,12/9/2013
18644,878,Fender Set - Mountain,4,7/17/2013
18644,870,Water Bottle - 30 oz.,4,7/17/2013
18644,929,ML Mountain Tire,4,12/9/2013
"18647,860,""Half-Finger Gloves, L"",3,12/6/2013"
18648,877,Bike Wash - Dissolver,4,1/17/2014
"18651,884,""Short-Sleeve Classic Jersey, XL"",3,1/11/2014"
18651,870,Water Bottle - 30 oz.,4,1/11/2014
18652,870,Water Bottle - 30 oz.,4,11/29/2013
18653,872,Road Bottle Cage,4,2/5/2014
"18654,713,""Long-Sleeve Logo Jersey, S"",3,4/13/2014"
"18658,883,""Short-Sleeve Classic Jersey, L"",3,12/26/2013"
"18659,869,""Women's Mountain Shorts, L"",3,10/11/2013"
18662,870,Water Bottle - 30 oz.,4,4/11/2014
18663,712,AWC Logo Cap,3,12/24/2013
18664,870,Water Bottle - 30 oz.,4,7/5/2013
18665,877,Bike Wash - Dissolver,4,1/1/2014
18665,880,Hydration Pack - 70 oz.,4,1/1/2014
18666,870,Water Bottle - 30 oz.,4,11/27/2013
18667,870,Water Bottle - 30 oz.,4,3/4/2014
18670,712,AWC Logo Cap,3,4/12/2014
18670,872,Road Bottle Cage,4,4/12/2014
"18672,868,""Women's Mountain Shorts, M"",3,1/22/2014"
"18672,713,""Long-Sleeve Logo Jersey, S"",3,1/22/2014"
"18673,869,""Women's Mountain Shorts, L"",3,12/10/2013"
18673,712,AWC Logo Cap,3,12/10/2013
"18674,884,""Short-Sleeve Classic Jersey, XL"",3,6/28/2014"
18674,878,Fender Set - Mountain,4,10/27/2013
"18675,867,""Women's Mountain Shorts, S"",3,9/14/2013"
"18675,713,""Long-Sleeve Logo Jersey, S"",3,9/14/2013"
"18676,716,""Long-Sleeve Logo Jersey, XL"",3,10/5/2013"
18677,929,ML Mountain Tire,4,7/6/2013
18677,878,Fender Set - Mountain,4,10/9/2013
"18678,874,""Racing Socks, M"",3,11/15/2013"
"18683,868,""Women's Mountain Shorts, M"",3,11/7/2013"
"18685,864,""Classic Vest, S"",3,12/20/2013"
"18685,875,""Racing Socks, L"",3,5/16/2014"
18685,929,ML Mountain Tire,4,5/16/2014
18686,921,Mountain Tire Tube,4,8/28/2013
"18686,711,""Sport-100 Helmet, Blue"",4,8/28/2013"
18686,929,ML Mountain Tire,4,8/28/2013
"18687,860,""Half-Finger Gloves, L"",3,7/12/2013"
"18688,867,""Women's Mountain Shorts, S"",3,1/16/2014"
18689,712,AWC Logo Cap,3,11/8/2013
"18690,868,""Women's Mountain Shorts, M"",3,3/19/2014"
18691,870,Water Bottle - 30 oz.,4,8/21/2013
"18691,711,""Sport-100 Helmet, Blue"",4,8/21/2013"
18692,872,Road Bottle Cage,4,7/31/2013
18694,872,Road Bottle Cage,4,8/3/2013
18696,870,Water Bottle - 30 oz.,4,8/6/2013
"18696,715,""Long-Sleeve Logo Jersey, L"",3,8/6/2013"
18696,712,AWC Logo Cap,3,8/6/2013
18696,872,Road Bottle Cage,4,8/6/2013
18699,932,ML Road Tire,4,7/3/2013
"18700,708,""Sport-100 Helmet, Black"",4,7/6/2013"
18700,870,Water Bottle - 30 oz.,4,7/6/2013
"18701,881,""Short-Sleeve Classic Jersey, S"",3,7/11/2013"
18704,873,Patch Kit/8 Patches,4,1/27/2014
18704,712,AWC Logo Cap,3,8/19/2013
"18705,711,""Sport-100 Helmet, Blue"",4,12/25/2013"
18705,873,Patch Kit/8 Patches,4,10/24/2013
18706,933,HL Road Tire,4,8/22/2013
18706,922,Road Tire Tube,4,8/22/2013
18707,878,Fender Set - Mountain,4,7/23/2013
18707,873,Patch Kit/8 Patches,4,2/15/2014
"18707,864,""Classic Vest, S"",3,7/23/2013"
18708,873,Patch Kit/8 Patches,4,8/9/2013
18709,877,Bike Wash - Dissolver,4,8/24/2013
18709,870,Water Bottle - 30 oz.,4,8/24/2013
18709,880,Hydration Pack - 70 oz.,4,8/24/2013
18710,872,Road Bottle Cage,4,8/17/2013
18710,712,AWC Logo Cap,3,8/17/2013
18710,870,Water Bottle - 30 oz.,4,8/17/2013
"18711,882,""Short-Sleeve Classic Jersey, M"",3,6/12/2014"
18711,873,Patch Kit/8 Patches,4,2/17/2014
18711,878,Fender Set - Mountain,4,6/12/2014
18712,878,Fender Set - Mountain,4,8/29/2013
18713,873,Patch Kit/8 Patches,4,5/25/2014
18713,879,All-Purpose Bike Stand,4,5/25/2014
18713,878,Fender Set - Mountain,4,3/29/2014
18714,873,Patch Kit/8 Patches,4,11/26/2013
"18715,882,""Short-Sleeve Classic Jersey, M"",3,5/7/2014"
18715,929,ML Mountain Tire,4,12/9/2013
18715,921,Mountain Tire Tube,4,12/9/2013
18717,878,Fender Set - Mountain,4,4/6/2014
18717,880,Hydration Pack - 70 oz.,4,4/6/2014
18717,873,Patch Kit/8 Patches,4,1/17/2014
18718,870,Water Bottle - 30 oz.,4,8/20/2013
"18719,882,""Short-Sleeve Classic Jersey, M"",3,9/6/2013"
18719,870,Water Bottle - 30 oz.,4,6/11/2014
18720,929,ML Mountain Tire,4,5/26/2014
18720,873,Patch Kit/8 Patches,4,5/26/2014
18724,873,Patch Kit/8 Patches,4,8/5/2013
18725,712,AWC Logo Cap,3,8/26/2013
18725,870,Water Bottle - 30 oz.,4,8/26/2013
18727,873,Patch Kit/8 Patches,4,5/24/2014
18727,929,ML Mountain Tire,4,5/24/2014
"18728,860,""Half-Finger Gloves, L"",3,3/18/2014"
18728,878,Fender Set - Mountain,4,3/18/2014
18728,877,Bike Wash - Dissolver,4,1/21/2014
18730,871,Mountain Bottle Cage,4,3/5/2014
18730,870,Water Bottle - 30 oz.,4,3/5/2014
18730,873,Patch Kit/8 Patches,4,6/6/2014
18731,877,Bike Wash - Dissolver,4,8/20/2013
18732,931,LL Road Tire,4,6/29/2014
"18732,708,""Sport-100 Helmet, Black"",4,6/29/2014"
18732,922,Road Tire Tube,4,6/29/2014
18733,878,Fender Set - Mountain,4,9/12/2013
18734,878,Fender Set - Mountain,4,10/4/2013
18736,872,Road Bottle Cage,4,8/21/2013
18738,872,Road Bottle Cage,4,8/22/2013
"18738,883,""Short-Sleeve Classic Jersey, L"",3,8/22/2013"
"18739,865,""Classic Vest, M"",3,8/17/2013"
18739,922,Road Tire Tube,4,8/17/2013
"18741,711,""Sport-100 Helmet, Blue"",4,4/19/2014"
18741,931,LL Road Tire,4,4/19/2014
18742,873,Patch Kit/8 Patches,4,6/13/2014
18743,877,Bike Wash - Dissolver,4,3/31/2014
"18743,708,""Sport-100 Helmet, Black"",4,9/3/2013"
18743,878,Fender Set - Mountain,4,9/3/2013
18744,877,Bike Wash - Dissolver,4,5/25/2014
18744,878,Fender Set - Mountain,4,11/4/2013
18745,873,Patch Kit/8 Patches,4,1/19/2014
18745,878,Fender Set - Mountain,4,5/11/2014
"18746,711,""Sport-100 Helmet, Blue"",4,8/6/2013"
"18746,881,""Short-Sleeve Classic Jersey, S"",3,8/6/2013"
"18747,881,""Short-Sleeve Classic Jersey, S"",3,8/17/2013"
18747,872,Road Bottle Cage,4,8/17/2013
18748,922,Road Tire Tube,4,6/16/2014
"18748,707,""Sport-100 Helmet, Red"",4,6/16/2014"
18749,878,Fender Set - Mountain,4,6/30/2014
"18749,884,""Short-Sleeve Classic Jersey, XL"",3,6/30/2014"
18749,922,Road Tire Tube,4,6/21/2014
18749,873,Patch Kit/8 Patches,4,4/12/2014
18749,931,LL Road Tire,4,4/12/2014
18749,933,HL Road Tire,4,6/21/2014
"18749,708,""Sport-100 Helmet, Black"",4,6/21/2014"
"18751,707,""Sport-100 Helmet, Red"",4,7/18/2013"
"18752,714,""Long-Sleeve Logo Jersey, M"",3,8/22/2013"
"18753,884,""Short-Sleeve Classic Jersey, XL"",3,12/9/2013"
"18755,711,""Sport-100 Helmet, Blue"",4,8/26/2013"
18755,929,ML Mountain Tire,4,8/27/2013
18756,877,Bike Wash - Dissolver,4,12/31/2013
18756,878,Fender Set - Mountain,4,1/29/2014
18756,929,ML Mountain Tire,4,12/31/2013
"18756,865,""Classic Vest, M"",3,1/29/2014"
"18757,875,""Racing Socks, L"",3,7/11/2013"
18758,870,Water Bottle - 30 oz.,4,7/23/2013
18758,933,HL Road Tire,4,7/23/2013
18758,931,LL Road Tire,4,10/26/2013
18758,878,Fender Set - Mountain,4,7/23/2013
18758,922,Road Tire Tube,4,10/26/2013
"18758,860,""Half-Finger Gloves, L"",3,10/26/2013"
18759,931,LL Road Tire,4,10/19/2013
18759,878,Fender Set - Mountain,4,6/30/2014
18759,712,AWC Logo Cap,3,6/30/2014
18759,879,All-Purpose Bike Stand,4,6/30/2014
"18759,714,""Long-Sleeve Logo Jersey, M"",3,10/19/2013"
"18760,716,""Long-Sleeve Logo Jersey, XL"",3,7/30/2013"
18761,712,AWC Logo Cap,3,1/23/2014
"18762,708,""Sport-100 Helmet, Black"",4,4/19/2014"
18762,932,ML Road Tire,4,4/19/2014
"18763,883,""Short-Sleeve Classic Jersey, L"",3,4/9/2014"
18763,929,ML Mountain Tire,4,10/15/2013
"18763,711,""Sport-100 Helmet, Blue"",4,10/15/2013"
"18765,867,""Women's Mountain Shorts, S"",3,3/4/2014"
"18770,858,""Half-Finger Gloves, S"",3,1/22/2014"
"18772,868,""Women's Mountain Shorts, M"",3,11/21/2013"
"18773,874,""Racing Socks, M"",3,10/19/2013"
"18774,883,""Short-Sleeve Classic Jersey, L"",3,6/28/2014"
"18774,867,""Women's Mountain Shorts, S"",3,6/28/2014"
18776,712,AWC Logo Cap,3,10/31/2013
"18776,882,""Short-Sleeve Classic Jersey, M"",3,10/31/2013"
18777,870,Water Bottle - 30 oz.,4,8/14/2013
"18778,711,""Sport-100 Helmet, Blue"",4,2/22/2014"
"18780,875,""Racing Socks, L"",3,4/6/2014"
18781,873,Patch Kit/8 Patches,4,5/28/2014
18781,930,HL Mountain Tire,4,5/28/2014
18782,871,Mountain Bottle Cage,4,5/20/2014
18782,877,Bike Wash - Dissolver,4,5/20/2014
18782,880,Hydration Pack - 70 oz.,4,5/20/2014
18783,873,Patch Kit/8 Patches,4,5/28/2014
18783,930,HL Mountain Tire,4,5/28/2014
18784,712,AWC Logo Cap,3,3/17/2014
"18784,868,""Women's Mountain Shorts, M"",3,3/17/2014"
18785,878,Fender Set - Mountain,4,4/30/2014
"18786,715,""Long-Sleeve Logo Jersey, L"",3,9/3/2013"
18787,712,AWC Logo Cap,3,2/17/2014
18788,878,Fender Set - Mountain,4,4/23/2014
18790,873,Patch Kit/8 Patches,4,4/20/2014
"18792,714,""Long-Sleeve Logo Jersey, M"",3,4/26/2014"
18793,931,LL Road Tire,4,4/26/2014
"18795,858,""Half-Finger Gloves, S"",3,10/8/2013"
18796,873,Patch Kit/8 Patches,4,3/11/2014
"18797,868,""Women's Mountain Shorts, M"",3,6/23/2014"
18798,873,Patch Kit/8 Patches,4,4/2/2014
"18799,714,""Long-Sleeve Logo Jersey, M"",3,9/4/2013"
"18801,707,""Sport-100 Helmet, Red"",4,4/1/2014"
"18802,865,""Classic Vest, M"",3,4/28/2014"
18802,932,ML Road Tire,4,4/28/2014
"18804,860,""Half-Finger Gloves, L"",3,5/18/2014"
"18804,714,""Long-Sleeve Logo Jersey, M"",3,5/18/2014"
"18805,869,""Women's Mountain Shorts, L"",3,6/29/2014"
"18806,707,""Sport-100 Helmet, Red"",4,5/2/2014"
"18807,867,""Women's Mountain Shorts, S"",3,8/27/2013"
18808,870,Water Bottle - 30 oz.,4,5/19/2014
18808,880,Hydration Pack - 70 oz.,4,5/19/2014
18808,878,Fender Set - Mountain,4,5/19/2014
"18809,867,""Women's Mountain Shorts, S"",3,9/1/2013"
"18810,868,""Women's Mountain Shorts, M"",3,4/11/2014"
18811,878,Fender Set - Mountain,4,8/24/2013
"18811,874,""Racing Socks, M"",3,8/24/2013"
18812,712,AWC Logo Cap,3,6/2/2014
"18812,708,""Sport-100 Helmet, Black"",4,6/2/2014"
18812,878,Fender Set - Mountain,4,6/2/2014
"18812,716,""Long-Sleeve Logo Jersey, XL"",3,6/2/2014"
18813,712,AWC Logo Cap,3,6/22/2014
"18813,867,""Women's Mountain Shorts, S"",3,6/22/2014"
"18816,858,""Half-Finger Gloves, S"",3,7/31/2013"
"18816,881,""Short-Sleeve Classic Jersey, S"",3,7/31/2013"
18817,930,HL Mountain Tire,4,5/26/2014
18818,878,Fender Set - Mountain,4,5/22/2014
18819,870,Water Bottle - 30 oz.,4,5/7/2014
"18819,708,""Sport-100 Helmet, Black"",4,5/7/2014"
"18820,868,""Women's Mountain Shorts, M"",3,12/8/2013"
"18821,868,""Women's Mountain Shorts, M"",3,4/8/2014"
"18822,867,""Women's Mountain Shorts, S"",3,1/10/2014"
"18823,869,""Women's Mountain Shorts, L"",3,11/6/2013"
18824,930,HL Mountain Tire,4,5/1/2014
"18824,711,""Sport-100 Helmet, Blue"",4,5/1/2014"
"18825,867,""Women's Mountain Shorts, S"",3,2/9/2014"
18826,878,Fender Set - Mountain,4,4/19/2014
"18826,860,""Half-Finger Gloves, L"",3,4/19/2014"
18826,870,Water Bottle - 30 oz.,4,4/19/2014
"18826,711,""Sport-100 Helmet, Blue"",4,4/19/2014"
"18828,869,""Women's Mountain Shorts, L"",3,2/15/2014"
"18830,715,""Long-Sleeve Logo Jersey, L"",3,4/19/2014"
18831,930,HL Mountain Tire,4,5/28/2014
"18831,858,""Half-Finger Gloves, S"",3,5/28/2014"
"18831,708,""Sport-100 Helmet, Black"",4,5/28/2014"
18832,921,Mountain Tire Tube,4,5/14/2014
"18833,867,""Women's Mountain Shorts, S"",3,5/11/2014"
"18834,716,""Long-Sleeve Logo Jersey, XL"",3,5/30/2014"
"18835,869,""Women's Mountain Shorts, L"",3,7/1/2013"
"18836,868,""Women's Mountain Shorts, M"",3,8/27/2013"
18836,712,AWC Logo Cap,3,8/27/2013
"18837,860,""Half-Finger Gloves, L"",3,11/5/2013"
"18838,711,""Sport-100 Helmet, Blue"",4,5/19/2014"
18839,871,Mountain Bottle Cage,4,4/12/2014
"18844,868,""Women's Mountain Shorts, M"",3,11/21/2013"
18846,712,AWC Logo Cap,3,6/5/2014
"18846,868,""Women's Mountain Shorts, M"",3,6/5/2014"
18848,921,Mountain Tire Tube,4,5/15/2014
18848,873,Patch Kit/8 Patches,4,5/15/2014
18848,879,All-Purpose Bike Stand,4,5/15/2014
"18849,714,""Long-Sleeve Logo Jersey, M"",3,5/5/2014"
"18850,859,""Half-Finger Gloves, M"",3,5/7/2014"
"18850,707,""Sport-100 Helmet, Red"",4,5/7/2014"
"18852,869,""Women's Mountain Shorts, L"",3,1/8/2014"
18852,873,Patch Kit/8 Patches,4,2/7/2014
18852,876,Hitch Rack - 4-Bike,4,2/7/2014
"18852,884,""Short-Sleeve Classic Jersey, XL"",3,1/8/2014"
"18858,711,""Sport-100 Helmet, Blue"",4,5/21/2014"
"18858,859,""Half-Finger Gloves, M"",3,5/21/2014"
18860,930,HL Mountain Tire,4,5/8/2014
"18860,708,""Sport-100 Helmet, Black"",4,5/8/2014"
"18861,868,""Women's Mountain Shorts, M"",3,3/12/2014"
"18862,858,""Half-Finger Gloves, S"",3,5/6/2014"
18863,930,HL Mountain Tire,4,5/22/2014
18863,880,Hydration Pack - 70 oz.,4,5/22/2014
18864,871,Mountain Bottle Cage,4,5/7/2014
18864,870,Water Bottle - 30 oz.,4,5/7/2014
"18865,884,""Short-Sleeve Classic Jersey, XL"",3,5/14/2014"
18868,712,AWC Logo Cap,3,5/1/2014
18871,878,Fender Set - Mountain,4,7/7/2013
18871,929,ML Mountain Tire,4,7/22/2013
"18872,868,""Women's Mountain Shorts, M"",3,3/22/2014"
"18873,875,""Racing Socks, L"",3,1/11/2014"
"18873,715,""Long-Sleeve Logo Jersey, L"",3,1/11/2014"
"18875,881,""Short-Sleeve Classic Jersey, S"",3,2/3/2014"
"18875,874,""Racing Socks, M"",3,2/12/2014"
18875,929,ML Mountain Tire,4,2/12/2014
18878,712,AWC Logo Cap,3,5/3/2014
18878,930,HL Mountain Tire,4,5/3/2014
18878,921,Mountain Tire Tube,4,5/3/2014
18881,930,HL Mountain Tire,4,5/25/2014
18883,878,Fender Set - Mountain,4,4/1/2014
18883,929,ML Mountain Tire,4,8/12/2013
18884,878,Fender Set - Mountain,4,3/22/2014
18884,921,Mountain Tire Tube,4,3/22/2014
18884,929,ML Mountain Tire,4,3/22/2014
18885,922,Road Tire Tube,4,7/12/2013
"18885,713,""Long-Sleeve Logo Jersey, S"",3,7/12/2013"
18885,931,LL Road Tire,4,7/12/2013
"18887,867,""Women's Mountain Shorts, S"",3,5/29/2014"
"18888,884,""Short-Sleeve Classic Jersey, XL"",3,9/24/2013"
"18889,874,""Racing Socks, M"",3,7/4/2013"
"18890,867,""Women's Mountain Shorts, S"",3,12/17/2013"
"18891,869,""Women's Mountain Shorts, L"",3,6/2/2014"
18895,873,Patch Kit/8 Patches,4,7/29/2013
18895,922,Road Tire Tube,4,7/29/2013
18896,921,Mountain Tire Tube,4,9/19/2013
18896,930,HL Mountain Tire,4,9/19/2013
18897,930,HL Mountain Tire,4,2/1/2014
"18898,711,""Sport-100 Helmet, Blue"",4,8/8/2013"
18898,921,Mountain Tire Tube,4,8/8/2013
18900,870,Water Bottle - 30 oz.,4,6/23/2013
18902,870,Water Bottle - 30 oz.,4,6/25/2013
"18902,881,""Short-Sleeve Classic Jersey, S"",3,6/25/2013"
18903,922,Road Tire Tube,4,6/13/2013
18904,872,Road Bottle Cage,4,2/17/2014
"18904,883,""Short-Sleeve Classic Jersey, L"",3,2/17/2014"
"18905,860,""Half-Finger Gloves, L"",3,5/22/2014"
18905,871,Mountain Bottle Cage,4,5/22/2014
18905,870,Water Bottle - 30 oz.,4,5/22/2014
"18905,711,""Sport-100 Helmet, Blue"",4,5/22/2014"
18906,872,Road Bottle Cage,4,5/31/2013
"18906,711,""Sport-100 Helmet, Blue"",4,5/31/2013"
"18906,715,""Long-Sleeve Logo Jersey, L"",3,5/31/2013"
"18907,708,""Sport-100 Helmet, Black"",4,6/17/2013"
18907,870,Water Bottle - 30 oz.,4,6/17/2013
18908,872,Road Bottle Cage,4,8/11/2013
18908,870,Water Bottle - 30 oz.,4,8/11/2013
18909,870,Water Bottle - 30 oz.,4,8/29/2013
18910,880,Hydration Pack - 70 oz.,4,4/13/2014
18911,870,Water Bottle - 30 oz.,4,4/24/2014
"18911,707,""Sport-100 Helmet, Red"",4,4/24/2014"
"18913,869,""Women's Mountain Shorts, L"",3,3/7/2014"
"18915,860,""Half-Finger Gloves, L"",3,1/2/2014"
18916,870,Water Bottle - 30 oz.,4,2/4/2014
18916,880,Hydration Pack - 70 oz.,4,2/4/2014
"18916,715,""Long-Sleeve Logo Jersey, L"",3,2/4/2014"
18917,870,Water Bottle - 30 oz.,4,2/20/2014
"18917,883,""Short-Sleeve Classic Jersey, L"",3,2/20/2014"
"18918,867,""Women's Mountain Shorts, S"",3,1/18/2014"
"18919,715,""Long-Sleeve Logo Jersey, L"",3,8/18/2013"
18919,929,ML Mountain Tire,4,8/14/2013
18919,921,Mountain Tire Tube,4,8/14/2013
"18919,708,""Sport-100 Helmet, Black"",4,8/18/2013"
"18920,715,""Long-Sleeve Logo Jersey, L"",3,6/20/2014"
"18920,869,""Women's Mountain Shorts, L"",3,6/20/2014"
"18921,869,""Women's Mountain Shorts, L"",3,12/29/2013"
18922,871,Mountain Bottle Cage,4,4/30/2014
18925,921,Mountain Tire Tube,4,10/17/2013
18925,877,Bike Wash - Dissolver,4,10/17/2013
18925,870,Water Bottle - 30 oz.,4,2/20/2014
18925,873,Patch Kit/8 Patches,4,10/17/2013
18925,871,Mountain Bottle Cage,4,2/20/2014
18926,880,Hydration Pack - 70 oz.,4,7/14/2013
18926,870,Water Bottle - 30 oz.,4,7/14/2013
18926,878,Fender Set - Mountain,4,7/14/2013
18926,873,Patch Kit/8 Patches,4,6/28/2014
18926,929,ML Mountain Tire,4,6/28/2014
18927,873,Patch Kit/8 Patches,4,1/17/2014
18927,878,Fender Set - Mountain,4,12/7/2013
"18927,708,""Sport-100 Helmet, Black"",4,12/7/2013"
"18928,858,""Half-Finger Gloves, S"",3,9/24/2013"
18928,872,Road Bottle Cage,4,9/24/2013
18928,870,Water Bottle - 30 oz.,4,9/24/2013
18930,870,Water Bottle - 30 oz.,4,9/22/2013
18931,873,Patch Kit/8 Patches,4,9/16/2013
18931,922,Road Tire Tube,4,9/16/2013
"18932,711,""Sport-100 Helmet, Blue"",4,10/15/2013"
18932,873,Patch Kit/8 Patches,4,8/24/2013
18933,880,Hydration Pack - 70 oz.,4,1/9/2014
"18934,869,""Women's Mountain Shorts, L"",3,2/18/2014"
"18940,868,""Women's Mountain Shorts, M"",3,4/9/2014"
"18941,869,""Women's Mountain Shorts, L"",3,5/27/2014"
18942,877,Bike Wash - Dissolver,4,12/15/2013
18942,878,Fender Set - Mountain,4,12/15/2013
18942,929,ML Mountain Tire,4,12/15/2013
18942,880,Hydration Pack - 70 oz.,4,12/15/2013
"18943,869,""Women's Mountain Shorts, L"",3,1/27/2014"
18944,929,ML Mountain Tire,4,5/21/2014
18944,880,Hydration Pack - 70 oz.,4,5/21/2014
18944,878,Fender Set - Mountain,4,12/5/2013
18944,921,Mountain Tire Tube,4,5/21/2014
"18945,869,""Women's Mountain Shorts, L"",3,5/30/2014"
18948,921,Mountain Tire Tube,4,1/20/2014
18948,929,ML Mountain Tire,4,1/20/2014
18949,873,Patch Kit/8 Patches,4,1/19/2014
"18950,711,""Sport-100 Helmet, Blue"",4,4/8/2014"
18951,870,Water Bottle - 30 oz.,4,4/29/2014
18952,712,AWC Logo Cap,3,6/15/2014
"18954,868,""Women's Mountain Shorts, M"",3,4/23/2014"
"18956,869,""Women's Mountain Shorts, L"",3,5/23/2014"
18957,873,Patch Kit/8 Patches,4,6/26/2013
18958,877,Bike Wash - Dissolver,4,6/7/2013
18958,873,Patch Kit/8 Patches,4,6/7/2013
18958,870,Water Bottle - 30 oz.,4,6/7/2013
18959,878,Fender Set - Mountain,4,4/5/2014
18961,871,Mountain Bottle Cage,4,4/18/2014
18961,870,Water Bottle - 30 oz.,4,4/18/2014
18962,928,LL Mountain Tire,4,7/6/2013
"18965,884,""Short-Sleeve Classic Jersey, XL"",3,6/21/2014"
"18966,869,""Women's Mountain Shorts, L"",3,8/8/2013"
"18967,867,""Women's Mountain Shorts, S"",3,7/12/2013"
"18967,882,""Short-Sleeve Classic Jersey, M"",3,7/12/2013"
"18968,858,""Half-Finger Gloves, S"",3,3/29/2014"
"18968,707,""Sport-100 Helmet, Red"",4,4/28/2014"
18968,921,Mountain Tire Tube,4,4/28/2014
18968,878,Fender Set - Mountain,4,3/29/2014
"18970,867,""Women's Mountain Shorts, S"",3,4/19/2014"
18971,878,Fender Set - Mountain,4,4/19/2014
"18972,707,""Sport-100 Helmet, Red"",4,4/4/2014"
18972,921,Mountain Tire Tube,4,4/4/2014
18973,928,LL Mountain Tire,4,7/25/2013
18974,871,Mountain Bottle Cage,4,7/28/2013
18974,878,Fender Set - Mountain,4,7/28/2013
18974,870,Water Bottle - 30 oz.,4,7/28/2013
18975,870,Water Bottle - 30 oz.,4,11/6/2013
"18975,707,""Sport-100 Helmet, Red"",4,11/6/2013"
18977,712,AWC Logo Cap,3,5/8/2014
"18977,867,""Women's Mountain Shorts, S"",3,5/8/2014"
18978,921,Mountain Tire Tube,4,2/12/2014
18978,878,Fender Set - Mountain,4,10/2/2013
18978,929,ML Mountain Tire,4,2/12/2014
"18978,859,""Half-Finger Gloves, M"",3,10/2/2013"
"18979,708,""Sport-100 Helmet, Black"",4,5/11/2014"
18979,872,Road Bottle Cage,4,5/11/2014
"18981,869,""Women's Mountain Shorts, L"",3,1/6/2014"
18982,922,Road Tire Tube,4,5/4/2014
18982,932,ML Road Tire,4,5/4/2014
"18983,860,""Half-Finger Gloves, L"",3,11/17/2013"
"18984,869,""Women's Mountain Shorts, L"",3,8/23/2013"
"18985,858,""Half-Finger Gloves, S"",3,4/24/2014"
18986,878,Fender Set - Mountain,4,7/13/2013
"18987,868,""Women's Mountain Shorts, M"",3,7/2/2013"
"18989,864,""Classic Vest, S"",3,1/30/2014"
"18992,868,""Women's Mountain Shorts, M"",3,11/13/2013"
18993,712,AWC Logo Cap,3,5/10/2014
"18993,713,""Long-Sleeve Logo Jersey, S"",3,5/10/2014"
"18994,884,""Short-Sleeve Classic Jersey, XL"",3,4/8/2014"
"18995,867,""Women's Mountain Shorts, S"",3,3/26/2014"
18998,932,ML Road Tire,4,5/8/2014
18998,922,Road Tire Tube,4,5/8/2014
19000,873,Patch Kit/8 Patches,4,6/18/2014
19000,929,ML Mountain Tire,4,4/8/2014
19001,878,Fender Set - Mountain,4,1/4/2014
19001,929,ML Mountain Tire,4,8/14/2013
19001,921,Mountain Tire Tube,4,8/14/2013
19002,932,ML Road Tire,4,5/12/2014
"19003,708,""Sport-100 Helmet, Black"",4,5/24/2014"
19003,922,Road Tire Tube,4,5/24/2014
"19004,707,""Sport-100 Helmet, Red"",4,5/29/2014"
19004,922,Road Tire Tube,4,5/29/2014
"19005,859,""Half-Finger Gloves, M"",3,7/25/2013"
"19008,858,""Half-Finger Gloves, S"",3,5/6/2014"
19009,712,AWC Logo Cap,3,6/14/2014
"19010,869,""Women's Mountain Shorts, L"",3,7/19/2013"
19011,712,AWC Logo Cap,3,12/13/2013
"19012,714,""Long-Sleeve Logo Jersey, M"",3,1/11/2014"
19013,878,Fender Set - Mountain,4,8/25/2013
"19013,714,""Long-Sleeve Logo Jersey, M"",3,8/25/2013"
19014,712,AWC Logo Cap,3,10/17/2013
19014,929,ML Mountain Tire,4,12/18/2013
19014,921,Mountain Tire Tube,4,12/18/2013
19015,929,ML Mountain Tire,4,8/18/2013
19015,878,Fender Set - Mountain,4,10/10/2013
"19015,711,""Sport-100 Helmet, Blue"",4,8/18/2013"
"19015,858,""Half-Finger Gloves, S"",3,8/18/2013"
"19018,865,""Classic Vest, M"",3,12/4/2013"
"19019,875,""Racing Socks, L"",3,9/19/2013"
"19020,869,""Women's Mountain Shorts, L"",3,1/28/2014"
19021,870,Water Bottle - 30 oz.,4,8/18/2013
19021,871,Mountain Bottle Cage,4,8/18/2013
19023,871,Mountain Bottle Cage,4,8/8/2013
19024,876,Hitch Rack - 4-Bike,4,8/25/2013
19024,871,Mountain Bottle Cage,4,8/25/2013
"19025,869,""Women's Mountain Shorts, L"",3,8/14/2013"
19026,878,Fender Set - Mountain,4,4/22/2014
"19026,884,""Short-Sleeve Classic Jersey, XL"",3,4/22/2014"
19026,929,ML Mountain Tire,4,8/4/2013
19026,873,Patch Kit/8 Patches,4,8/4/2013
19028,870,Water Bottle - 30 oz.,4,3/15/2014
"19028,881,""Short-Sleeve Classic Jersey, S"",3,3/15/2014"
"19029,707,""Sport-100 Helmet, Red"",4,2/10/2014"
19030,870,Water Bottle - 30 oz.,4,2/20/2014
"19031,707,""Sport-100 Helmet, Red"",4,5/13/2014"
19032,712,AWC Logo Cap,3,5/15/2014
19032,880,Hydration Pack - 70 oz.,4,3/29/2014
19032,870,Water Bottle - 30 oz.,4,5/15/2014
"19033,711,""Sport-100 Helmet, Blue"",4,3/27/2014"
19033,930,HL Mountain Tire,4,3/27/2014
19038,871,Mountain Bottle Cage,4,3/4/2014
19038,877,Bike Wash - Dissolver,4,3/4/2014
19039,921,Mountain Tire Tube,4,12/16/2013
19040,871,Mountain Bottle Cage,4,3/2/2014
"19041,707,""Sport-100 Helmet, Red"",4,3/12/2014"
19042,921,Mountain Tire Tube,4,1/22/2014
"19042,711,""Sport-100 Helmet, Blue"",4,1/22/2014"
19044,878,Fender Set - Mountain,4,4/12/2014
"19045,708,""Sport-100 Helmet, Black"",4,10/27/2013"
19045,712,AWC Logo Cap,3,10/27/2013
19047,871,Mountain Bottle Cage,4,9/5/2013
19047,878,Fender Set - Mountain,4,9/5/2013
"19047,707,""Sport-100 Helmet, Red"",4,9/5/2013"
"19049,714,""Long-Sleeve Logo Jersey, M"",3,4/3/2014"
"19049,707,""Sport-100 Helmet, Red"",4,4/3/2014"
19049,871,Mountain Bottle Cage,4,4/3/2014
"19050,708,""Sport-100 Helmet, Black"",4,3/7/2014"
"19051,866,""Classic Vest, L"",3,3/23/2014"
19052,873,Patch Kit/8 Patches,4,3/29/2014
"19055,875,""Racing Socks, L"",3,5/12/2014"
19055,870,Water Bottle - 30 oz.,4,5/12/2014
19055,871,Mountain Bottle Cage,4,5/12/2014
19056,870,Water Bottle - 30 oz.,4,7/21/2013
19056,877,Bike Wash - Dissolver,4,7/21/2013
19058,877,Bike Wash - Dissolver,4,4/20/2014
19058,871,Mountain Bottle Cage,4,4/20/2014
"19059,865,""Classic Vest, M"",3,6/16/2014"
19060,877,Bike Wash - Dissolver,4,8/13/2013
19061,921,Mountain Tire Tube,4,1/9/2014
"19061,707,""Sport-100 Helmet, Red"",4,1/9/2014"
19062,921,Mountain Tire Tube,4,12/26/2013
19062,871,Mountain Bottle Cage,4,12/26/2013
19062,870,Water Bottle - 30 oz.,4,12/26/2013
19062,928,LL Mountain Tire,4,12/26/2013
19063,921,Mountain Tire Tube,4,6/20/2014
"19063,708,""Sport-100 Helmet, Black"",4,6/20/2014"
19064,921,Mountain Tire Tube,4,8/25/2013
19064,928,LL Mountain Tire,4,8/25/2013
19066,712,AWC Logo Cap,3,3/3/2014
19066,878,Fender Set - Mountain,4,3/3/2014
19067,878,Fender Set - Mountain,4,3/6/2014
19068,928,LL Mountain Tire,4,1/5/2014
19068,921,Mountain Tire Tube,4,1/5/2014
19071,921,Mountain Tire Tube,4,10/3/2013
19071,878,Fender Set - Mountain,4,10/3/2013
"19071,884,""Short-Sleeve Classic Jersey, XL"",3,10/3/2013"
19072,712,AWC Logo Cap,3,6/30/2014
19072,921,Mountain Tire Tube,4,6/30/2014
19074,928,LL Mountain Tire,4,2/23/2014
19075,921,Mountain Tire Tube,4,9/27/2013
19075,928,LL Mountain Tire,4,9/27/2013
"19076,707,""Sport-100 Helmet, Red"",4,3/15/2014"
19076,930,HL Mountain Tire,4,3/15/2014
19077,921,Mountain Tire Tube,4,11/14/2013
19078,921,Mountain Tire Tube,4,8/22/2013
19078,928,LL Mountain Tire,4,8/22/2013
19080,928,LL Mountain Tire,4,7/10/2013
19081,873,Patch Kit/8 Patches,4,4/8/2014
19081,921,Mountain Tire Tube,4,4/8/2014
"19082,708,""Sport-100 Helmet, Black"",4,12/4/2013"
"19084,707,""Sport-100 Helmet, Red"",4,9/6/2013"
19084,922,Road Tire Tube,4,9/6/2013
19085,873,Patch Kit/8 Patches,4,1/10/2014
"19085,884,""Short-Sleeve Classic Jersey, XL"",3,11/27/2013"
19086,873,Patch Kit/8 Patches,4,7/27/2013
19086,878,Fender Set - Mountain,4,6/25/2014
19087,870,Water Bottle - 30 oz.,4,7/3/2013
19087,877,Bike Wash - Dissolver,4,7/9/2013
19087,871,Mountain Bottle Cage,4,7/3/2013
19087,878,Fender Set - Mountain,4,7/3/2013
19088,873,Patch Kit/8 Patches,4,7/3/2013
"19089,711,""Sport-100 Helmet, Blue"",4,9/23/2013"
19089,933,HL Road Tire,4,9/23/2013
19090,873,Patch Kit/8 Patches,4,7/23/2013
"19090,707,""Sport-100 Helmet, Red"",4,4/16/2014"
19091,873,Patch Kit/8 Patches,4,11/19/2013
19092,878,Fender Set - Mountain,4,4/18/2014
"19092,883,""Short-Sleeve Classic Jersey, L"",3,4/18/2014"
19093,870,Water Bottle - 30 oz.,4,8/31/2013
19096,872,Road Bottle Cage,4,9/25/2013
19096,880,Hydration Pack - 70 oz.,4,9/25/2013
19097,878,Fender Set - Mountain,4,11/22/2013
"19098,708,""Sport-100 Helmet, Black"",4,12/11/2013"
19098,712,AWC Logo Cap,3,12/11/2013
19098,878,Fender Set - Mountain,4,12/11/2013
19098,873,Patch Kit/8 Patches,4,5/14/2014
19099,877,Bike Wash - Dissolver,4,9/18/2013
19100,873,Patch Kit/8 Patches,4,12/22/2013
19100,880,Hydration Pack - 70 oz.,4,5/28/2014
"19101,858,""Half-Finger Gloves, S"",3,12/18/2013"
19101,870,Water Bottle - 30 oz.,4,3/13/2014
19101,878,Fender Set - Mountain,4,3/13/2014
19101,871,Mountain Bottle Cage,4,3/13/2014
19101,712,AWC Logo Cap,3,3/13/2014
19103,877,Bike Wash - Dissolver,4,8/3/2013
19103,878,Fender Set - Mountain,4,1/27/2014
19103,934,Touring Tire,4,8/3/2013
19104,934,Touring Tire,4,6/22/2014
19104,923,Touring Tire Tube,4,6/22/2014
"19104,875,""Racing Socks, L"",3,12/24/2013"
"19104,707,""Sport-100 Helmet, Red"",4,6/22/2014"
19106,923,Touring Tire Tube,4,10/12/2013
19106,934,Touring Tire,4,10/12/2013
19106,878,Fender Set - Mountain,4,8/6/2013
19109,932,ML Road Tire,4,5/17/2014
"19110,711,""Sport-100 Helmet, Blue"",4,8/2/2013"
19110,928,LL Mountain Tire,4,8/2/2013
19111,871,Mountain Bottle Cage,4,9/6/2013
19111,870,Water Bottle - 30 oz.,4,9/6/2013
19111,928,LL Mountain Tire,4,9/6/2013
19112,922,Road Tire Tube,4,5/29/2014
19112,932,ML Road Tire,4,5/29/2014
"19113,711,""Sport-100 Helmet, Blue"",4,11/22/2013"
19113,922,Road Tire Tube,4,11/22/2013
"19115,859,""Half-Finger Gloves, M"",3,4/8/2014"
"19115,868,""Women's Mountain Shorts, M"",3,4/8/2014"
19116,712,AWC Logo Cap,3,11/2/2013
19119,872,Road Bottle Cage,4,5/16/2014
"19119,714,""Long-Sleeve Logo Jersey, M"",3,5/16/2014"
19120,922,Road Tire Tube,4,5/14/2014
19121,870,Water Bottle - 30 oz.,4,9/3/2013
19121,878,Fender Set - Mountain,4,9/3/2013
19121,880,Hydration Pack - 70 oz.,4,9/3/2013
19122,871,Mountain Bottle Cage,4,9/3/2013
19122,712,AWC Logo Cap,3,9/3/2013
19127,871,Mountain Bottle Cage,4,9/17/2013
19128,880,Hydration Pack - 70 oz.,4,9/13/2013
19128,877,Bike Wash - Dissolver,4,9/13/2013
19128,870,Water Bottle - 30 oz.,4,9/13/2013
19129,871,Mountain Bottle Cage,4,9/3/2013
"19129,711,""Sport-100 Helmet, Blue"",4,9/3/2013"
"19129,860,""Half-Finger Gloves, L"",3,9/3/2013"
19130,871,Mountain Bottle Cage,4,10/4/2013
"19130,711,""Sport-100 Helmet, Blue"",4,10/4/2013"
"19130,713,""Long-Sleeve Logo Jersey, S"",3,10/4/2013"
"19136,868,""Women's Mountain Shorts, M"",3,10/3/2013"
19141,870,Water Bottle - 30 oz.,4,10/2/2013
19143,928,LL Mountain Tire,4,10/21/2013
19143,873,Patch Kit/8 Patches,4,10/21/2013
19143,921,Mountain Tire Tube,4,10/21/2013
"19144,707,""Sport-100 Helmet, Red"",4,10/21/2013"
19144,870,Water Bottle - 30 oz.,4,10/21/2013
"19145,867,""Women's Mountain Shorts, S"",3,2/20/2014"
19146,922,Road Tire Tube,4,5/27/2014
19146,932,ML Road Tire,4,5/27/2014
19147,921,Mountain Tire Tube,4,11/5/2013
"19147,860,""Half-Finger Gloves, L"",3,11/5/2013"
19147,878,Fender Set - Mountain,4,3/3/2014
19147,871,Mountain Bottle Cage,4,3/3/2014
19147,873,Patch Kit/8 Patches,4,3/3/2014
"19147,707,""Sport-100 Helmet, Red"",4,11/5/2013"
"19149,882,""Short-Sleeve Classic Jersey, M"",3,12/8/2013"
19150,921,Mountain Tire Tube,4,2/24/2014
19150,878,Fender Set - Mountain,4,6/9/2014
19150,929,ML Mountain Tire,4,2/24/2014
"19152,867,""Women's Mountain Shorts, S"",3,9/7/2013"
19155,712,AWC Logo Cap,3,10/5/2013
19156,873,Patch Kit/8 Patches,4,5/10/2014
"19160,883,""Short-Sleeve Classic Jersey, L"",3,6/21/2013"
19161,877,Bike Wash - Dissolver,4,10/1/2013
19161,870,Water Bottle - 30 oz.,4,10/1/2013
19161,878,Fender Set - Mountain,4,10/1/2013
19162,870,Water Bottle - 30 oz.,4,9/30/2013
19162,712,AWC Logo Cap,3,9/30/2013
19164,928,LL Mountain Tire,4,10/17/2013
"19164,711,""Sport-100 Helmet, Blue"",4,10/17/2013"
"19165,883,""Short-Sleeve Classic Jersey, L"",3,10/29/2013"
19165,871,Mountain Bottle Cage,4,10/29/2013
"19168,869,""Women's Mountain Shorts, L"",3,7/6/2013"
19170,873,Patch Kit/8 Patches,4,6/18/2013
19170,932,ML Road Tire,4,6/18/2013
"19172,708,""Sport-100 Helmet, Black"",4,11/6/2013"
19176,922,Road Tire Tube,4,4/29/2014
19176,932,ML Road Tire,4,4/29/2014
"19177,708,""Sport-100 Helmet, Black"",4,7/23/2013"
19179,877,Bike Wash - Dissolver,4,4/8/2014
19180,870,Water Bottle - 30 oz.,4,3/7/2014
"19182,708,""Sport-100 Helmet, Black"",4,8/21/2013"
"19183,711,""Sport-100 Helmet, Blue"",4,2/7/2014"
19183,870,Water Bottle - 30 oz.,4,2/7/2014
19185,870,Water Bottle - 30 oz.,4,7/18/2013
19187,932,ML Road Tire,4,3/17/2014
19187,873,Patch Kit/8 Patches,4,3/17/2014
19188,873,Patch Kit/8 Patches,4,4/22/2014
19188,922,Road Tire Tube,4,4/22/2014
19189,870,Water Bottle - 30 oz.,4,10/25/2013
19190,873,Patch Kit/8 Patches,4,2/7/2014
19191,932,ML Road Tire,4,11/8/2013
19192,878,Fender Set - Mountain,4,2/21/2014
"19193,881,""Short-Sleeve Classic Jersey, S"",3,3/15/2014"
19193,870,Water Bottle - 30 oz.,4,3/15/2014
19194,929,ML Mountain Tire,4,11/14/2013
19194,873,Patch Kit/8 Patches,4,11/14/2013
"19195,711,""Sport-100 Helmet, Blue"",4,3/28/2014"
19195,878,Fender Set - Mountain,4,3/28/2014
19195,871,Mountain Bottle Cage,4,3/28/2014
"19196,883,""Short-Sleeve Classic Jersey, L"",3,11/15/2013"
19196,712,AWC Logo Cap,3,4/11/2014
"19196,707,""Sport-100 Helmet, Red"",4,4/11/2014"
"19197,860,""Half-Finger Gloves, L"",3,4/17/2014"
"19197,707,""Sport-100 Helmet, Red"",4,11/18/2013"
19197,871,Mountain Bottle Cage,4,4/17/2014
19199,872,Road Bottle Cage,4,6/26/2013
19200,873,Patch Kit/8 Patches,4,4/7/2014
"19200,715,""Long-Sleeve Logo Jersey, L"",3,5/31/2014"
19200,921,Mountain Tire Tube,4,4/7/2014
19200,878,Fender Set - Mountain,4,5/31/2014
19206,872,Road Bottle Cage,4,3/11/2014
"19207,708,""Sport-100 Helmet, Black"",4,10/17/2013"
19207,870,Water Bottle - 30 oz.,4,10/17/2013
"19208,707,""Sport-100 Helmet, Red"",4,12/9/2013"
"19208,874,""Racing Socks, M"",3,12/9/2013"
19208,870,Water Bottle - 30 oz.,4,12/9/2013
19215,880,Hydration Pack - 70 oz.,4,3/28/2014
"19215,864,""Classic Vest, S"",3,3/28/2014"
19216,870,Water Bottle - 30 oz.,4,9/29/2013
19217,933,HL Road Tire,4,11/27/2013
19217,931,LL Road Tire,4,4/30/2014
19217,922,Road Tire Tube,4,4/30/2014
19217,880,Hydration Pack - 70 oz.,4,7/27/2013
19217,878,Fender Set - Mountain,4,7/27/2013
19217,870,Water Bottle - 30 oz.,4,7/27/2013
"19218,884,""Short-Sleeve Classic Jersey, XL"",3,8/11/2013"
19218,712,AWC Logo Cap,3,8/11/2013
"19219,869,""Women's Mountain Shorts, L"",3,9/22/2013"
19220,873,Patch Kit/8 Patches,4,12/21/2013
19220,931,LL Road Tire,4,12/21/2013
"19220,874,""Racing Socks, M"",3,6/15/2014"
19220,878,Fender Set - Mountain,4,6/15/2014
19221,870,Water Bottle - 30 oz.,4,4/20/2014
19222,870,Water Bottle - 30 oz.,4,5/14/2014
19223,922,Road Tire Tube,4,11/6/2013
19223,933,HL Road Tire,4,11/6/2013
19223,931,LL Road Tire,4,8/18/2013
19223,878,Fender Set - Mountain,4,6/2/2014
19224,922,Road Tire Tube,4,4/3/2014
19224,878,Fender Set - Mountain,4,10/23/2013
19224,879,All-Purpose Bike Stand,4,4/3/2014
19224,933,HL Road Tire,4,12/5/2013
"19224,713,""Long-Sleeve Logo Jersey, S"",3,10/23/2013"
19224,931,LL Road Tire,4,4/3/2014
"19225,864,""Classic Vest, S"",3,6/2/2013"
"19226,716,""Long-Sleeve Logo Jersey, XL"",3,6/25/2014"
"19228,869,""Women's Mountain Shorts, L"",3,2/20/2014"
"19229,868,""Women's Mountain Shorts, M"",3,3/29/2014"
"19230,869,""Women's Mountain Shorts, L"",3,5/23/2014"
19232,929,ML Mountain Tire,4,4/2/2014
"19232,874,""Racing Socks, M"",3,4/2/2014"
"19234,869,""Women's Mountain Shorts, L"",3,5/13/2014"
"19235,714,""Long-Sleeve Logo Jersey, M"",3,3/16/2014"
"19236,715,""Long-Sleeve Logo Jersey, L"",3,5/21/2014"
19239,712,AWC Logo Cap,3,5/22/2014
"19241,867,""Women's Mountain Shorts, S"",3,7/18/2013"
"19241,881,""Short-Sleeve Classic Jersey, S"",3,7/18/2013"
"19244,867,""Women's Mountain Shorts, S"",3,10/2/2013"
"19245,868,""Women's Mountain Shorts, M"",3,12/6/2013"
19248,876,Hitch Rack - 4-Bike,4,12/31/2013
19248,932,ML Road Tire,4,12/31/2013
19249,922,Road Tire Tube,4,1/29/2014
"19249,707,""Sport-100 Helmet, Red"",4,1/29/2014"
19250,932,ML Road Tire,4,1/3/2014
19250,873,Patch Kit/8 Patches,4,1/3/2014
19251,932,ML Road Tire,4,1/6/2014
"19252,707,""Sport-100 Helmet, Red"",4,8/30/2013"
19252,870,Water Bottle - 30 oz.,4,8/30/2013
19257,870,Water Bottle - 30 oz.,4,3/31/2014
19257,872,Road Bottle Cage,4,3/31/2014
19259,932,ML Road Tire,4,9/23/2013
19260,873,Patch Kit/8 Patches,4,4/20/2014
19261,932,ML Road Tire,4,2/11/2014
19261,922,Road Tire Tube,4,2/11/2014
19264,872,Road Bottle Cage,4,6/28/2013
19265,930,HL Mountain Tire,4,4/27/2014
19265,873,Patch Kit/8 Patches,4,4/27/2014
19266,873,Patch Kit/8 Patches,4,10/25/2013
19266,921,Mountain Tire Tube,4,10/25/2013
19267,930,HL Mountain Tire,4,5/17/2014
19267,873,Patch Kit/8 Patches,4,5/17/2014
19268,921,Mountain Tire Tube,4,6/17/2014
19272,712,AWC Logo Cap,3,11/29/2013
19273,870,Water Bottle - 30 oz.,4,12/29/2013
19275,870,Water Bottle - 30 oz.,4,8/26/2013
19276,932,ML Road Tire,4,5/28/2014
"19276,707,""Sport-100 Helmet, Red"",4,5/28/2014"
"19277,711,""Sport-100 Helmet, Blue"",4,7/13/2013"
"19279,711,""Sport-100 Helmet, Blue"",4,2/4/2014"
19279,922,Road Tire Tube,4,2/4/2014
19281,712,AWC Logo Cap,3,1/31/2014
"19281,884,""Short-Sleeve Classic Jersey, XL"",3,1/31/2014"
19282,922,Road Tire Tube,4,5/15/2014
19282,932,ML Road Tire,4,5/15/2014
"19283,883,""Short-Sleeve Classic Jersey, L"",3,4/24/2014"
19289,932,ML Road Tire,4,4/9/2014
19289,922,Road Tire Tube,4,4/9/2014
"19290,711,""Sport-100 Helmet, Blue"",4,4/29/2014"
19290,921,Mountain Tire Tube,4,4/29/2014
19291,932,ML Road Tire,4,8/10/2013
19294,932,ML Road Tire,4,5/11/2014
19294,880,Hydration Pack - 70 oz.,4,5/11/2014
19294,922,Road Tire Tube,4,5/11/2014
19296,932,ML Road Tire,4,5/25/2014
19296,922,Road Tire Tube,4,5/25/2014
19297,712,AWC Logo Cap,3,5/26/2014
19300,932,ML Road Tire,4,2/10/2014
19300,877,Bike Wash - Dissolver,4,2/10/2014
19302,870,Water Bottle - 30 oz.,4,5/11/2014
19302,871,Mountain Bottle Cage,4,5/11/2014
19303,870,Water Bottle - 30 oz.,4,6/13/2014
19304,932,ML Road Tire,4,6/16/2014
19304,922,Road Tire Tube,4,6/16/2014
19305,878,Fender Set - Mountain,4,5/14/2014
"19306,860,""Half-Finger Gloves, L"",3,12/13/2013"
19307,932,ML Road Tire,4,3/29/2014
19307,922,Road Tire Tube,4,3/29/2014
"19310,716,""Long-Sleeve Logo Jersey, XL"",3,11/5/2013"
"19311,707,""Sport-100 Helmet, Red"",4,11/23/2013"
"19311,708,""Sport-100 Helmet, Black"",4,4/30/2014"
19312,878,Fender Set - Mountain,4,4/7/2014
"19313,858,""Half-Finger Gloves, S"",3,5/23/2014"
19314,922,Road Tire Tube,4,5/23/2014
"19319,858,""Half-Finger Gloves, S"",3,5/24/2014"
"19320,860,""Half-Finger Gloves, L"",3,6/7/2013"
19323,929,ML Mountain Tire,4,12/28/2013
19325,873,Patch Kit/8 Patches,4,4/16/2014
19328,932,ML Road Tire,4,9/14/2013
19329,712,AWC Logo Cap,3,5/1/2014
19330,932,ML Road Tire,4,2/1/2014
19330,922,Road Tire Tube,4,2/1/2014
19331,922,Road Tire Tube,4,5/30/2014
19332,932,ML Road Tire,4,8/13/2013
19332,922,Road Tire Tube,4,8/13/2013
19333,873,Patch Kit/8 Patches,4,4/29/2014
19333,877,Bike Wash - Dissolver,4,4/29/2014
19334,932,ML Road Tire,4,8/12/2013
"19334,708,""Sport-100 Helmet, Black"",4,8/12/2013"
"19338,874,""Racing Socks, M"",3,1/16/2014"
"19339,708,""Sport-100 Helmet, Black"",4,4/16/2014"
19339,878,Fender Set - Mountain,4,4/16/2014
19340,930,HL Mountain Tire,4,5/10/2014
19340,878,Fender Set - Mountain,4,5/10/2014
19340,921,Mountain Tire Tube,4,5/10/2014
19342,922,Road Tire Tube,4,10/6/2013
19342,873,Patch Kit/8 Patches,4,10/6/2013
19343,870,Water Bottle - 30 oz.,4,7/28/2013
"19343,711,""Sport-100 Helmet, Blue"",4,7/28/2013"
19344,932,ML Road Tire,4,6/30/2013
19344,873,Patch Kit/8 Patches,4,6/30/2013
"19345,708,""Sport-100 Helmet, Black"",4,8/31/2013"
19345,921,Mountain Tire Tube,4,8/31/2013
19347,873,Patch Kit/8 Patches,4,6/13/2014
19347,922,Road Tire Tube,4,6/13/2014
"19349,707,""Sport-100 Helmet, Red"",4,2/8/2014"
19349,929,ML Mountain Tire,4,2/8/2014
19350,873,Patch Kit/8 Patches,4,9/20/2013
19352,712,AWC Logo Cap,3,9/21/2013
19354,873,Patch Kit/8 Patches,4,5/2/2014
19354,929,ML Mountain Tire,4,5/2/2014
19356,712,AWC Logo Cap,3,5/29/2014
19356,921,Mountain Tire Tube,4,5/29/2014
"19356,707,""Sport-100 Helmet, Red"",4,5/29/2014"
"19357,860,""Half-Finger Gloves, L"",3,5/9/2014"
19358,712,AWC Logo Cap,3,2/10/2014
"19360,882,""Short-Sleeve Classic Jersey, M"",3,6/3/2013"
19360,872,Road Bottle Cage,4,6/3/2013
19364,712,AWC Logo Cap,3,5/3/2014
"19364,711,""Sport-100 Helmet, Blue"",4,2/5/2014"
19365,871,Mountain Bottle Cage,4,5/23/2014
"19365,883,""Short-Sleeve Classic Jersey, L"",3,5/23/2014"
"19365,707,""Sport-100 Helmet, Red"",4,3/14/2014"
19365,712,AWC Logo Cap,3,5/23/2014
19366,871,Mountain Bottle Cage,4,2/13/2014
"19367,884,""Short-Sleeve Classic Jersey, XL"",3,5/24/2014"
19368,873,Patch Kit/8 Patches,4,4/16/2014
19369,922,Road Tire Tube,4,8/31/2013
19369,932,ML Road Tire,4,8/31/2013
19371,929,ML Mountain Tire,4,4/2/2014
"19372,858,""Half-Finger Gloves, S"",3,1/25/2014"
19373,921,Mountain Tire Tube,4,12/5/2013
19373,929,ML Mountain Tire,4,12/5/2013
"19374,860,""Half-Finger Gloves, L"",3,3/9/2014"
19375,921,Mountain Tire Tube,4,9/16/2013
"19375,864,""Classic Vest, S"",3,9/16/2013"
19375,929,ML Mountain Tire,4,9/16/2013
19376,870,Water Bottle - 30 oz.,4,4/24/2014
"19377,711,""Sport-100 Helmet, Blue"",4,6/22/2014"
19377,878,Fender Set - Mountain,4,6/22/2014
19377,871,Mountain Bottle Cage,4,6/22/2014
19377,921,Mountain Tire Tube,4,6/22/2014
19377,712,AWC Logo Cap,3,6/22/2014
19379,932,ML Road Tire,4,3/19/2014
"19379,859,""Half-Finger Gloves, M"",3,3/19/2014"
19379,922,Road Tire Tube,4,3/19/2014
19380,922,Road Tire Tube,4,7/20/2013
19380,932,ML Road Tire,4,7/20/2013
"19383,714,""Long-Sleeve Logo Jersey, M"",3,8/6/2013"
19383,929,ML Mountain Tire,4,8/6/2013
19383,921,Mountain Tire Tube,4,8/6/2013
19384,873,Patch Kit/8 Patches,4,5/23/2014
19385,878,Fender Set - Mountain,4,5/3/2014
19385,880,Hydration Pack - 70 oz.,4,5/3/2014
19385,929,ML Mountain Tire,4,5/3/2014
19387,922,Road Tire Tube,4,5/21/2014
19387,932,ML Road Tire,4,5/21/2014
19388,921,Mountain Tire Tube,4,9/17/2013
19388,873,Patch Kit/8 Patches,4,9/17/2013
19388,929,ML Mountain Tire,4,9/17/2013
19389,932,ML Road Tire,4,10/21/2013
19389,922,Road Tire Tube,4,10/21/2013
"19389,860,""Half-Finger Gloves, L"",3,10/21/2013"
"19389,707,""Sport-100 Helmet, Red"",4,10/21/2013"
19391,929,ML Mountain Tire,4,2/24/2014
19391,877,Bike Wash - Dissolver,4,2/24/2014
19392,873,Patch Kit/8 Patches,4,7/19/2013
19393,870,Water Bottle - 30 oz.,4,6/9/2013
19396,872,Road Bottle Cage,4,7/30/2013
"19396,708,""Sport-100 Helmet, Black"",4,7/30/2013"
19397,712,AWC Logo Cap,3,2/7/2014
"19399,858,""Half-Finger Gloves, S"",3,10/2/2013"
19399,878,Fender Set - Mountain,4,10/2/2013
19399,929,ML Mountain Tire,4,11/11/2013
"19399,707,""Sport-100 Helmet, Red"",4,10/2/2013"
"19400,875,""Racing Socks, L"",3,11/16/2013"
19402,876,Hitch Rack - 4-Bike,4,7/13/2013
19402,870,Water Bottle - 30 oz.,4,7/13/2013
"19406,883,""Short-Sleeve Classic Jersey, L"",3,7/29/2013"
19406,872,Road Bottle Cage,4,7/29/2013
19409,712,AWC Logo Cap,3,7/11/2013
"19411,711,""Sport-100 Helmet, Blue"",4,6/10/2014"
19411,921,Mountain Tire Tube,4,6/10/2014
19412,870,Water Bottle - 30 oz.,4,10/19/2013
"19412,866,""Classic Vest, L"",3,10/19/2013"
19420,870,Water Bottle - 30 oz.,4,5/8/2014
"19420,707,""Sport-100 Helmet, Red"",4,3/10/2014"
19420,871,Mountain Bottle Cage,4,5/8/2014
19420,712,AWC Logo Cap,3,3/10/2014
19421,932,ML Road Tire,4,8/11/2013
"19424,884,""Short-Sleeve Classic Jersey, XL"",3,6/22/2013"
19424,872,Road Bottle Cage,4,6/22/2013
19425,932,ML Road Tire,4,11/8/2013
19425,873,Patch Kit/8 Patches,4,11/8/2013
19427,932,ML Road Tire,4,11/13/2013
"19427,707,""Sport-100 Helmet, Red"",4,11/13/2013"
19428,712,AWC Logo Cap,3,6/11/2013
"19430,708,""Sport-100 Helmet, Black"",4,4/24/2014"
19430,932,ML Road Tire,4,4/24/2014
19434,873,Patch Kit/8 Patches,4,11/25/2013
19434,932,ML Road Tire,4,11/25/2013
19435,870,Water Bottle - 30 oz.,4,6/29/2013
19436,877,Bike Wash - Dissolver,4,11/3/2013
19436,873,Patch Kit/8 Patches,4,11/3/2013
19436,932,ML Road Tire,4,11/3/2013
19437,922,Road Tire Tube,4,6/12/2013
"19438,881,""Short-Sleeve Classic Jersey, S"",3,4/6/2014"
"19438,711,""Sport-100 Helmet, Blue"",4,5/4/2014"
19438,870,Water Bottle - 30 oz.,4,5/4/2014
"19439,875,""Racing Socks, L"",3,4/2/2014"
"19439,714,""Long-Sleeve Logo Jersey, M"",3,4/2/2014"
19439,878,Fender Set - Mountain,4,5/4/2014
"19440,711,""Sport-100 Helmet, Blue"",4,7/24/2013"
19440,872,Road Bottle Cage,4,7/24/2013
19441,871,Mountain Bottle Cage,4,4/2/2014
"19443,707,""Sport-100 Helmet, Red"",4,7/9/2013"
19444,870,Water Bottle - 30 oz.,4,3/14/2014
19445,932,ML Road Tire,4,3/29/2014
"19445,711,""Sport-100 Helmet, Blue"",4,3/29/2014"
19447,929,ML Mountain Tire,4,5/4/2014
"19448,864,""Classic Vest, S"",3,7/18/2013"
19448,922,Road Tire Tube,4,7/18/2013
19449,873,Patch Kit/8 Patches,4,11/27/2013
19449,929,ML Mountain Tire,4,11/27/2013
19449,921,Mountain Tire Tube,4,11/27/2013
19450,872,Road Bottle Cage,4,7/24/2013
19450,870,Water Bottle - 30 oz.,4,7/24/2013
"19452,715,""Long-Sleeve Logo Jersey, L"",3,5/22/2014"
19453,712,AWC Logo Cap,3,5/14/2014
19453,870,Water Bottle - 30 oz.,4,5/14/2014
19453,871,Mountain Bottle Cage,4,5/14/2014
19454,878,Fender Set - Mountain,4,5/10/2014
"19454,884,""Short-Sleeve Classic Jersey, XL"",3,5/28/2014"
19456,921,Mountain Tire Tube,4,5/22/2014
19456,873,Patch Kit/8 Patches,4,5/22/2014
"19457,866,""Classic Vest, L"",3,5/15/2014"
19457,932,ML Road Tire,4,5/15/2014
19460,870,Water Bottle - 30 oz.,4,8/8/2013
19462,870,Water Bottle - 30 oz.,4,8/10/2013
19464,870,Water Bottle - 30 oz.,4,3/19/2014
19466,922,Road Tire Tube,4,10/20/2013
"19466,711,""Sport-100 Helmet, Blue"",4,10/20/2013"
19467,933,HL Road Tire,4,8/5/2013
19468,873,Patch Kit/8 Patches,4,4/25/2014
19469,922,Road Tire Tube,4,6/10/2014
"19470,715,""Long-Sleeve Logo Jersey, L"",3,2/1/2014"
19473,872,Road Bottle Cage,4,11/1/2013
19474,929,ML Mountain Tire,4,5/9/2014
19474,873,Patch Kit/8 Patches,4,5/9/2014
19475,871,Mountain Bottle Cage,4,6/19/2013
19475,870,Water Bottle - 30 oz.,4,6/19/2013
"19475,707,""Sport-100 Helmet, Red"",4,6/19/2013"
19476,872,Road Bottle Cage,4,5/7/2014
"19476,864,""Classic Vest, S"",3,5/7/2014"
19476,930,HL Mountain Tire,4,5/11/2014
19477,880,Hydration Pack - 70 oz.,4,7/2/2013
19478,873,Patch Kit/8 Patches,4,3/3/2014
19480,922,Road Tire Tube,4,11/21/2013
19480,932,ML Road Tire,4,11/21/2013
19483,923,Touring Tire Tube,4,1/26/2014
"19484,711,""Sport-100 Helmet, Blue"",4,4/19/2014"
19485,873,Patch Kit/8 Patches,4,5/11/2014
"19486,708,""Sport-100 Helmet, Black"",4,6/18/2014"
19486,923,Touring Tire Tube,4,6/18/2014
19486,934,Touring Tire,4,6/18/2014
19487,922,Road Tire Tube,4,2/4/2014
19488,922,Road Tire Tube,4,3/19/2014
19488,712,AWC Logo Cap,3,3/19/2014
19489,922,Road Tire Tube,4,1/29/2014
"19490,716,""Long-Sleeve Logo Jersey, XL"",3,9/4/2013"
19490,922,Road Tire Tube,4,9/4/2013
19491,922,Road Tire Tube,4,6/21/2014
19492,873,Patch Kit/8 Patches,4,1/3/2014
"19493,711,""Sport-100 Helmet, Blue"",4,7/7/2013"
19493,933,HL Road Tire,4,7/7/2013
19494,873,Patch Kit/8 Patches,4,3/16/2014
"19495,707,""Sport-100 Helmet, Red"",4,11/22/2013"
19497,922,Road Tire Tube,4,1/17/2014
19498,922,Road Tire Tube,4,11/28/2013
19498,932,ML Road Tire,4,11/28/2013
"19499,708,""Sport-100 Helmet, Black"",4,7/6/2013"
19499,872,Road Bottle Cage,4,7/6/2013
"19502,714,""Long-Sleeve Logo Jersey, M"",3,8/8/2013"
"19502,707,""Sport-100 Helmet, Red"",4,8/8/2013"
19502,933,HL Road Tire,4,8/8/2013
19503,870,Water Bottle - 30 oz.,4,8/1/2013
"19503,882,""Short-Sleeve Classic Jersey, M"",3,8/1/2013"
19505,932,ML Road Tire,4,11/17/2013
"19505,859,""Half-Finger Gloves, M"",3,11/17/2013"
19506,933,HL Road Tire,4,10/26/2013
19507,922,Road Tire Tube,4,12/12/2013
19508,873,Patch Kit/8 Patches,4,2/7/2014
19509,921,Mountain Tire Tube,4,4/4/2014
"19509,874,""Racing Socks, M"",3,4/4/2014"
19511,712,AWC Logo Cap,3,10/14/2013
"19511,707,""Sport-100 Helmet, Red"",4,10/14/2013"
19511,933,HL Road Tire,4,10/14/2013
19512,932,ML Road Tire,4,9/10/2013
19512,922,Road Tire Tube,4,9/10/2013
19512,880,Hydration Pack - 70 oz.,4,9/10/2013
19514,712,AWC Logo Cap,3,12/23/2013
19514,921,Mountain Tire Tube,4,12/23/2013
19514,929,ML Mountain Tire,4,12/23/2013
19515,922,Road Tire Tube,4,8/28/2013
"19518,859,""Half-Finger Gloves, M"",3,9/26/2013"
19519,922,Road Tire Tube,4,11/2/2013
"19520,884,""Short-Sleeve Classic Jersey, XL"",3,8/13/2013"
19520,932,ML Road Tire,4,8/13/2013
19521,922,Road Tire Tube,4,7/17/2013
"19522,711,""Sport-100 Helmet, Blue"",4,10/16/2013"
19522,922,Road Tire Tube,4,10/16/2013
19523,932,ML Road Tire,4,10/17/2013
19523,922,Road Tire Tube,4,10/17/2013
19524,922,Road Tire Tube,4,11/25/2013
19524,873,Patch Kit/8 Patches,4,11/25/2013
19524,712,AWC Logo Cap,3,11/25/2013
"19525,707,""Sport-100 Helmet, Red"",4,6/5/2014"
19525,877,Bike Wash - Dissolver,4,2/10/2014
19525,921,Mountain Tire Tube,4,6/5/2014
19525,873,Patch Kit/8 Patches,4,2/10/2014
"19526,714,""Long-Sleeve Logo Jersey, M"",3,11/3/2013"
"19527,707,""Sport-100 Helmet, Red"",4,11/28/2013"
19527,870,Water Bottle - 30 oz.,4,11/28/2013
"19527,716,""Long-Sleeve Logo Jersey, XL"",3,11/28/2013"
19528,712,AWC Logo Cap,3,1/9/2014
"19529,711,""Sport-100 Helmet, Blue"",4,7/13/2013"
19529,870,Water Bottle - 30 oz.,4,7/13/2013
"19531,858,""Half-Finger Gloves, S"",3,7/11/2013"
"19532,711,""Sport-100 Helmet, Blue"",4,7/3/2013"
19534,712,AWC Logo Cap,3,7/10/2013
"19541,711,""Sport-100 Helmet, Blue"",4,1/6/2014"
19541,929,ML Mountain Tire,4,4/13/2014
19541,921,Mountain Tire Tube,4,1/6/2014
19541,712,AWC Logo Cap,3,1/6/2014
19542,871,Mountain Bottle Cage,4,11/10/2013
"19543,867,""Women's Mountain Shorts, S"",3,10/1/2013"
"19544,867,""Women's Mountain Shorts, S"",3,7/17/2013"
"19544,884,""Short-Sleeve Classic Jersey, XL"",3,7/17/2013"
19545,712,AWC Logo Cap,3,8/9/2013
"19547,711,""Sport-100 Helmet, Blue"",4,8/19/2013"
"19548,883,""Short-Sleeve Classic Jersey, L"",3,8/12/2013"
"19549,884,""Short-Sleeve Classic Jersey, XL"",3,8/18/2013"
19550,932,ML Road Tire,4,8/10/2013
19550,922,Road Tire Tube,4,8/10/2013
19553,878,Fender Set - Mountain,4,11/14/2013
19554,870,Water Bottle - 30 oz.,4,2/24/2014
19554,871,Mountain Bottle Cage,4,2/24/2014
19554,878,Fender Set - Mountain,4,2/24/2014
"19555,883,""Short-Sleeve Classic Jersey, L"",3,9/16/2013"
19556,872,Road Bottle Cage,4,9/14/2013
"19557,882,""Short-Sleeve Classic Jersey, M"",3,9/15/2013"
"19560,858,""Half-Finger Gloves, S"",3,9/15/2013"
19560,933,HL Road Tire,4,9/15/2013
19560,922,Road Tire Tube,4,9/15/2013
19564,872,Road Bottle Cage,4,10/26/2013
19565,922,Road Tire Tube,4,10/28/2013
19566,871,Mountain Bottle Cage,4,11/16/2013
"19566,715,""Long-Sleeve Logo Jersey, L"",3,11/16/2013"
19566,712,AWC Logo Cap,3,11/16/2013
19566,870,Water Bottle - 30 oz.,4,11/16/2013
19566,934,Touring Tire,4,10/18/2013
19566,923,Touring Tire Tube,4,10/18/2013
19567,934,Touring Tire,4,10/23/2013
19567,878,Fender Set - Mountain,4,8/27/2013
19568,873,Patch Kit/8 Patches,4,9/26/2013
19568,933,HL Road Tire,4,9/26/2013
"19569,882,""Short-Sleeve Classic Jersey, M"",3,4/20/2014"
19569,873,Patch Kit/8 Patches,4,1/17/2014
19569,878,Fender Set - Mountain,4,4/20/2014
19569,934,Touring Tire,4,1/17/2014
19570,870,Water Bottle - 30 oz.,4,7/14/2013
19570,934,Touring Tire,4,2/10/2014
19570,871,Mountain Bottle Cage,4,7/14/2013
19570,878,Fender Set - Mountain,4,7/14/2013
19571,878,Fender Set - Mountain,4,3/9/2014
"19571,707,""Sport-100 Helmet, Red"",4,3/9/2014"
19571,934,Touring Tire,4,8/16/2013
"19572,859,""Half-Finger Gloves, M"",3,11/18/2013"
19572,873,Patch Kit/8 Patches,4,9/9/2013
19572,934,Touring Tire,4,11/18/2013
19572,923,Touring Tire Tube,4,11/18/2013
19573,923,Touring Tire Tube,4,5/27/2014
19573,934,Touring Tire,4,5/27/2014
19573,873,Patch Kit/8 Patches,4,6/20/2014
19574,873,Patch Kit/8 Patches,4,10/11/2013
19574,923,Touring Tire Tube,4,10/11/2013
"19574,707,""Sport-100 Helmet, Red"",4,9/20/2013"
19574,934,Touring Tire,4,10/11/2013
19575,873,Patch Kit/8 Patches,4,4/8/2014
19575,931,LL Road Tire,4,8/7/2013
19575,923,Touring Tire Tube,4,4/8/2014
19576,922,Road Tire Tube,4,9/15/2013
19577,873,Patch Kit/8 Patches,4,9/26/2013
19577,870,Water Bottle - 30 oz.,4,9/26/2013
19578,929,ML Mountain Tire,4,12/4/2013
19578,873,Patch Kit/8 Patches,4,12/4/2013
"19578,884,""Short-Sleeve Classic Jersey, XL"",3,5/8/2014"
"19579,883,""Short-Sleeve Classic Jersey, L"",3,3/26/2014"
19580,712,AWC Logo Cap,3,5/8/2014
"19580,884,""Short-Sleeve Classic Jersey, XL"",3,9/4/2013"
19580,921,Mountain Tire Tube,4,5/8/2014
19580,878,Fender Set - Mountain,4,5/8/2014
19581,931,LL Road Tire,4,2/19/2014
19581,934,Touring Tire,4,6/16/2014
"19581,884,""Short-Sleeve Classic Jersey, XL"",3,6/16/2014"
19582,922,Road Tire Tube,4,6/26/2014
19582,931,LL Road Tire,4,6/26/2014
19582,934,Touring Tire,4,4/16/2014
19582,923,Touring Tire Tube,4,4/16/2014
19583,931,LL Road Tire,4,6/16/2014
19583,934,Touring Tire,4,10/18/2013
19583,923,Touring Tire Tube,4,10/18/2013
19583,880,Hydration Pack - 70 oz.,4,10/18/2013
19584,873,Patch Kit/8 Patches,4,9/4/2013
19584,934,Touring Tire,4,7/8/2013
19584,931,LL Road Tire,4,9/4/2013
19584,923,Touring Tire Tube,4,7/8/2013
19585,922,Road Tire Tube,4,6/30/2014
19585,931,LL Road Tire,4,6/30/2014
"19585,711,""Sport-100 Helmet, Blue"",4,6/30/2014"
"19587,708,""Sport-100 Helmet, Black"",4,6/6/2014"
19587,923,Touring Tire Tube,4,6/6/2014
19587,934,Touring Tire,4,6/6/2014
"19587,859,""Half-Finger Gloves, M"",3,6/6/2014"
19589,712,AWC Logo Cap,3,9/11/2013
"19589,882,""Short-Sleeve Classic Jersey, M"",3,9/11/2013"
19589,929,ML Mountain Tire,4,2/6/2014
19590,873,Patch Kit/8 Patches,4,8/1/2013
19591,931,LL Road Tire,4,11/28/2013
19591,923,Touring Tire Tube,4,9/24/2013
19591,877,Bike Wash - Dissolver,4,9/24/2013
"19592,884,""Short-Sleeve Classic Jersey, XL"",3,10/13/2013"
19592,712,AWC Logo Cap,3,10/13/2013
19593,932,ML Road Tire,4,10/28/2013
"19595,708,""Sport-100 Helmet, Black"",4,9/12/2013"
19595,870,Water Bottle - 30 oz.,4,9/12/2013
"19595,860,""Half-Finger Gloves, L"",3,9/12/2013"
19597,934,Touring Tire,4,11/11/2013
19597,931,LL Road Tire,4,6/1/2014
19597,922,Road Tire Tube,4,6/1/2014
19598,932,ML Road Tire,4,11/17/2013
19598,922,Road Tire Tube,4,11/17/2013
19600,929,ML Mountain Tire,4,9/20/2013
19600,921,Mountain Tire Tube,4,9/20/2013
"19600,859,""Half-Finger Gloves, M"",3,9/20/2013"
"19602,707,""Sport-100 Helmet, Red"",4,10/29/2013"
19602,922,Road Tire Tube,4,10/29/2013
19603,922,Road Tire Tube,4,8/27/2013
19603,923,Touring Tire Tube,4,6/10/2014
19603,934,Touring Tire,4,6/10/2014
19604,873,Patch Kit/8 Patches,4,4/19/2014
19604,934,Touring Tire,4,8/30/2013
19604,712,AWC Logo Cap,3,8/30/2013
19604,931,LL Road Tire,4,4/19/2014
"19604,714,""Long-Sleeve Logo Jersey, M"",3,8/30/2013"
19606,921,Mountain Tire Tube,4,8/23/2013
"19606,875,""Racing Socks, L"",3,8/23/2013"
"19606,708,""Sport-100 Helmet, Black"",4,8/23/2013"
19608,923,Touring Tire Tube,4,12/7/2013
19608,931,LL Road Tire,4,12/31/2013
19608,934,Touring Tire,4,12/7/2013
19608,922,Road Tire Tube,4,12/31/2013
19609,933,HL Road Tire,4,10/21/2013
"19609,707,""Sport-100 Helmet, Red"",4,10/21/2013"
19610,931,LL Road Tire,4,1/16/2014
19610,922,Road Tire Tube,4,1/16/2014
"19610,707,""Sport-100 Helmet, Red"",4,9/30/2013"
"19610,858,""Half-Finger Gloves, S"",3,1/16/2014"
19613,922,Road Tire Tube,4,10/14/2013
"19613,707,""Sport-100 Helmet, Red"",4,10/14/2013"
19614,922,Road Tire Tube,4,10/9/2013
19614,933,HL Road Tire,4,10/9/2013
19617,934,Touring Tire,4,5/24/2014
19617,931,LL Road Tire,4,1/17/2014
19617,922,Road Tire Tube,4,1/17/2014
19617,923,Touring Tire Tube,4,5/24/2014
19618,931,LL Road Tire,4,12/7/2013
19618,934,Touring Tire,4,12/30/2013
19618,712,AWC Logo Cap,3,12/7/2013
19618,923,Touring Tire Tube,4,12/30/2013
19619,873,Patch Kit/8 Patches,4,12/19/2013
19619,931,LL Road Tire,4,12/19/2013
19619,880,Hydration Pack - 70 oz.,4,8/5/2013
19619,934,Touring Tire,4,8/5/2013
19622,923,Touring Tire Tube,4,12/28/2013
19622,931,LL Road Tire,4,11/5/2013
19622,934,Touring Tire,4,12/28/2013
19622,922,Road Tire Tube,4,11/5/2013
19623,934,Touring Tire,4,5/9/2014
19623,923,Touring Tire Tube,4,5/9/2014
19623,922,Road Tire Tube,4,11/5/2013
19623,931,LL Road Tire,4,11/5/2013
19624,931,LL Road Tire,4,1/26/2014
19624,934,Touring Tire,4,6/18/2014
19624,923,Touring Tire Tube,4,6/18/2014
19624,873,Patch Kit/8 Patches,4,1/26/2014
19625,931,LL Road Tire,4,9/9/2013
19625,934,Touring Tire,4,8/30/2013
19626,931,LL Road Tire,4,12/22/2013
19626,922,Road Tire Tube,4,12/22/2013
19626,872,Road Bottle Cage,4,12/13/2013
19627,870,Water Bottle - 30 oz.,4,9/26/2013
19627,931,LL Road Tire,4,7/28/2013
19627,873,Patch Kit/8 Patches,4,7/28/2013
19627,922,Road Tire Tube,4,7/28/2013
19628,870,Water Bottle - 30 oz.,4,10/8/2013
19629,870,Water Bottle - 30 oz.,4,1/2/2014
19629,931,LL Road Tire,4,9/1/2013
"19629,707,""Sport-100 Helmet, Red"",4,1/2/2014"
19629,922,Road Tire Tube,4,9/1/2013
19630,872,Road Bottle Cage,4,10/25/2013
19630,870,Water Bottle - 30 oz.,4,10/25/2013
19630,922,Road Tire Tube,4,10/23/2013
19630,931,LL Road Tire,4,10/23/2013
19632,930,HL Mountain Tire,4,7/24/2013
19633,880,Hydration Pack - 70 oz.,4,11/15/2013
"19635,867,""Women's Mountain Shorts, S"",3,4/28/2014"
"19636,867,""Women's Mountain Shorts, S"",3,2/2/2014"
19637,712,AWC Logo Cap,3,1/23/2014
19639,870,Water Bottle - 30 oz.,4,7/17/2013
"19639,859,""Half-Finger Gloves, M"",3,7/17/2013"
19640,878,Fender Set - Mountain,4,2/13/2014
19640,876,Hitch Rack - 4-Bike,4,11/27/2013
19640,871,Mountain Bottle Cage,4,2/13/2014
19640,873,Patch Kit/8 Patches,4,6/27/2014
"19640,707,""Sport-100 Helmet, Red"",4,2/13/2014"
19640,922,Road Tire Tube,4,6/27/2014
19640,931,LL Road Tire,4,6/27/2014
19641,870,Water Bottle - 30 oz.,4,9/13/2013
19642,933,HL Road Tire,4,4/27/2014
"19642,707,""Sport-100 Helmet, Red"",4,9/20/2013"
19642,923,Touring Tire Tube,4,11/16/2013
19642,878,Fender Set - Mountain,4,9/20/2013
"19643,869,""Women's Mountain Shorts, L"",3,7/20/2013"
"19645,711,""Sport-100 Helmet, Blue"",4,11/21/2013"
"19645,708,""Sport-100 Helmet, Black"",4,9/4/2013"
"19645,859,""Half-Finger Gloves, M"",3,11/21/2013"
19645,921,Mountain Tire Tube,4,11/21/2013
19646,922,Road Tire Tube,4,4/6/2014
19646,878,Fender Set - Mountain,4,4/25/2014
19646,933,HL Road Tire,4,4/6/2014
"19646,866,""Classic Vest, L"",3,4/25/2014"
"19646,707,""Sport-100 Helmet, Red"",4,4/6/2014"
19647,922,Road Tire Tube,4,5/18/2014
19647,879,All-Purpose Bike Stand,4,5/18/2014
"19647,859,""Half-Finger Gloves, M"",3,10/29/2013"
19647,878,Fender Set - Mountain,4,10/29/2013
"19647,711,""Sport-100 Helmet, Blue"",4,10/10/2013"
19648,878,Fender Set - Mountain,4,1/21/2014
19648,923,Touring Tire Tube,4,10/11/2013
19648,922,Road Tire Tube,4,10/4/2013
19648,933,HL Road Tire,4,10/4/2013
"19649,868,""Women's Mountain Shorts, M"",3,2/25/2014"
19650,921,Mountain Tire Tube,4,5/17/2014
19650,930,HL Mountain Tire,4,5/17/2014
19651,929,ML Mountain Tire,4,6/7/2014
19651,878,Fender Set - Mountain,4,6/7/2014
19651,873,Patch Kit/8 Patches,4,6/7/2014
"19654,874,""Racing Socks, M"",3,11/29/2013"
"19655,716,""Long-Sleeve Logo Jersey, XL"",3,10/17/2013"
"19655,868,""Women's Mountain Shorts, M"",3,10/17/2013"
19656,712,AWC Logo Cap,3,1/29/2014
19657,921,Mountain Tire Tube,4,11/22/2013
19657,928,LL Mountain Tire,4,11/22/2013
19657,873,Patch Kit/8 Patches,4,11/22/2013
19659,870,Water Bottle - 30 oz.,4,11/16/2013
19659,873,Patch Kit/8 Patches,4,11/16/2013
"19660,716,""Long-Sleeve Logo Jersey, XL"",3,10/29/2013"
19661,873,Patch Kit/8 Patches,4,4/13/2014
19661,879,All-Purpose Bike Stand,4,4/13/2014
19661,921,Mountain Tire Tube,4,4/13/2014
"19662,884,""Short-Sleeve Classic Jersey, XL"",3,12/25/2013"
19664,712,AWC Logo Cap,3,5/24/2014
19667,930,HL Mountain Tire,4,4/21/2014
"19667,707,""Sport-100 Helmet, Red"",4,4/21/2014"
"19667,883,""Short-Sleeve Classic Jersey, L"",3,4/21/2014"
19667,878,Fender Set - Mountain,4,4/21/2014
"19668,869,""Women's Mountain Shorts, L"",3,5/20/2014"
"19669,869,""Women's Mountain Shorts, L"",3,11/24/2013"
19670,872,Road Bottle Cage,4,8/13/2013
19672,921,Mountain Tire Tube,4,3/24/2014
"19672,708,""Sport-100 Helmet, Black"",4,3/24/2014"
19673,930,HL Mountain Tire,4,1/24/2014
19674,930,HL Mountain Tire,4,3/3/2014
19674,921,Mountain Tire Tube,4,3/3/2014
19675,879,All-Purpose Bike Stand,4,2/10/2014
19675,921,Mountain Tire Tube,4,2/10/2014
"19676,882,""Short-Sleeve Classic Jersey, M"",3,10/20/2013"
19676,712,AWC Logo Cap,3,10/20/2013
19677,870,Water Bottle - 30 oz.,4,9/19/2013
"19681,707,""Sport-100 Helmet, Red"",4,12/15/2013"
19683,872,Road Bottle Cage,4,8/1/2013
19683,870,Water Bottle - 30 oz.,4,8/1/2013
19684,712,AWC Logo Cap,3,8/23/2013
"19685,875,""Racing Socks, L"",3,3/16/2014"
19687,873,Patch Kit/8 Patches,4,10/30/2013
"19688,868,""Women's Mountain Shorts, M"",3,12/9/2013"
"19689,716,""Long-Sleeve Logo Jersey, XL"",3,11/15/2013"
19689,878,Fender Set - Mountain,4,11/15/2013
19689,712,AWC Logo Cap,3,11/15/2013
19690,873,Patch Kit/8 Patches,4,11/4/2013
19690,921,Mountain Tire Tube,4,11/4/2013
19691,921,Mountain Tire Tube,4,11/1/2013
"19692,860,""Half-Finger Gloves, L"",3,11/2/2013"
19693,870,Water Bottle - 30 oz.,4,10/20/2013
"19693,708,""Sport-100 Helmet, Black"",4,10/20/2013"
19693,871,Mountain Bottle Cage,4,10/20/2013
"19695,859,""Half-Finger Gloves, M"",3,7/10/2013"
19696,921,Mountain Tire Tube,4,11/2/2013
19696,873,Patch Kit/8 Patches,4,11/2/2013
19698,928,LL Mountain Tire,4,11/18/2013
19698,873,Patch Kit/8 Patches,4,11/18/2013
"19699,867,""Women's Mountain Shorts, S"",3,3/15/2014"
"19700,869,""Women's Mountain Shorts, L"",3,1/30/2014"
"19701,707,""Sport-100 Helmet, Red"",4,8/22/2013"
19701,922,Road Tire Tube,4,8/22/2013
19704,870,Water Bottle - 30 oz.,4,12/26/2013
"19704,874,""Racing Socks, M"",3,12/26/2013"
19706,712,AWC Logo Cap,3,11/26/2013
19706,871,Mountain Bottle Cage,4,11/26/2013
"19706,881,""Short-Sleeve Classic Jersey, S"",3,11/26/2013"
19707,712,AWC Logo Cap,3,11/2/2013
"19709,711,""Sport-100 Helmet, Blue"",4,11/30/2013"
19709,876,Hitch Rack - 4-Bike,4,5/26/2014
19709,873,Patch Kit/8 Patches,4,5/26/2014
19709,921,Mountain Tire Tube,4,5/26/2014
19710,878,Fender Set - Mountain,4,4/21/2014
"19711,869,""Women's Mountain Shorts, L"",3,6/11/2014"
"19712,869,""Women's Mountain Shorts, L"",3,11/19/2013"
19713,712,AWC Logo Cap,3,7/4/2013
"19715,868,""Women's Mountain Shorts, M"",3,12/13/2013"
19717,877,Bike Wash - Dissolver,4,8/15/2013
19718,870,Water Bottle - 30 oz.,4,12/14/2013
19719,878,Fender Set - Mountain,4,12/3/2013
"19719,883,""Short-Sleeve Classic Jersey, L"",3,12/3/2013"
"19719,711,""Sport-100 Helmet, Blue"",4,12/3/2013"
"19720,869,""Women's Mountain Shorts, L"",3,1/7/2014"
19721,873,Patch Kit/8 Patches,4,12/15/2013
19722,878,Fender Set - Mountain,4,12/30/2013
"19725,707,""Sport-100 Helmet, Red"",4,8/20/2013"
19726,873,Patch Kit/8 Patches,4,7/17/2013
19726,929,ML Mountain Tire,4,7/17/2013
19726,878,Fender Set - Mountain,4,7/29/2013
"19728,869,""Women's Mountain Shorts, L"",3,7/31/2013"
19729,873,Patch Kit/8 Patches,4,11/15/2013
19729,921,Mountain Tire Tube,4,12/17/2013
"19730,860,""Half-Finger Gloves, L"",3,12/9/2013"
19730,870,Water Bottle - 30 oz.,4,12/9/2013
19730,871,Mountain Bottle Cage,4,12/9/2013
19731,712,AWC Logo Cap,3,5/6/2014
"19732,874,""Racing Socks, M"",3,10/2/2013"
"19734,869,""Women's Mountain Shorts, L"",3,3/29/2014"
19735,873,Patch Kit/8 Patches,4,12/13/2013
19735,928,LL Mountain Tire,4,12/13/2013
19736,871,Mountain Bottle Cage,4,12/15/2013
19736,870,Water Bottle - 30 oz.,4,12/15/2013
19736,880,Hydration Pack - 70 oz.,4,12/15/2013
19737,878,Fender Set - Mountain,4,12/25/2013
19738,921,Mountain Tire Tube,4,12/31/2013
19738,928,LL Mountain Tire,4,12/31/2013
19739,870,Water Bottle - 30 oz.,4,1/23/2014
"19739,708,""Sport-100 Helmet, Black"",4,1/23/2014"
19740,871,Mountain Bottle Cage,4,1/8/2014
"19740,711,""Sport-100 Helmet, Blue"",4,1/8/2014"
"19741,869,""Women's Mountain Shorts, L"",3,3/18/2014"
"19742,868,""Women's Mountain Shorts, M"",3,3/23/2014"
"19743,860,""Half-Finger Gloves, L"",3,9/10/2013"
"19744,713,""Long-Sleeve Logo Jersey, S"",3,9/29/2013"
"19747,869,""Women's Mountain Shorts, L"",3,7/31/2013"
"19747,860,""Half-Finger Gloves, L"",3,7/31/2013"
19749,876,Hitch Rack - 4-Bike,4,1/17/2014
19749,871,Mountain Bottle Cage,4,1/17/2014
19749,870,Water Bottle - 30 oz.,4,1/17/2014
19750,921,Mountain Tire Tube,4,3/18/2014
19750,929,ML Mountain Tire,4,3/18/2014
"19750,707,""Sport-100 Helmet, Red"",4,2/8/2014"
19751,929,ML Mountain Tire,4,10/17/2013
19751,873,Patch Kit/8 Patches,4,10/17/2013
19752,870,Water Bottle - 30 oz.,4,6/23/2014
"19754,869,""Women's Mountain Shorts, L"",3,3/23/2014"
19756,712,AWC Logo Cap,3,1/14/2014
19757,921,Mountain Tire Tube,4,1/29/2014
19757,929,ML Mountain Tire,4,11/8/2013
"19758,869,""Women's Mountain Shorts, L"",3,8/6/2013"
19759,712,AWC Logo Cap,3,10/29/2013
"19760,715,""Long-Sleeve Logo Jersey, L"",3,10/26/2013"
19760,712,AWC Logo Cap,3,10/26/2013
19761,870,Water Bottle - 30 oz.,4,5/14/2014
19761,877,Bike Wash - Dissolver,4,5/14/2014
19762,870,Water Bottle - 30 oz.,4,12/20/2013
"19762,874,""Racing Socks, M"",3,12/20/2013"
19764,870,Water Bottle - 30 oz.,4,8/14/2013
19765,872,Road Bottle Cage,4,6/1/2013
19766,872,Road Bottle Cage,4,7/13/2013
19766,870,Water Bottle - 30 oz.,4,7/13/2013
"19767,867,""Women's Mountain Shorts, S"",3,3/9/2014"
19768,870,Water Bottle - 30 oz.,4,9/21/2013
19768,712,AWC Logo Cap,3,9/21/2013
19771,870,Water Bottle - 30 oz.,4,7/9/2013
19771,872,Road Bottle Cage,4,7/9/2013
"19774,858,""Half-Finger Gloves, S"",3,8/3/2013"
"19774,882,""Short-Sleeve Classic Jersey, M"",3,8/3/2013"
19775,712,AWC Logo Cap,3,9/5/2013
"19776,868,""Women's Mountain Shorts, M"",3,11/6/2013"
"19777,715,""Long-Sleeve Logo Jersey, L"",3,12/28/2013"
19780,870,Water Bottle - 30 oz.,4,1/28/2014
"19780,708,""Sport-100 Helmet, Black"",4,1/28/2014"
19781,929,ML Mountain Tire,4,10/21/2013
"19781,875,""Racing Socks, L"",3,10/21/2013"
19781,873,Patch Kit/8 Patches,4,7/3/2013
"19782,883,""Short-Sleeve Classic Jersey, L"",3,10/5/2013"
19782,872,Road Bottle Cage,4,10/5/2013
19789,933,HL Road Tire,4,9/30/2013
"19790,884,""Short-Sleeve Classic Jersey, XL"",3,10/24/2013"
19790,872,Road Bottle Cage,4,10/24/2013
19791,933,HL Road Tire,4,10/2/2013
"19794,882,""Short-Sleeve Classic Jersey, M"",3,10/21/2013"
19794,872,Road Bottle Cage,4,10/21/2013
19794,870,Water Bottle - 30 oz.,4,10/21/2013
19795,712,AWC Logo Cap,3,10/18/2013
19795,870,Water Bottle - 30 oz.,4,10/18/2013
19796,872,Road Bottle Cage,4,7/28/2013
"19796,707,""Sport-100 Helmet, Red"",4,6/14/2014"
"19796,860,""Half-Finger Gloves, L"",3,6/14/2014"
19796,870,Water Bottle - 30 oz.,4,7/28/2013
"19798,708,""Sport-100 Helmet, Black"",4,7/27/2013"
19798,872,Road Bottle Cage,4,3/5/2014
19798,870,Water Bottle - 30 oz.,4,3/5/2014
19798,922,Road Tire Tube,4,7/27/2013
"19799,874,""Racing Socks, M"",3,3/8/2014"
"19801,713,""Long-Sleeve Logo Jersey, S"",3,2/21/2014"
"19801,707,""Sport-100 Helmet, Red"",4,2/21/2014"
19801,871,Mountain Bottle Cage,4,12/15/2013
"19801,860,""Half-Finger Gloves, L"",3,11/24/2013"
19801,878,Fender Set - Mountain,4,12/15/2013
19801,933,HL Road Tire,4,11/24/2013
19801,923,Touring Tire Tube,4,2/21/2014
"19804,869,""Women's Mountain Shorts, L"",3,1/1/2014"
"19806,868,""Women's Mountain Shorts, M"",3,1/26/2014"
19807,870,Water Bottle - 30 oz.,4,4/25/2014
19807,872,Road Bottle Cage,4,4/25/2014
"19810,869,""Women's Mountain Shorts, L"",3,4/13/2014"
19812,870,Water Bottle - 30 oz.,4,1/27/2014
19812,871,Mountain Bottle Cage,4,1/27/2014
19815,873,Patch Kit/8 Patches,4,2/22/2014
19815,921,Mountain Tire Tube,4,2/22/2014
"19816,869,""Women's Mountain Shorts, L"",3,2/11/2014"
"19817,875,""Racing Socks, L"",3,3/17/2014"
"19817,711,""Sport-100 Helmet, Blue"",4,3/17/2014"
19817,929,ML Mountain Tire,4,3/17/2014
19817,921,Mountain Tire Tube,4,3/17/2014
"19818,875,""Racing Socks, L"",3,1/17/2014"
"19819,868,""Women's Mountain Shorts, M"",3,3/26/2014"
19822,878,Fender Set - Mountain,4,11/29/2013
19822,870,Water Bottle - 30 oz.,4,11/29/2013
19823,878,Fender Set - Mountain,4,5/5/2014
19824,921,Mountain Tire Tube,4,2/7/2014
"19824,860,""Half-Finger Gloves, L"",3,2/7/2014"
19824,928,LL Mountain Tire,4,2/7/2014
19826,878,Fender Set - Mountain,4,7/14/2013
19829,932,ML Road Tire,4,12/27/2013
19829,922,Road Tire Tube,4,12/27/2013
19830,870,Water Bottle - 30 oz.,4,4/3/2014
19830,878,Fender Set - Mountain,4,4/3/2014
19830,712,AWC Logo Cap,3,4/3/2014
"19830,716,""Long-Sleeve Logo Jersey, XL"",3,4/3/2014"
19831,870,Water Bottle - 30 oz.,4,2/11/2014
"19834,867,""Women's Mountain Shorts, S"",3,11/15/2013"
"19835,867,""Women's Mountain Shorts, S"",3,5/19/2014"
19836,929,ML Mountain Tire,4,8/18/2013
"19836,707,""Sport-100 Helmet, Red"",4,3/29/2014"
19836,921,Mountain Tire Tube,4,3/29/2014
19838,928,LL Mountain Tire,4,2/3/2014
19838,921,Mountain Tire Tube,4,2/3/2014
"19839,708,""Sport-100 Helmet, Black"",4,9/16/2013"
19839,929,ML Mountain Tire,4,9/16/2013
19839,921,Mountain Tire Tube,4,2/25/2014
"19840,868,""Women's Mountain Shorts, M"",3,5/30/2014"
19841,871,Mountain Bottle Cage,4,2/20/2014
"19841,860,""Half-Finger Gloves, L"",3,2/20/2014"
19842,873,Patch Kit/8 Patches,4,3/30/2014
19844,870,Water Bottle - 30 oz.,4,4/10/2014
"19844,711,""Sport-100 Helmet, Blue"",4,4/10/2014"
"19844,882,""Short-Sleeve Classic Jersey, M"",3,4/10/2014"
19844,712,AWC Logo Cap,3,4/10/2014
19845,870,Water Bottle - 30 oz.,4,3/13/2014
"19845,708,""Sport-100 Helmet, Black"",4,3/13/2014"
"19845,716,""Long-Sleeve Logo Jersey, XL"",3,3/13/2014"
"19848,882,""Short-Sleeve Classic Jersey, M"",3,5/22/2014"
19849,873,Patch Kit/8 Patches,4,9/23/2013
"19850,715,""Long-Sleeve Logo Jersey, L"",3,5/25/2014"
"19851,881,""Short-Sleeve Classic Jersey, S"",3,11/2/2013"
"19853,713,""Long-Sleeve Logo Jersey, S"",3,3/13/2014"
19854,871,Mountain Bottle Cage,4,3/3/2014
19855,870,Water Bottle - 30 oz.,4,4/23/2014
"19856,860,""Half-Finger Gloves, L"",3,10/31/2013"
"19856,869,""Women's Mountain Shorts, L"",3,10/31/2013"
"19858,859,""Half-Finger Gloves, M"",3,5/5/2014"
"19860,868,""Women's Mountain Shorts, M"",3,7/29/2013"
"19860,881,""Short-Sleeve Classic Jersey, S"",3,7/29/2013"
19861,712,AWC Logo Cap,3,11/12/2013
19862,929,ML Mountain Tire,4,12/17/2013
"19862,865,""Classic Vest, M"",3,12/17/2013"
"19868,716,""Long-Sleeve Logo Jersey, XL"",3,3/29/2014"
"19869,884,""Short-Sleeve Classic Jersey, XL"",3,3/14/2014"
19869,870,Water Bottle - 30 oz.,4,3/14/2014
19870,921,Mountain Tire Tube,4,5/9/2014
19870,873,Patch Kit/8 Patches,4,5/9/2014
"19870,711,""Sport-100 Helmet, Blue"",4,8/29/2013"
19872,921,Mountain Tire Tube,4,6/19/2014
19873,921,Mountain Tire Tube,4,9/7/2013
"19874,711,""Sport-100 Helmet, Blue"",4,12/9/2013"
19874,872,Road Bottle Cage,4,12/9/2013
19875,932,ML Road Tire,4,9/24/2013
19875,922,Road Tire Tube,4,9/24/2013
"19876,875,""Racing Socks, L"",3,12/1/2013"
"19881,869,""Women's Mountain Shorts, L"",3,8/29/2013"
"19882,881,""Short-Sleeve Classic Jersey, S"",3,12/14/2013"
19884,870,Water Bottle - 30 oz.,4,12/24/2013
19884,872,Road Bottle Cage,4,12/24/2013
"19885,868,""Women's Mountain Shorts, M"",3,5/31/2014"
"19886,867,""Women's Mountain Shorts, S"",3,9/12/2013"
19887,712,AWC Logo Cap,3,5/20/2014
"19888,714,""Long-Sleeve Logo Jersey, M"",3,12/24/2013"
"19890,715,""Long-Sleeve Logo Jersey, L"",3,12/17/2013"
"19893,715,""Long-Sleeve Logo Jersey, L"",3,6/30/2014"
"19895,713,""Long-Sleeve Logo Jersey, S"",3,6/16/2014"
19895,712,AWC Logo Cap,3,6/16/2014
"19897,707,""Sport-100 Helmet, Red"",4,4/21/2014"
19898,932,ML Road Tire,4,5/22/2014
"19899,711,""Sport-100 Helmet, Blue"",4,3/29/2014"
19899,871,Mountain Bottle Cage,4,3/29/2014
19900,932,ML Road Tire,4,1/27/2014
"19903,707,""Sport-100 Helmet, Red"",4,4/16/2014"
19903,870,Water Bottle - 30 oz.,4,4/16/2014
19903,871,Mountain Bottle Cage,4,4/16/2014
19904,873,Patch Kit/8 Patches,4,3/11/2014
19905,921,Mountain Tire Tube,4,4/3/2014
19906,921,Mountain Tire Tube,4,1/9/2014
19907,921,Mountain Tire Tube,4,3/6/2014
19907,928,LL Mountain Tire,4,3/6/2014
19908,928,LL Mountain Tire,4,5/26/2014
19909,932,ML Road Tire,4,10/30/2013
19909,922,Road Tire Tube,4,10/30/2013
19910,878,Fender Set - Mountain,4,3/9/2014
19911,871,Mountain Bottle Cage,4,4/9/2014
19912,878,Fender Set - Mountain,4,4/27/2014
"19912,716,""Long-Sleeve Logo Jersey, XL"",3,4/27/2014"
19913,932,ML Road Tire,4,7/28/2013
19914,922,Road Tire Tube,4,11/14/2013
19914,932,ML Road Tire,4,11/14/2013
19915,922,Road Tire Tube,4,6/19/2014
"19915,714,""Long-Sleeve Logo Jersey, M"",3,6/19/2014"
19916,870,Water Bottle - 30 oz.,4,4/18/2014
19916,871,Mountain Bottle Cage,4,4/18/2014
19916,712,AWC Logo Cap,3,4/18/2014
19917,930,HL Mountain Tire,4,4/10/2014
"19917,875,""Racing Socks, L"",3,4/10/2014"
19918,871,Mountain Bottle Cage,4,5/30/2014
19920,932,ML Road Tire,4,7/22/2013
19920,712,AWC Logo Cap,3,7/22/2013
19920,922,Road Tire Tube,4,7/22/2013
19921,922,Road Tire Tube,4,9/13/2013
19921,932,ML Road Tire,4,9/13/2013
"19924,707,""Sport-100 Helmet, Red"",4,3/24/2014"
"19924,875,""Racing Socks, L"",3,3/24/2014"
19925,712,AWC Logo Cap,3,12/8/2013
19925,932,ML Road Tire,4,12/8/2013
"19926,711,""Sport-100 Helmet, Blue"",4,9/6/2013"
19929,932,ML Road Tire,4,8/30/2013
"19929,707,""Sport-100 Helmet, Red"",4,8/30/2013"
19930,930,HL Mountain Tire,4,4/27/2014
19931,870,Water Bottle - 30 oz.,4,4/10/2014
19931,871,Mountain Bottle Cage,4,4/10/2014
19934,932,ML Road Tire,4,10/14/2013
"19934,859,""Half-Finger Gloves, M"",3,10/14/2013"
"19934,707,""Sport-100 Helmet, Red"",4,10/14/2013"
"19934,713,""Long-Sleeve Logo Jersey, S"",3,10/14/2013"
"19935,881,""Short-Sleeve Classic Jersey, S"",3,1/17/2014"
19935,922,Road Tire Tube,4,1/17/2014
19936,932,ML Road Tire,4,5/29/2014
19937,922,Road Tire Tube,4,6/6/2014
19937,932,ML Road Tire,4,6/6/2014
19937,712,AWC Logo Cap,3,6/6/2014
19939,921,Mountain Tire Tube,4,5/11/2014
19939,712,AWC Logo Cap,3,5/11/2014
19941,921,Mountain Tire Tube,4,5/8/2014
19941,712,AWC Logo Cap,3,5/8/2014
19941,930,HL Mountain Tire,4,5/8/2014
19942,871,Mountain Bottle Cage,4,5/21/2014
"19946,707,""Sport-100 Helmet, Red"",4,9/15/2013"
19946,878,Fender Set - Mountain,4,9/15/2013
19946,928,LL Mountain Tire,4,9/15/2013
19947,873,Patch Kit/8 Patches,4,10/12/2013
19950,880,Hydration Pack - 70 oz.,4,11/18/2013
19950,870,Water Bottle - 30 oz.,4,11/18/2013
19950,872,Road Bottle Cage,4,11/18/2013
19952,931,LL Road Tire,4,8/6/2013
19952,870,Water Bottle - 30 oz.,4,5/11/2014
19952,922,Road Tire Tube,4,8/6/2013
19953,922,Road Tire Tube,4,10/14/2013
19953,931,LL Road Tire,4,10/14/2013
19953,870,Water Bottle - 30 oz.,4,6/8/2014
19953,872,Road Bottle Cage,4,6/8/2014
19954,931,LL Road Tire,4,7/10/2013
19954,870,Water Bottle - 30 oz.,4,11/15/2013
"19954,707,""Sport-100 Helmet, Red"",4,7/10/2013"
19954,922,Road Tire Tube,4,7/10/2013
19955,870,Water Bottle - 30 oz.,4,1/25/2014
19955,712,AWC Logo Cap,3,1/25/2014
19955,872,Road Bottle Cage,4,1/25/2014
19955,876,Hitch Rack - 4-Bike,4,1/25/2014
19956,922,Road Tire Tube,4,11/25/2013
19956,873,Patch Kit/8 Patches,4,11/25/2013
19957,870,Water Bottle - 30 oz.,4,11/15/2013
19958,933,HL Road Tire,4,11/28/2013
"19960,864,""Classic Vest, S"",3,11/14/2013"
19961,931,LL Road Tire,4,5/10/2014
"19961,866,""Classic Vest, L"",3,5/10/2014"
19961,922,Road Tire Tube,4,5/10/2014
19962,872,Road Bottle Cage,4,9/22/2013
19962,873,Patch Kit/8 Patches,4,9/22/2013
19962,870,Water Bottle - 30 oz.,4,9/22/2013
19962,931,LL Road Tire,4,12/19/2013
"19969,884,""Short-Sleeve Classic Jersey, XL"",3,7/2/2013"
19969,872,Road Bottle Cage,4,7/2/2013
19969,931,LL Road Tire,4,11/6/2013
19969,870,Water Bottle - 30 oz.,4,7/2/2013
19970,870,Water Bottle - 30 oz.,4,11/26/2013
"19970,865,""Classic Vest, M"",3,11/26/2013"
19972,870,Water Bottle - 30 oz.,4,3/6/2014
19972,931,LL Road Tire,4,12/30/2013
19972,873,Patch Kit/8 Patches,4,12/30/2013
19972,877,Bike Wash - Dissolver,4,12/30/2013
19973,870,Water Bottle - 30 oz.,4,8/25/2013
"19973,875,""Racing Socks, L"",3,8/25/2013"
19973,922,Road Tire Tube,4,2/6/2014
19973,872,Road Bottle Cage,4,8/25/2013
19976,872,Road Bottle Cage,4,10/26/2013
19976,922,Road Tire Tube,4,11/29/2013
19976,931,LL Road Tire,4,11/29/2013
19976,873,Patch Kit/8 Patches,4,11/29/2013
19977,712,AWC Logo Cap,3,10/30/2013
19977,870,Water Bottle - 30 oz.,4,10/30/2013
19978,873,Patch Kit/8 Patches,4,11/10/2013
19978,922,Road Tire Tube,4,11/10/2013
19979,870,Water Bottle - 30 oz.,4,11/22/2013
19979,880,Hydration Pack - 70 oz.,4,11/22/2013
"19980,869,""Women's Mountain Shorts, L"",3,6/18/2014"
19982,870,Water Bottle - 30 oz.,4,4/13/2014
19982,871,Mountain Bottle Cage,4,4/13/2014
19984,712,AWC Logo Cap,3,9/26/2013
19986,870,Water Bottle - 30 oz.,4,9/2/2013
19986,880,Hydration Pack - 70 oz.,4,9/2/2013
19987,872,Road Bottle Cage,4,12/3/2013
19987,870,Water Bottle - 30 oz.,4,12/3/2013
"19991,711,""Sport-100 Helmet, Blue"",4,4/17/2014"
19993,870,Water Bottle - 30 oz.,4,9/6/2013
19993,872,Road Bottle Cage,4,9/6/2013
19999,873,Patch Kit/8 Patches,4,9/1/2013
20002,870,Water Bottle - 30 oz.,4,5/11/2014
20002,871,Mountain Bottle Cage,4,5/11/2014
20003,870,Water Bottle - 30 oz.,4,5/17/2014
"20004,708,""Sport-100 Helmet, Black"",4,5/12/2014"
20004,871,Mountain Bottle Cage,4,5/12/2014
"20005,875,""Racing Socks, L"",3,10/16/2013"
20005,870,Water Bottle - 30 oz.,4,10/16/2013
"20009,708,""Sport-100 Helmet, Black"",4,10/7/2013"
20009,932,ML Road Tire,4,10/7/2013
20012,870,Water Bottle - 30 oz.,4,5/10/2014
"20014,868,""Women's Mountain Shorts, M"",3,8/28/2013"
"20016,869,""Women's Mountain Shorts, L"",3,1/11/2014"
20016,712,AWC Logo Cap,3,1/11/2014
"20017,868,""Women's Mountain Shorts, M"",3,5/27/2014"
"20019,715,""Long-Sleeve Logo Jersey, L"",3,2/4/2014"
20019,712,AWC Logo Cap,3,2/4/2014
20020,712,AWC Logo Cap,3,3/6/2014
"20021,875,""Racing Socks, L"",3,5/21/2014"
"20021,714,""Long-Sleeve Logo Jersey, M"",3,5/21/2014"
"20022,716,""Long-Sleeve Logo Jersey, XL"",3,3/9/2014"
"20025,859,""Half-Finger Gloves, M"",3,4/12/2014"
"20026,864,""Classic Vest, S"",3,10/20/2013"
20026,922,Road Tire Tube,4,10/20/2013
"20027,867,""Women's Mountain Shorts, S"",3,4/4/2014"
20033,873,Patch Kit/8 Patches,4,5/11/2014
20034,921,Mountain Tire Tube,4,4/24/2014
"20034,708,""Sport-100 Helmet, Black"",4,4/24/2014"
20036,873,Patch Kit/8 Patches,4,6/18/2013
20036,879,All-Purpose Bike Stand,4,6/18/2013
20036,870,Water Bottle - 30 oz.,4,6/18/2013
20037,933,HL Road Tire,4,6/29/2013
20039,870,Water Bottle - 30 oz.,4,6/20/2013
20041,712,AWC Logo Cap,3,9/24/2013
20043,929,ML Mountain Tire,4,5/27/2014
"20045,707,""Sport-100 Helmet, Red"",4,9/3/2013"
"20046,716,""Long-Sleeve Logo Jersey, XL"",3,10/29/2013"
20046,870,Water Bottle - 30 oz.,4,10/29/2013
20046,878,Fender Set - Mountain,4,10/29/2013
20046,928,LL Mountain Tire,4,10/29/2013
"20046,708,""Sport-100 Helmet, Black"",4,10/29/2013"
20050,922,Road Tire Tube,4,7/4/2013
"20051,714,""Long-Sleeve Logo Jersey, M"",3,5/14/2014"
"20051,859,""Half-Finger Gloves, M"",3,5/14/2014"
20051,930,HL Mountain Tire,4,5/14/2014
20051,878,Fender Set - Mountain,4,5/14/2014
20052,933,HL Road Tire,4,8/19/2013
"20052,711,""Sport-100 Helmet, Blue"",4,8/19/2013"
20053,873,Patch Kit/8 Patches,4,11/25/2013
20053,923,Touring Tire Tube,4,11/25/2013
20054,879,All-Purpose Bike Stand,4,9/11/2013
20054,922,Road Tire Tube,4,9/11/2013
"20055,882,""Short-Sleeve Classic Jersey, M"",3,11/26/2013"
20055,922,Road Tire Tube,4,11/26/2013
20056,929,ML Mountain Tire,4,4/23/2014
"20056,707,""Sport-100 Helmet, Red"",4,4/23/2014"
"20056,859,""Half-Finger Gloves, M"",3,4/23/2014"
20056,921,Mountain Tire Tube,4,4/23/2014
"20057,708,""Sport-100 Helmet, Black"",4,2/10/2014"
20057,922,Road Tire Tube,4,2/10/2014
20058,873,Patch Kit/8 Patches,4,10/31/2013
20058,922,Road Tire Tube,4,10/31/2013
"20062,713,""Long-Sleeve Logo Jersey, S"",3,8/30/2013"
20062,712,AWC Logo Cap,3,8/30/2013
"20063,708,""Sport-100 Helmet, Black"",4,5/11/2014"
20063,921,Mountain Tire Tube,4,5/11/2014
20064,922,Road Tire Tube,4,11/18/2013
"20070,707,""Sport-100 Helmet, Red"",4,12/22/2013"
"20071,875,""Racing Socks, L"",3,8/3/2013"
20074,872,Road Bottle Cage,4,3/18/2014
"20074,708,""Sport-100 Helmet, Black"",4,3/18/2014"
20076,872,Road Bottle Cage,4,4/23/2014
20077,880,Hydration Pack - 70 oz.,4,4/3/2014
"20077,859,""Half-Finger Gloves, M"",3,4/3/2014"
20077,870,Water Bottle - 30 oz.,4,4/3/2014
"20078,707,""Sport-100 Helmet, Red"",4,4/23/2014"
20081,870,Water Bottle - 30 oz.,4,3/17/2014
20082,933,HL Road Tire,4,6/10/2014
20082,922,Road Tire Tube,4,6/10/2014
20082,878,Fender Set - Mountain,4,12/20/2013
"20082,874,""Racing Socks, M"",3,6/10/2014"
"20083,711,""Sport-100 Helmet, Blue"",4,4/6/2014"
20084,933,HL Road Tire,4,10/23/2013
20084,922,Road Tire Tube,4,10/23/2013
20084,878,Fender Set - Mountain,4,5/1/2014
20085,878,Fender Set - Mountain,4,11/18/2013
20085,877,Bike Wash - Dissolver,4,1/20/2014
20085,922,Road Tire Tube,4,1/20/2014
20085,873,Patch Kit/8 Patches,4,1/20/2014
"20086,708,""Sport-100 Helmet, Black"",4,8/18/2013"
"20086,707,""Sport-100 Helmet, Red"",4,10/22/2013"
20086,878,Fender Set - Mountain,4,8/18/2013
20086,933,HL Road Tire,4,10/22/2013
20087,873,Patch Kit/8 Patches,4,6/6/2014
20087,878,Fender Set - Mountain,4,11/14/2013
"20087,865,""Classic Vest, M"",3,11/14/2013"
20091,712,AWC Logo Cap,3,4/23/2014
20091,870,Water Bottle - 30 oz.,4,4/23/2014
20092,922,Road Tire Tube,4,10/26/2013
"20093,708,""Sport-100 Helmet, Black"",4,10/4/2013"
20094,712,AWC Logo Cap,3,1/7/2014
20095,880,Hydration Pack - 70 oz.,4,2/6/2014
"20096,858,""Half-Finger Gloves, S"",3,12/20/2013"
20096,878,Fender Set - Mountain,4,5/21/2014
"20098,864,""Classic Vest, S"",3,3/21/2014"
20100,870,Water Bottle - 30 oz.,4,5/21/2014
20101,880,Hydration Pack - 70 oz.,4,4/15/2014
20101,870,Water Bottle - 30 oz.,4,4/15/2014
20102,870,Water Bottle - 30 oz.,4,2/14/2014
"20103,866,""Classic Vest, L"",3,10/4/2013"
20103,921,Mountain Tire Tube,4,10/4/2013
20104,871,Mountain Bottle Cage,4,7/30/2013
20104,870,Water Bottle - 30 oz.,4,7/30/2013
20104,928,LL Mountain Tire,4,7/15/2013
20104,873,Patch Kit/8 Patches,4,7/30/2013
20105,712,AWC Logo Cap,3,1/20/2014
20105,880,Hydration Pack - 70 oz.,4,1/20/2014
"20106,716,""Long-Sleeve Logo Jersey, XL"",3,11/9/2013"
20106,928,LL Mountain Tire,4,9/30/2013
20106,878,Fender Set - Mountain,4,11/9/2013
"20111,707,""Sport-100 Helmet, Red"",4,11/3/2013"
20111,870,Water Bottle - 30 oz.,4,11/3/2013
"20112,868,""Women's Mountain Shorts, M"",3,3/22/2014"
"20114,875,""Racing Socks, L"",3,10/31/2013"
"20115,714,""Long-Sleeve Logo Jersey, M"",3,8/3/2013"
"20116,716,""Long-Sleeve Logo Jersey, XL"",3,8/4/2013"
20117,712,AWC Logo Cap,3,8/26/2013
"20120,715,""Long-Sleeve Logo Jersey, L"",3,9/9/2013"
20122,712,AWC Logo Cap,3,4/14/2014
"20122,867,""Women's Mountain Shorts, S"",3,4/14/2014"
"20123,868,""Women's Mountain Shorts, M"",3,3/12/2014"
20123,712,AWC Logo Cap,3,3/12/2014
"20125,869,""Women's Mountain Shorts, L"",3,10/29/2013"
"20128,869,""Women's Mountain Shorts, L"",3,12/11/2013"
"20129,715,""Long-Sleeve Logo Jersey, L"",3,9/4/2013"
"20131,711,""Sport-100 Helmet, Blue"",4,5/28/2014"
20132,929,ML Mountain Tire,4,11/10/2013
20132,921,Mountain Tire Tube,4,11/10/2013
20133,922,Road Tire Tube,4,12/4/2013
20134,876,Hitch Rack - 4-Bike,4,6/28/2014
20134,932,ML Road Tire,4,6/28/2014
20135,929,ML Mountain Tire,4,12/1/2013
"20135,707,""Sport-100 Helmet, Red"",4,12/1/2013"
20136,932,ML Road Tire,4,6/6/2014
20137,929,ML Mountain Tire,4,5/8/2014
"20137,707,""Sport-100 Helmet, Red"",4,5/8/2014"
20137,712,AWC Logo Cap,3,5/8/2014
"20138,711,""Sport-100 Helmet, Blue"",4,7/9/2013"
20138,921,Mountain Tire Tube,4,7/9/2013
"20138,715,""Long-Sleeve Logo Jersey, L"",3,7/9/2013"
20143,929,ML Mountain Tire,4,12/28/2013
"20144,866,""Classic Vest, L"",3,5/31/2014"
20144,878,Fender Set - Mountain,4,5/31/2014
20144,929,ML Mountain Tire,4,5/31/2014
20145,932,ML Road Tire,4,12/12/2013
"20145,711,""Sport-100 Helmet, Blue"",4,12/12/2013"
20147,932,ML Road Tire,4,11/19/2013
20147,922,Road Tire Tube,4,11/19/2013
20148,922,Road Tire Tube,4,8/16/2013
20149,872,Road Bottle Cage,4,1/6/2014
20149,712,AWC Logo Cap,3,1/6/2014
"20150,708,""Sport-100 Helmet, Black"",4,9/7/2013"
20150,922,Road Tire Tube,4,9/7/2013
20150,933,HL Road Tire,4,9/7/2013
20151,931,LL Road Tire,4,7/28/2013
"20151,875,""Racing Socks, L"",3,7/28/2013"
20153,870,Water Bottle - 30 oz.,4,12/30/2013
20155,870,Water Bottle - 30 oz.,4,11/29/2013
20159,870,Water Bottle - 30 oz.,4,7/10/2013
20159,872,Road Bottle Cage,4,7/10/2013
20160,880,Hydration Pack - 70 oz.,4,7/25/2013
20160,872,Road Bottle Cage,4,7/25/2013
"20160,713,""Long-Sleeve Logo Jersey, S"",3,7/25/2013"
"20161,711,""Sport-100 Helmet, Blue"",4,11/26/2013"
"20162,883,""Short-Sleeve Classic Jersey, L"",3,9/10/2013"
20165,870,Water Bottle - 30 oz.,4,2/7/2014
"20165,708,""Sport-100 Helmet, Black"",4,2/7/2014"
"20166,708,""Sport-100 Helmet, Black"",4,9/5/2013"
20166,932,ML Road Tire,4,9/5/2013
20168,929,ML Mountain Tire,4,6/2/2014
20169,929,ML Mountain Tire,4,6/27/2014
"20169,707,""Sport-100 Helmet, Red"",4,6/27/2014"
20169,921,Mountain Tire Tube,4,6/27/2014
20173,933,HL Road Tire,4,9/14/2013
20173,922,Road Tire Tube,4,9/14/2013
"20175,711,""Sport-100 Helmet, Blue"",4,12/9/2013"
"20175,714,""Long-Sleeve Logo Jersey, M"",3,12/9/2013"
20176,873,Patch Kit/8 Patches,4,3/3/2014
20177,922,Road Tire Tube,4,11/11/2013
20180,933,HL Road Tire,4,6/3/2013
20180,922,Road Tire Tube,4,6/3/2013
"20184,867,""Women's Mountain Shorts, S"",3,9/26/2013"
"20187,708,""Sport-100 Helmet, Black"",4,11/16/2013"
20190,932,ML Road Tire,4,11/20/2013
20190,712,AWC Logo Cap,3,11/20/2013
20191,872,Road Bottle Cage,4,11/28/2013
20191,712,AWC Logo Cap,3,11/28/2013
"20199,707,""Sport-100 Helmet, Red"",4,7/23/2013"
20200,922,Road Tire Tube,4,6/30/2013
"20201,866,""Classic Vest, L"",3,6/30/2014"
20202,871,Mountain Bottle Cage,4,5/10/2014
20202,712,AWC Logo Cap,3,5/10/2014
20202,870,Water Bottle - 30 oz.,4,5/10/2014
"20203,867,""Women's Mountain Shorts, S"",3,2/22/2014"
20205,922,Road Tire Tube,4,11/12/2013
20205,932,ML Road Tire,4,11/12/2013
20207,872,Road Bottle Cage,4,11/12/2013
20209,870,Water Bottle - 30 oz.,4,3/12/2014
20209,872,Road Bottle Cage,4,3/12/2014
"20209,707,""Sport-100 Helmet, Red"",4,3/12/2014"
"20212,882,""Short-Sleeve Classic Jersey, M"",3,5/17/2014"
20212,870,Water Bottle - 30 oz.,4,5/17/2014
20212,931,LL Road Tire,4,10/20/2013
20212,872,Road Bottle Cage,4,5/17/2014
"20216,708,""Sport-100 Helmet, Black"",4,11/4/2013"
"20217,883,""Short-Sleeve Classic Jersey, L"",3,11/4/2013"
20217,872,Road Bottle Cage,4,11/4/2013
20218,922,Road Tire Tube,4,9/24/2013
20218,877,Bike Wash - Dissolver,4,10/3/2013
20218,880,Hydration Pack - 70 oz.,4,10/3/2013
20218,931,LL Road Tire,4,9/24/2013
20218,870,Water Bottle - 30 oz.,4,10/3/2013
20219,872,Road Bottle Cage,4,10/31/2013
20219,712,AWC Logo Cap,3,10/31/2013
20220,873,Patch Kit/8 Patches,4,11/6/2013
20220,933,HL Road Tire,4,11/6/2013
20221,872,Road Bottle Cage,4,11/15/2013
20222,870,Water Bottle - 30 oz.,4,11/7/2013
20222,931,LL Road Tire,4,5/20/2014
"20222,707,""Sport-100 Helmet, Red"",4,5/20/2014"
20222,922,Road Tire Tube,4,5/20/2014
20223,877,Bike Wash - Dissolver,4,4/7/2014
"20223,714,""Long-Sleeve Logo Jersey, M"",3,5/30/2014"
"20223,708,""Sport-100 Helmet, Black"",4,5/30/2014"
20223,872,Road Bottle Cage,4,5/30/2014
20223,870,Water Bottle - 30 oz.,4,5/30/2014
20223,880,Hydration Pack - 70 oz.,4,4/7/2014
20224,931,LL Road Tire,4,3/5/2014
20224,872,Road Bottle Cage,4,3/7/2014
20224,712,AWC Logo Cap,3,3/5/2014
20226,922,Road Tire Tube,4,11/5/2013
20226,933,HL Road Tire,4,11/5/2013
"20228,711,""Sport-100 Helmet, Blue"",4,10/30/2013"
20228,933,HL Road Tire,4,10/30/2013
20229,921,Mountain Tire Tube,4,1/19/2014
"20229,708,""Sport-100 Helmet, Black"",4,1/19/2014"
20230,873,Patch Kit/8 Patches,4,11/13/2013
"20231,708,""Sport-100 Helmet, Black"",4,10/23/2013"
20231,931,LL Road Tire,4,10/23/2013
20232,921,Mountain Tire Tube,4,11/13/2013
20232,878,Fender Set - Mountain,4,11/13/2013
20232,929,ML Mountain Tire,4,11/13/2013
20233,921,Mountain Tire Tube,4,10/3/2013
20233,929,ML Mountain Tire,4,10/3/2013
20234,929,ML Mountain Tire,4,7/26/2013
20235,929,ML Mountain Tire,4,5/15/2014
20239,933,HL Road Tire,4,11/19/2013
20239,922,Road Tire Tube,4,11/19/2013
20240,929,ML Mountain Tire,4,3/18/2014
20240,878,Fender Set - Mountain,4,3/18/2014
20241,872,Road Bottle Cage,4,12/20/2013
"20241,882,""Short-Sleeve Classic Jersey, M"",3,12/20/2013"
20242,873,Patch Kit/8 Patches,4,11/13/2013
20242,933,HL Road Tire,4,11/13/2013
20242,922,Road Tire Tube,4,11/13/2013
20243,922,Road Tire Tube,4,10/22/2013
20243,931,LL Road Tire,4,10/22/2013
20245,870,Water Bottle - 30 oz.,4,12/21/2013
"20245,714,""Long-Sleeve Logo Jersey, M"",3,12/21/2013"
20246,872,Road Bottle Cage,4,11/30/2013
"20248,708,""Sport-100 Helmet, Black"",4,5/28/2014"
20248,921,Mountain Tire Tube,4,5/28/2014
20250,929,ML Mountain Tire,4,9/18/2013
20250,921,Mountain Tire Tube,4,9/18/2013
"20251,859,""Half-Finger Gloves, M"",3,9/22/2013"
20251,929,ML Mountain Tire,4,9/22/2013
"20252,711,""Sport-100 Helmet, Blue"",4,2/1/2014"
20252,921,Mountain Tire Tube,4,2/1/2014
20253,872,Road Bottle Cage,4,12/26/2013
"20254,708,""Sport-100 Helmet, Black"",4,2/16/2014"
20254,931,LL Road Tire,4,2/16/2014
"20255,882,""Short-Sleeve Classic Jersey, M"",3,7/13/2013"
20262,922,Road Tire Tube,4,12/1/2013
20262,931,LL Road Tire,4,12/1/2013
20265,929,ML Mountain Tire,4,8/13/2013
20266,922,Road Tire Tube,4,9/20/2013
20266,931,LL Road Tire,4,9/20/2013
20267,931,LL Road Tire,4,1/5/2014
20267,922,Road Tire Tube,4,1/5/2014
20270,712,AWC Logo Cap,3,9/22/2013
"20271,867,""Women's Mountain Shorts, S"",3,12/17/2013"
"20272,868,""Women's Mountain Shorts, M"",3,2/24/2014"
20273,921,Mountain Tire Tube,4,2/28/2014
"20275,866,""Classic Vest, L"",3,6/15/2014"
"20276,716,""Long-Sleeve Logo Jersey, XL"",3,6/7/2014"
"20276,868,""Women's Mountain Shorts, M"",3,6/7/2014"
"20279,715,""Long-Sleeve Logo Jersey, L"",3,8/16/2013"
"20279,858,""Half-Finger Gloves, S"",3,8/16/2013"
"20280,874,""Racing Socks, M"",3,8/16/2013"
20280,878,Fender Set - Mountain,4,8/16/2013
"20280,708,""Sport-100 Helmet, Black"",4,2/14/2014"
20280,921,Mountain Tire Tube,4,2/14/2014
"20281,708,""Sport-100 Helmet, Black"",4,11/18/2013"
20282,929,ML Mountain Tire,4,12/5/2013
20282,921,Mountain Tire Tube,4,12/5/2013
20284,870,Water Bottle - 30 oz.,4,1/28/2014
20284,872,Road Bottle Cage,4,1/28/2014
"20286,867,""Women's Mountain Shorts, S"",3,9/24/2013"
"20287,867,""Women's Mountain Shorts, S"",3,2/11/2014"
"20287,715,""Long-Sleeve Logo Jersey, L"",3,2/11/2014"
"20288,858,""Half-Finger Gloves, S"",3,4/11/2014"
"20290,868,""Women's Mountain Shorts, M"",3,9/9/2013"
20291,932,ML Road Tire,4,11/23/2013
20291,922,Road Tire Tube,4,11/23/2013
"20292,868,""Women's Mountain Shorts, M"",3,4/1/2014"
"20294,713,""Long-Sleeve Logo Jersey, S"",3,2/13/2014"
20297,712,AWC Logo Cap,3,8/12/2013
20297,870,Water Bottle - 30 oz.,4,8/12/2013
"20299,708,""Sport-100 Helmet, Black"",4,9/13/2013"
"20300,715,""Long-Sleeve Logo Jersey, L"",3,2/25/2014"
20303,872,Road Bottle Cage,4,8/24/2013
20303,880,Hydration Pack - 70 oz.,4,8/24/2013
"20307,715,""Long-Sleeve Logo Jersey, L"",3,11/9/2013"
20309,870,Water Bottle - 30 oz.,4,6/6/2014
20310,922,Road Tire Tube,4,11/19/2013
"20311,713,""Long-Sleeve Logo Jersey, S"",3,4/19/2014"
"20313,868,""Women's Mountain Shorts, M"",3,5/4/2014"
20314,880,Hydration Pack - 70 oz.,4,4/24/2014
20314,877,Bike Wash - Dissolver,4,4/24/2014
"20315,869,""Women's Mountain Shorts, L"",3,11/15/2013"
20315,712,AWC Logo Cap,3,11/15/2013
"20316,708,""Sport-100 Helmet, Black"",4,7/29/2013"
"20317,884,""Short-Sleeve Classic Jersey, XL"",3,8/28/2013"
20323,872,Road Bottle Cage,4,8/21/2013
20323,870,Water Bottle - 30 oz.,4,8/21/2013
20324,922,Road Tire Tube,4,8/29/2013
"20324,865,""Classic Vest, M"",3,8/29/2013"
20325,712,AWC Logo Cap,3,4/2/2014
"20326,867,""Women's Mountain Shorts, S"",3,9/28/2013"
"20326,713,""Long-Sleeve Logo Jersey, S"",3,9/28/2013"
"20328,713,""Long-Sleeve Logo Jersey, S"",3,1/18/2014"
20330,878,Fender Set - Mountain,4,6/2/2014
20330,870,Water Bottle - 30 oz.,4,6/2/2014
"20330,711,""Sport-100 Helmet, Blue"",4,6/2/2014"
"20331,869,""Women's Mountain Shorts, L"",3,10/29/2013"
"20332,868,""Women's Mountain Shorts, M"",3,2/11/2014"
"20338,881,""Short-Sleeve Classic Jersey, S"",3,3/23/2014"
"20339,713,""Long-Sleeve Logo Jersey, S"",3,8/27/2013"
20341,878,Fender Set - Mountain,4,12/28/2013
20342,712,AWC Logo Cap,3,3/9/2014
"20344,714,""Long-Sleeve Logo Jersey, M"",3,8/8/2013"
"20345,866,""Classic Vest, L"",3,9/12/2013"
20345,870,Water Bottle - 30 oz.,4,9/12/2013
20346,933,HL Road Tire,4,9/20/2013
20346,922,Road Tire Tube,4,9/20/2013
"20346,707,""Sport-100 Helmet, Red"",4,9/20/2013"
20348,872,Road Bottle Cage,4,9/8/2013
20348,870,Water Bottle - 30 oz.,4,9/8/2013
"20351,714,""Long-Sleeve Logo Jersey, M"",3,2/20/2014"
"20352,875,""Racing Socks, L"",3,9/16/2013"
"20353,868,""Women's Mountain Shorts, M"",3,9/19/2013"
20354,877,Bike Wash - Dissolver,4,10/27/2013
20354,873,Patch Kit/8 Patches,4,10/27/2013
"20355,869,""Women's Mountain Shorts, L"",3,3/4/2014"
"20356,868,""Women's Mountain Shorts, M"",3,5/17/2014"
"20358,869,""Women's Mountain Shorts, L"",3,10/3/2013"
20359,712,AWC Logo Cap,3,11/7/2013
"20360,867,""Women's Mountain Shorts, S"",3,1/22/2014"
"20363,859,""Half-Finger Gloves, M"",3,4/13/2014"
"20363,867,""Women's Mountain Shorts, S"",3,4/13/2014"
20364,712,AWC Logo Cap,3,5/23/2014
"20367,868,""Women's Mountain Shorts, M"",3,5/2/2014"
"20367,714,""Long-Sleeve Logo Jersey, M"",3,5/2/2014"
"20369,713,""Long-Sleeve Logo Jersey, S"",3,10/8/2013"
20369,871,Mountain Bottle Cage,4,10/8/2013
20370,871,Mountain Bottle Cage,4,10/8/2013
20370,870,Water Bottle - 30 oz.,4,10/8/2013
20372,870,Water Bottle - 30 oz.,4,11/12/2013
"20372,716,""Long-Sleeve Logo Jersey, XL"",3,11/12/2013"
20375,878,Fender Set - Mountain,4,4/7/2014
"20378,867,""Women's Mountain Shorts, S"",3,7/18/2013"
"20379,881,""Short-Sleeve Classic Jersey, S"",3,1/5/2014"
20380,873,Patch Kit/8 Patches,4,9/21/2013
20382,933,HL Road Tire,4,9/30/2013
20382,922,Road Tire Tube,4,9/30/2013
"20383,869,""Women's Mountain Shorts, L"",3,3/28/2014"
20384,712,AWC Logo Cap,3,10/25/2013
"20384,868,""Women's Mountain Shorts, M"",3,10/25/2013"
"20385,716,""Long-Sleeve Logo Jersey, XL"",3,10/15/2013"
20386,873,Patch Kit/8 Patches,4,10/8/2013
20386,933,HL Road Tire,4,10/8/2013
"20387,858,""Half-Finger Gloves, S"",3,12/6/2013"
20389,870,Water Bottle - 30 oz.,4,4/6/2014
20389,877,Bike Wash - Dissolver,4,4/6/2014
20390,870,Water Bottle - 30 oz.,4,1/25/2014
20391,870,Water Bottle - 30 oz.,4,7/11/2013
"20391,874,""Racing Socks, M"",3,7/11/2013"
20392,870,Water Bottle - 30 oz.,4,3/30/2014
20392,871,Mountain Bottle Cage,4,3/30/2014
"20392,866,""Classic Vest, L"",3,3/30/2014"
20393,870,Water Bottle - 30 oz.,4,6/7/2014
20394,922,Road Tire Tube,4,12/3/2013
20394,932,ML Road Tire,4,12/3/2013
"20395,707,""Sport-100 Helmet, Red"",4,12/14/2013"
20397,870,Water Bottle - 30 oz.,4,3/18/2014
20397,871,Mountain Bottle Cage,4,3/18/2014
20398,870,Water Bottle - 30 oz.,4,11/9/2013
"20398,884,""Short-Sleeve Classic Jersey, XL"",3,11/9/2013"
20399,932,ML Road Tire,4,12/21/2013
"20399,711,""Sport-100 Helmet, Blue"",4,12/21/2013"
"20401,708,""Sport-100 Helmet, Black"",4,12/23/2013"
20401,922,Road Tire Tube,4,12/23/2013
20403,873,Patch Kit/8 Patches,4,5/26/2014
20404,876,Hitch Rack - 4-Bike,4,6/13/2014
20406,870,Water Bottle - 30 oz.,4,2/8/2014
20408,871,Mountain Bottle Cage,4,2/1/2014
20408,880,Hydration Pack - 70 oz.,4,2/1/2014
20409,870,Water Bottle - 30 oz.,4,1/15/2014
"20410,707,""Sport-100 Helmet, Red"",4,9/10/2013"
20410,871,Mountain Bottle Cage,4,9/10/2013
20411,871,Mountain Bottle Cage,4,10/14/2013
"20411,708,""Sport-100 Helmet, Black"",4,10/14/2013"
"20412,714,""Long-Sleeve Logo Jersey, M"",3,10/5/2013"
20413,870,Water Bottle - 30 oz.,4,8/23/2013
"20413,711,""Sport-100 Helmet, Blue"",4,8/23/2013"
20414,870,Water Bottle - 30 oz.,4,3/13/2014
20414,871,Mountain Bottle Cage,4,3/13/2014
20415,712,AWC Logo Cap,3,1/13/2014
"20417,883,""Short-Sleeve Classic Jersey, L"",3,9/17/2013"
20417,712,AWC Logo Cap,3,9/17/2013
"20418,708,""Sport-100 Helmet, Black"",4,7/28/2013"
20420,870,Water Bottle - 30 oz.,4,8/4/2013
"20421,883,""Short-Sleeve Classic Jersey, L"",3,10/9/2013"
20421,880,Hydration Pack - 70 oz.,4,10/9/2013
20422,870,Water Bottle - 30 oz.,4,12/8/2013
"20423,708,""Sport-100 Helmet, Black"",4,8/21/2013"
20424,872,Road Bottle Cage,4,8/16/2013
"20429,711,""Sport-100 Helmet, Blue"",4,1/28/2014"
20431,871,Mountain Bottle Cage,4,2/26/2014
20432,870,Water Bottle - 30 oz.,4,4/9/2014
20433,871,Mountain Bottle Cage,4,5/10/2014
"20433,708,""Sport-100 Helmet, Black"",4,5/10/2014"
"20433,858,""Half-Finger Gloves, S"",3,5/10/2014"
20435,871,Mountain Bottle Cage,4,12/16/2013
20435,870,Water Bottle - 30 oz.,4,12/16/2013
20436,872,Road Bottle Cage,4,12/30/2013
20438,871,Mountain Bottle Cage,4,9/11/2013
20438,870,Water Bottle - 30 oz.,4,9/11/2013
20439,870,Water Bottle - 30 oz.,4,7/27/2013
20441,921,Mountain Tire Tube,4,1/25/2014
20442,922,Road Tire Tube,4,10/15/2013
20442,933,HL Road Tire,4,10/15/2013
20443,871,Mountain Bottle Cage,4,3/6/2014
20443,870,Water Bottle - 30 oz.,4,3/6/2014
20444,872,Road Bottle Cage,4,12/23/2013
"20444,713,""Long-Sleeve Logo Jersey, S"",3,12/23/2013"
20445,933,HL Road Tire,4,12/23/2013
20447,870,Water Bottle - 30 oz.,4,12/26/2013
20448,870,Water Bottle - 30 oz.,4,12/8/2013
20448,872,Road Bottle Cage,4,12/8/2013
20452,922,Road Tire Tube,4,12/11/2013
20452,933,HL Road Tire,4,12/11/2013
"20452,866,""Classic Vest, L"",3,12/11/2013"
20454,873,Patch Kit/8 Patches,4,11/30/2013
20455,873,Patch Kit/8 Patches,4,6/21/2014
20457,870,Water Bottle - 30 oz.,4,10/28/2013
"20457,715,""Long-Sleeve Logo Jersey, L"",3,10/28/2013"
20457,712,AWC Logo Cap,3,10/28/2013
"20458,708,""Sport-100 Helmet, Black"",4,9/29/2013"
20458,871,Mountain Bottle Cage,4,9/29/2013
20461,870,Water Bottle - 30 oz.,4,11/1/2013
"20461,711,""Sport-100 Helmet, Blue"",4,11/1/2013"
20462,872,Road Bottle Cage,4,11/9/2013
20462,880,Hydration Pack - 70 oz.,4,11/9/2013
20463,932,ML Road Tire,4,12/19/2013
20464,877,Bike Wash - Dissolver,4,11/23/2013
20464,870,Water Bottle - 30 oz.,4,11/23/2013
"20465,707,""Sport-100 Helmet, Red"",4,11/5/2013"
20465,922,Road Tire Tube,4,11/5/2013
20466,871,Mountain Bottle Cage,4,6/22/2014
20467,873,Patch Kit/8 Patches,4,3/23/2014
20467,871,Mountain Bottle Cage,4,3/23/2014
20469,871,Mountain Bottle Cage,4,5/19/2014
"20469,707,""Sport-100 Helmet, Red"",4,5/19/2014"
20470,921,Mountain Tire Tube,4,4/14/2014
20470,873,Patch Kit/8 Patches,4,4/14/2014
20471,880,Hydration Pack - 70 oz.,4,5/4/2014
20471,871,Mountain Bottle Cage,4,5/4/2014
20472,873,Patch Kit/8 Patches,4,11/27/2013
20472,933,HL Road Tire,4,11/27/2013
20473,870,Water Bottle - 30 oz.,4,6/28/2014
20474,870,Water Bottle - 30 oz.,4,12/29/2013
20474,871,Mountain Bottle Cage,4,12/29/2013
20475,871,Mountain Bottle Cage,4,11/10/2013
20476,872,Road Bottle Cage,4,11/2/2013
"20476,875,""Racing Socks, L"",3,11/2/2013"
20476,880,Hydration Pack - 70 oz.,4,11/2/2013
20477,871,Mountain Bottle Cage,4,12/7/2013
20477,870,Water Bottle - 30 oz.,4,12/7/2013
20478,878,Fender Set - Mountain,4,10/12/2013
"20478,713,""Long-Sleeve Logo Jersey, S"",3,10/12/2013"
"20479,864,""Classic Vest, S"",3,3/14/2014"
20483,878,Fender Set - Mountain,4,5/26/2014
20484,932,ML Road Tire,4,12/21/2013
20484,922,Road Tire Tube,4,12/21/2013
20485,871,Mountain Bottle Cage,4,12/8/2013
20486,871,Mountain Bottle Cage,4,2/21/2014
20486,870,Water Bottle - 30 oz.,4,2/21/2014
20488,870,Water Bottle - 30 oz.,4,4/24/2014
20489,870,Water Bottle - 30 oz.,4,9/23/2013
"20489,711,""Sport-100 Helmet, Blue"",4,9/23/2013"
20490,870,Water Bottle - 30 oz.,4,6/1/2014
20490,871,Mountain Bottle Cage,4,6/1/2014
20491,871,Mountain Bottle Cage,4,6/7/2014
20491,870,Water Bottle - 30 oz.,4,6/7/2014
"20492,716,""Long-Sleeve Logo Jersey, XL"",3,7/3/2013"
20493,871,Mountain Bottle Cage,4,4/16/2014
"20493,874,""Racing Socks, M"",3,4/16/2014"
20494,871,Mountain Bottle Cage,4,8/4/2013
20495,873,Patch Kit/8 Patches,4,11/18/2013
20495,933,HL Road Tire,4,11/18/2013
20498,877,Bike Wash - Dissolver,4,12/30/2013
20499,921,Mountain Tire Tube,4,6/13/2014
20500,921,Mountain Tire Tube,4,9/23/2013
20501,871,Mountain Bottle Cage,4,12/28/2013
20502,880,Hydration Pack - 70 oz.,4,9/20/2013
20503,871,Mountain Bottle Cage,4,9/17/2013
20504,870,Water Bottle - 30 oz.,4,2/5/2014
20504,880,Hydration Pack - 70 oz.,4,2/5/2014
20504,871,Mountain Bottle Cage,4,2/5/2014
"20505,714,""Long-Sleeve Logo Jersey, M"",3,9/4/2013"
20505,870,Water Bottle - 30 oz.,4,9/4/2013
20506,870,Water Bottle - 30 oz.,4,8/3/2013
20506,871,Mountain Bottle Cage,4,8/3/2013
20507,870,Water Bottle - 30 oz.,4,11/14/2013
"20507,708,""Sport-100 Helmet, Black"",4,11/14/2013"
20510,880,Hydration Pack - 70 oz.,4,6/13/2014
20510,871,Mountain Bottle Cage,4,6/13/2014
20511,871,Mountain Bottle Cage,4,4/20/2014
"20513,707,""Sport-100 Helmet, Red"",4,8/29/2013"
20513,871,Mountain Bottle Cage,4,8/29/2013
20513,870,Water Bottle - 30 oz.,4,8/29/2013
20514,870,Water Bottle - 30 oz.,4,2/25/2014
20514,871,Mountain Bottle Cage,4,2/25/2014
20515,871,Mountain Bottle Cage,4,11/20/2013
20515,870,Water Bottle - 30 oz.,4,11/20/2013
"20515,858,""Half-Finger Gloves, S"",3,11/20/2013"
20516,870,Water Bottle - 30 oz.,4,3/14/2014
20517,878,Fender Set - Mountain,4,11/20/2013
20518,870,Water Bottle - 30 oz.,4,1/14/2014
20518,871,Mountain Bottle Cage,4,1/14/2014
"20519,707,""Sport-100 Helmet, Red"",4,5/1/2014"
20519,871,Mountain Bottle Cage,4,5/1/2014
20519,921,Mountain Tire Tube,4,5/1/2014
20520,871,Mountain Bottle Cage,4,8/29/2013
20521,873,Patch Kit/8 Patches,4,5/9/2014
20521,877,Bike Wash - Dissolver,4,5/9/2014
20521,870,Water Bottle - 30 oz.,4,5/9/2014
"20522,707,""Sport-100 Helmet, Red"",4,1/16/2014"
20523,870,Water Bottle - 30 oz.,4,4/29/2014
20524,870,Water Bottle - 30 oz.,4,10/28/2013
"20524,882,""Short-Sleeve Classic Jersey, M"",3,10/28/2013"
"20528,860,""Half-Finger Gloves, L"",3,8/6/2013"
20528,921,Mountain Tire Tube,4,8/6/2013
"20530,707,""Sport-100 Helmet, Red"",4,9/30/2013"
20530,870,Water Bottle - 30 oz.,4,9/30/2013
"20530,882,""Short-Sleeve Classic Jersey, M"",3,9/30/2013"
20531,870,Water Bottle - 30 oz.,4,4/25/2014
20531,871,Mountain Bottle Cage,4,4/25/2014
20532,870,Water Bottle - 30 oz.,4,5/11/2014
"20532,883,""Short-Sleeve Classic Jersey, L"",3,5/11/2014"
"20532,860,""Half-Finger Gloves, L"",3,5/11/2014"
20533,712,AWC Logo Cap,3,1/4/2014
20533,871,Mountain Bottle Cage,4,1/4/2014
20533,870,Water Bottle - 30 oz.,4,1/4/2014
20534,712,AWC Logo Cap,3,2/18/2014
20534,871,Mountain Bottle Cage,4,2/18/2014
20535,871,Mountain Bottle Cage,4,3/22/2014
20536,712,AWC Logo Cap,3,3/22/2014
20536,871,Mountain Bottle Cage,4,3/22/2014
20537,712,AWC Logo Cap,3,7/1/2013
20537,871,Mountain Bottle Cage,4,7/1/2013
20538,870,Water Bottle - 30 oz.,4,3/13/2014
20538,871,Mountain Bottle Cage,4,3/13/2014
20539,870,Water Bottle - 30 oz.,4,2/23/2014
"20542,882,""Short-Sleeve Classic Jersey, M"",3,1/15/2014"
"20542,859,""Half-Finger Gloves, M"",3,1/15/2014"
20542,871,Mountain Bottle Cage,4,1/15/2014
20543,870,Water Bottle - 30 oz.,4,12/30/2013
"20543,711,""Sport-100 Helmet, Blue"",4,12/30/2013"
20544,872,Road Bottle Cage,4,12/6/2013
"20545,707,""Sport-100 Helmet, Red"",4,1/14/2014"
"20545,713,""Long-Sleeve Logo Jersey, S"",3,1/14/2014"
20545,870,Water Bottle - 30 oz.,4,1/14/2014
20546,870,Water Bottle - 30 oz.,4,4/16/2014
20546,872,Road Bottle Cage,4,4/16/2014
"20546,883,""Short-Sleeve Classic Jersey, L"",3,4/16/2014"
"20547,707,""Sport-100 Helmet, Red"",4,2/4/2014"
20548,712,AWC Logo Cap,3,4/23/2014
20548,871,Mountain Bottle Cage,4,4/23/2014
"20551,708,""Sport-100 Helmet, Black"",4,6/27/2014"
20551,928,LL Mountain Tire,4,6/27/2014
20552,871,Mountain Bottle Cage,4,5/5/2014
20554,921,Mountain Tire Tube,4,9/27/2013
"20555,882,""Short-Sleeve Classic Jersey, M"",3,4/9/2014"
20557,921,Mountain Tire Tube,4,3/8/2014
20557,928,LL Mountain Tire,4,3/8/2014
20559,932,ML Road Tire,4,8/15/2013
"20560,707,""Sport-100 Helmet, Red"",4,4/8/2014"
20560,871,Mountain Bottle Cage,4,4/8/2014
20560,712,AWC Logo Cap,3,4/8/2014
20563,921,Mountain Tire Tube,4,11/13/2013
20564,930,HL Mountain Tire,4,5/7/2014
20565,928,LL Mountain Tire,4,12/9/2013
"20565,707,""Sport-100 Helmet, Red"",4,12/9/2013"
20566,928,LL Mountain Tire,4,12/7/2013
20568,922,Road Tire Tube,4,10/28/2013
20569,871,Mountain Bottle Cage,4,5/15/2014
"20569,711,""Sport-100 Helmet, Blue"",4,5/15/2014"
20570,928,LL Mountain Tire,4,9/17/2013
"20570,715,""Long-Sleeve Logo Jersey, L"",3,9/17/2013"
20570,921,Mountain Tire Tube,4,9/17/2013
20572,921,Mountain Tire Tube,4,1/19/2014
20572,712,AWC Logo Cap,3,1/19/2014
"20572,708,""Sport-100 Helmet, Black"",4,1/19/2014"
20574,929,ML Mountain Tire,4,9/29/2013
20575,871,Mountain Bottle Cage,4,5/17/2014
20575,712,AWC Logo Cap,3,5/17/2014
"20575,708,""Sport-100 Helmet, Black"",4,5/17/2014"
20576,871,Mountain Bottle Cage,4,5/5/2014
20578,873,Patch Kit/8 Patches,4,5/22/2014
20578,922,Road Tire Tube,4,5/22/2014
20580,877,Bike Wash - Dissolver,4,8/13/2013
20580,932,ML Road Tire,4,8/13/2013
20582,922,Road Tire Tube,4,12/27/2013
20582,932,ML Road Tire,4,12/27/2013
"20582,859,""Half-Finger Gloves, M"",3,12/27/2013"
"20582,883,""Short-Sleeve Classic Jersey, L"",3,12/27/2013"
20583,929,ML Mountain Tire,4,11/8/2013
"20583,707,""Sport-100 Helmet, Red"",4,11/8/2013"
20584,930,HL Mountain Tire,4,4/27/2014
20585,928,LL Mountain Tire,4,1/27/2014
20585,873,Patch Kit/8 Patches,4,1/27/2014
20587,712,AWC Logo Cap,3,4/4/2014
20587,871,Mountain Bottle Cage,4,4/4/2014
20587,870,Water Bottle - 30 oz.,4,4/4/2014
20588,928,LL Mountain Tire,4,7/22/2013
20589,870,Water Bottle - 30 oz.,4,4/12/2014
"20589,707,""Sport-100 Helmet, Red"",4,4/12/2014"
20590,878,Fender Set - Mountain,4,4/17/2014
20591,921,Mountain Tire Tube,4,7/29/2013
20591,929,ML Mountain Tire,4,7/29/2013
20592,873,Patch Kit/8 Patches,4,5/17/2014
20593,922,Road Tire Tube,4,1/28/2014
20593,932,ML Road Tire,4,1/28/2014
20594,929,ML Mountain Tire,4,8/30/2013
20594,877,Bike Wash - Dissolver,4,8/30/2013
20595,921,Mountain Tire Tube,4,12/10/2013
"20595,707,""Sport-100 Helmet, Red"",4,12/10/2013"
20596,873,Patch Kit/8 Patches,4,8/29/2013
20596,921,Mountain Tire Tube,4,8/29/2013
"20597,715,""Long-Sleeve Logo Jersey, L"",3,11/10/2013"
"20597,708,""Sport-100 Helmet, Black"",4,11/10/2013"
20597,921,Mountain Tire Tube,4,11/10/2013
20599,928,LL Mountain Tire,4,1/13/2014
20599,873,Patch Kit/8 Patches,4,1/13/2014
20601,931,LL Road Tire,4,6/30/2014
20601,922,Road Tire Tube,4,6/30/2014
20602,931,LL Road Tire,4,9/10/2013
20602,922,Road Tire Tube,4,9/10/2013
20603,931,LL Road Tire,4,9/22/2013
"20604,866,""Classic Vest, L"",3,1/31/2014"
"20605,858,""Half-Finger Gloves, S"",3,9/25/2013"
20605,931,LL Road Tire,4,9/25/2013
20605,922,Road Tire Tube,4,9/25/2013
20607,873,Patch Kit/8 Patches,4,5/17/2014
20608,870,Water Bottle - 30 oz.,4,12/27/2013
"20609,860,""Half-Finger Gloves, L"",3,12/4/2013"
20609,933,HL Road Tire,4,12/4/2013
20609,922,Road Tire Tube,4,12/4/2013
20612,922,Road Tire Tube,4,12/6/2013
20612,933,HL Road Tire,4,12/6/2013
20614,870,Water Bottle - 30 oz.,4,12/11/2013
20615,873,Patch Kit/8 Patches,4,12/3/2013
20615,933,HL Road Tire,4,12/3/2013
20616,933,HL Road Tire,4,12/3/2013
20616,922,Road Tire Tube,4,12/3/2013
20617,933,HL Road Tire,4,1/18/2014
20619,930,HL Mountain Tire,4,4/7/2014
20619,921,Mountain Tire Tube,4,4/7/2014
20620,872,Road Bottle Cage,4,1/24/2014
20620,870,Water Bottle - 30 oz.,4,1/24/2014
20621,922,Road Tire Tube,4,1/7/2014
20621,933,HL Road Tire,4,1/7/2014
"20621,859,""Half-Finger Gloves, M"",3,1/7/2014"
20622,712,AWC Logo Cap,3,1/11/2014
"20622,883,""Short-Sleeve Classic Jersey, L"",3,1/11/2014"
"20623,708,""Sport-100 Helmet, Black"",4,1/24/2014"
20623,922,Road Tire Tube,4,1/24/2014
20626,872,Road Bottle Cage,4,1/15/2014
20627,870,Water Bottle - 30 oz.,4,1/23/2014
20627,872,Road Bottle Cage,4,1/23/2014
20629,873,Patch Kit/8 Patches,4,12/31/2013
20629,922,Road Tire Tube,4,12/31/2013
20630,930,HL Mountain Tire,4,4/3/2014
"20630,708,""Sport-100 Helmet, Black"",4,4/3/2014"
20631,871,Mountain Bottle Cage,4,11/29/2013
20631,878,Fender Set - Mountain,4,11/29/2013
20631,870,Water Bottle - 30 oz.,4,11/29/2013
20633,870,Water Bottle - 30 oz.,4,3/6/2014
"20633,882,""Short-Sleeve Classic Jersey, M"",3,3/6/2014"
"20635,708,""Sport-100 Helmet, Black"",4,12/15/2013"
20635,871,Mountain Bottle Cage,4,12/15/2013
20636,870,Water Bottle - 30 oz.,4,8/6/2013
20638,873,Patch Kit/8 Patches,4,1/12/2014
20639,870,Water Bottle - 30 oz.,4,1/19/2014
20639,872,Road Bottle Cage,4,1/19/2014
20641,870,Water Bottle - 30 oz.,4,2/17/2014
20643,870,Water Bottle - 30 oz.,4,1/28/2014
20644,872,Road Bottle Cage,4,3/31/2014
20645,872,Road Bottle Cage,4,1/9/2014
20645,712,AWC Logo Cap,3,1/9/2014
20646,872,Road Bottle Cage,4,1/24/2014
20646,870,Water Bottle - 30 oz.,4,1/24/2014
20648,872,Road Bottle Cage,4,4/30/2014
20649,922,Road Tire Tube,4,5/19/2014
20649,877,Bike Wash - Dissolver,4,5/19/2014
20651,922,Road Tire Tube,4,4/8/2014
20655,870,Water Bottle - 30 oz.,4,2/1/2014
20655,877,Bike Wash - Dissolver,4,2/1/2014
"20655,859,""Half-Finger Gloves, M"",3,2/1/2014"
"20657,715,""Long-Sleeve Logo Jersey, L"",3,1/19/2014"
20657,870,Water Bottle - 30 oz.,4,1/19/2014
20657,872,Road Bottle Cage,4,1/19/2014
20658,870,Water Bottle - 30 oz.,4,5/7/2014
20659,872,Road Bottle Cage,4,5/27/2014
20659,712,AWC Logo Cap,3,5/27/2014
"20660,708,""Sport-100 Helmet, Black"",4,12/31/2013"
20664,922,Road Tire Tube,4,8/18/2013
20664,932,ML Road Tire,4,8/18/2013
20665,871,Mountain Bottle Cage,4,5/14/2014
"20665,858,""Half-Finger Gloves, S"",3,5/14/2014"
20666,872,Road Bottle Cage,4,7/31/2013
"20667,714,""Long-Sleeve Logo Jersey, M"",3,9/11/2013"
"20670,875,""Racing Socks, L"",3,5/18/2014"
20674,712,AWC Logo Cap,3,1/2/2014
20674,870,Water Bottle - 30 oz.,4,1/2/2014
20676,871,Mountain Bottle Cage,4,9/13/2013
20677,932,ML Road Tire,4,1/6/2014
20677,922,Road Tire Tube,4,1/6/2014
"20679,708,""Sport-100 Helmet, Black"",4,8/25/2013"
20679,921,Mountain Tire Tube,4,8/25/2013
20684,932,ML Road Tire,4,12/25/2013
20686,932,ML Road Tire,4,1/4/2014
20686,922,Road Tire Tube,4,1/4/2014
20688,871,Mountain Bottle Cage,4,6/19/2014
20688,870,Water Bottle - 30 oz.,4,6/19/2014
20689,870,Water Bottle - 30 oz.,4,11/1/2013
"20689,864,""Classic Vest, S"",3,11/1/2013"
"20690,859,""Half-Finger Gloves, M"",3,5/16/2014"
20690,871,Mountain Bottle Cage,4,5/16/2014
20691,921,Mountain Tire Tube,4,8/23/2013
20692,871,Mountain Bottle Cage,4,3/6/2014
"20692,708,""Sport-100 Helmet, Black"",4,3/6/2014"
20694,876,Hitch Rack - 4-Bike,4,8/1/2013
20694,878,Fender Set - Mountain,4,8/1/2013
20695,871,Mountain Bottle Cage,4,5/27/2014
"20696,716,""Long-Sleeve Logo Jersey, XL"",3,7/7/2013"
20696,871,Mountain Bottle Cage,4,7/7/2013
20696,870,Water Bottle - 30 oz.,4,7/7/2013
20697,877,Bike Wash - Dissolver,4,5/13/2014
20697,871,Mountain Bottle Cage,4,5/13/2014
20697,870,Water Bottle - 30 oz.,4,5/13/2014
20698,870,Water Bottle - 30 oz.,4,10/27/2013
"20698,874,""Racing Socks, M"",3,10/27/2013"
"20699,707,""Sport-100 Helmet, Red"",4,1/4/2014"
"20700,715,""Long-Sleeve Logo Jersey, L"",3,1/4/2014"
20700,922,Road Tire Tube,4,1/4/2014
20700,932,ML Road Tire,4,1/4/2014
"20700,708,""Sport-100 Helmet, Black"",4,1/4/2014"
20704,871,Mountain Bottle Cage,4,3/3/2014
20704,870,Water Bottle - 30 oz.,4,3/3/2014
20704,712,AWC Logo Cap,3,3/3/2014
"20705,859,""Half-Finger Gloves, M"",3,9/1/2013"
20705,871,Mountain Bottle Cage,4,9/1/2013
"20706,716,""Long-Sleeve Logo Jersey, XL"",3,1/28/2014"
20708,930,HL Mountain Tire,4,5/9/2014
20709,922,Road Tire Tube,4,1/5/2014
20710,872,Road Bottle Cage,4,9/26/2013
20711,870,Water Bottle - 30 oz.,4,10/26/2013
20713,879,All-Purpose Bike Stand,4,4/28/2014
20713,933,HL Road Tire,4,4/28/2014
20714,932,ML Road Tire,4,8/12/2013
20714,922,Road Tire Tube,4,8/12/2013
20715,921,Mountain Tire Tube,4,1/8/2014
20715,873,Patch Kit/8 Patches,4,1/8/2014
20715,879,All-Purpose Bike Stand,4,1/8/2014
20716,878,Fender Set - Mountain,4,5/12/2014
"20716,708,""Sport-100 Helmet, Black"",4,6/5/2013"
20717,872,Road Bottle Cage,4,11/28/2013
20718,933,HL Road Tire,4,4/2/2014
"20719,707,""Sport-100 Helmet, Red"",4,10/21/2013"
20722,923,Touring Tire Tube,4,10/17/2013
20722,934,Touring Tire,4,10/17/2013
20723,929,ML Mountain Tire,4,12/20/2013
"20723,883,""Short-Sleeve Classic Jersey, L"",3,12/20/2013"
20723,880,Hydration Pack - 70 oz.,4,12/20/2013
20725,932,ML Road Tire,4,5/17/2014
"20725,708,""Sport-100 Helmet, Black"",4,5/17/2014"
"20726,858,""Half-Finger Gloves, S"",3,11/1/2013"
20726,872,Road Bottle Cage,4,11/1/2013
20727,931,LL Road Tire,4,4/20/2014
20728,878,Fender Set - Mountain,4,11/5/2013
20728,873,Patch Kit/8 Patches,4,11/5/2013
20729,923,Touring Tire Tube,4,11/20/2013
20729,934,Touring Tire,4,11/20/2013
20729,712,AWC Logo Cap,3,11/20/2013
20730,923,Touring Tire Tube,4,11/3/2013
"20730,711,""Sport-100 Helmet, Blue"",4,11/3/2013"
20731,923,Touring Tire Tube,4,8/30/2013
20731,934,Touring Tire,4,8/30/2013
20733,871,Mountain Bottle Cage,4,10/25/2013
20733,712,AWC Logo Cap,3,10/25/2013
20734,921,Mountain Tire Tube,4,10/28/2013
"20737,713,""Long-Sleeve Logo Jersey, S"",3,6/23/2014"
"20737,867,""Women's Mountain Shorts, S"",3,6/23/2014"
20738,870,Water Bottle - 30 oz.,4,2/27/2014
20738,871,Mountain Bottle Cage,4,2/27/2014
"20739,874,""Racing Socks, M"",3,8/10/2013"
20740,878,Fender Set - Mountain,4,12/2/2013
"20740,707,""Sport-100 Helmet, Red"",4,2/11/2014"
"20740,713,""Long-Sleeve Logo Jersey, S"",3,12/2/2013"
20740,712,AWC Logo Cap,3,12/2/2013
"20741,715,""Long-Sleeve Logo Jersey, L"",3,9/24/2013"
20742,712,AWC Logo Cap,3,3/7/2014
"20742,867,""Women's Mountain Shorts, S"",3,3/7/2014"
20743,712,AWC Logo Cap,3,4/1/2014
"20745,707,""Sport-100 Helmet, Red"",4,6/26/2014"
20745,921,Mountain Tire Tube,4,6/26/2014
"20745,859,""Half-Finger Gloves, M"",3,10/13/2013"
20745,928,LL Mountain Tire,4,10/13/2013
"20746,716,""Long-Sleeve Logo Jersey, XL"",3,12/9/2013"
"20746,711,""Sport-100 Helmet, Blue"",4,8/28/2013"
20746,921,Mountain Tire Tube,4,12/9/2013
"20748,868,""Women's Mountain Shorts, M"",3,9/16/2013"
"20749,708,""Sport-100 Helmet, Black"",4,5/1/2014"
"20750,708,""Sport-100 Helmet, Black"",4,1/23/2014"
20750,922,Road Tire Tube,4,1/23/2014
"20754,869,""Women's Mountain Shorts, L"",3,1/30/2014"
"20755,711,""Sport-100 Helmet, Blue"",4,1/17/2014"
20756,873,Patch Kit/8 Patches,4,4/25/2014
20756,928,LL Mountain Tire,4,2/3/2014
20758,712,AWC Logo Cap,3,9/19/2013
"20758,867,""Women's Mountain Shorts, S"",3,9/19/2013"
20759,871,Mountain Bottle Cage,4,11/20/2013
20759,712,AWC Logo Cap,3,11/20/2013
20759,870,Water Bottle - 30 oz.,4,11/20/2013
20760,873,Patch Kit/8 Patches,4,4/6/2014
20761,870,Water Bottle - 30 oz.,4,10/17/2013
20761,871,Mountain Bottle Cage,4,10/17/2013
"20762,868,""Women's Mountain Shorts, M"",3,5/17/2014"
"20763,884,""Short-Sleeve Classic Jersey, XL"",3,11/19/2013"
20764,873,Patch Kit/8 Patches,4,1/1/2014
20764,928,LL Mountain Tire,4,10/17/2013
20764,921,Mountain Tire Tube,4,1/1/2014
"20765,711,""Sport-100 Helmet, Blue"",4,1/12/2014"
20766,870,Water Bottle - 30 oz.,4,8/29/2013
20769,871,Mountain Bottle Cage,4,10/13/2013
20769,873,Patch Kit/8 Patches,4,10/13/2013
20769,870,Water Bottle - 30 oz.,4,10/13/2013
"20770,707,""Sport-100 Helmet, Red"",4,4/12/2014"
20770,871,Mountain Bottle Cage,4,4/12/2014
20771,878,Fender Set - Mountain,4,4/10/2014
20772,880,Hydration Pack - 70 oz.,4,6/19/2014
20772,877,Bike Wash - Dissolver,4,6/19/2014
20773,878,Fender Set - Mountain,4,5/9/2014
20774,871,Mountain Bottle Cage,4,3/7/2014
20774,870,Water Bottle - 30 oz.,4,3/7/2014
20776,871,Mountain Bottle Cage,4,10/18/2013
20776,877,Bike Wash - Dissolver,4,10/18/2013
"20778,859,""Half-Finger Gloves, M"",3,5/29/2014"
20778,871,Mountain Bottle Cage,4,5/29/2014
"20778,711,""Sport-100 Helmet, Blue"",4,5/29/2014"
20779,871,Mountain Bottle Cage,4,7/19/2013
20781,921,Mountain Tire Tube,4,2/19/2014
20781,873,Patch Kit/8 Patches,4,2/19/2014
20782,870,Water Bottle - 30 oz.,4,2/10/2014
20782,877,Bike Wash - Dissolver,4,2/10/2014
20782,880,Hydration Pack - 70 oz.,4,2/10/2014
"20783,708,""Sport-100 Helmet, Black"",4,4/25/2014"
20786,871,Mountain Bottle Cage,4,3/19/2014
20787,872,Road Bottle Cage,4,2/18/2014
20789,870,Water Bottle - 30 oz.,4,9/12/2013
20789,871,Mountain Bottle Cage,4,9/12/2013
20790,871,Mountain Bottle Cage,4,12/20/2013
"20792,708,""Sport-100 Helmet, Black"",4,3/1/2014"
"20793,713,""Long-Sleeve Logo Jersey, S"",3,1/24/2014"
"20794,714,""Long-Sleeve Logo Jersey, M"",3,4/3/2014"
"20796,716,""Long-Sleeve Logo Jersey, XL"",3,11/14/2013"
"20796,707,""Sport-100 Helmet, Red"",4,11/14/2013"
20797,873,Patch Kit/8 Patches,4,11/9/2013
20797,877,Bike Wash - Dissolver,4,11/9/2013
20798,929,ML Mountain Tire,4,12/9/2013
"20798,881,""Short-Sleeve Classic Jersey, S"",3,12/9/2013"
"20798,708,""Sport-100 Helmet, Black"",4,12/9/2013"
20799,873,Patch Kit/8 Patches,4,6/5/2014
20800,932,ML Road Tire,4,4/16/2014
20800,922,Road Tire Tube,4,4/16/2014
"20801,714,""Long-Sleeve Logo Jersey, M"",3,11/20/2013"
20802,922,Road Tire Tube,4,11/10/2013
"20803,711,""Sport-100 Helmet, Blue"",4,2/13/2014"
20806,932,ML Road Tire,4,12/7/2013
20807,870,Water Bottle - 30 oz.,4,5/30/2014
20807,872,Road Bottle Cage,4,5/30/2014
20809,929,ML Mountain Tire,4,1/27/2014
20810,873,Patch Kit/8 Patches,4,1/30/2014
"20811,711,""Sport-100 Helmet, Blue"",4,11/1/2013"
"20813,858,""Half-Finger Gloves, S"",3,6/15/2014"
"20813,707,""Sport-100 Helmet, Red"",4,6/15/2014"
20814,872,Road Bottle Cage,4,8/14/2013
"20814,884,""Short-Sleeve Classic Jersey, XL"",3,8/14/2013"
"20816,713,""Long-Sleeve Logo Jersey, S"",3,8/16/2013"
20816,922,Road Tire Tube,4,8/16/2013
20816,931,LL Road Tire,4,8/16/2013
"20818,864,""Classic Vest, S"",3,8/15/2013"
20818,870,Water Bottle - 30 oz.,4,8/15/2013
20818,872,Road Bottle Cage,4,8/15/2013
20820,922,Road Tire Tube,4,8/13/2013
20822,870,Water Bottle - 30 oz.,4,8/9/2013
20822,873,Patch Kit/8 Patches,4,8/9/2013
"20823,866,""Classic Vest, L"",3,9/1/2013"
20824,932,ML Road Tire,4,5/31/2013
"20826,858,""Half-Finger Gloves, S"",3,12/31/2013"
20826,922,Road Tire Tube,4,12/31/2013
20827,877,Bike Wash - Dissolver,4,12/28/2013
"20829,715,""Long-Sleeve Logo Jersey, L"",3,11/12/2013"
"20830,882,""Short-Sleeve Classic Jersey, M"",3,11/25/2013"
"20831,858,""Half-Finger Gloves, S"",3,11/18/2013"
"20831,708,""Sport-100 Helmet, Black"",4,11/18/2013"
20834,932,ML Road Tire,4,6/15/2013
20834,922,Road Tire Tube,4,6/15/2013
"20835,711,""Sport-100 Helmet, Blue"",4,1/18/2014"
"20835,714,""Long-Sleeve Logo Jersey, M"",3,1/18/2014"
20835,872,Road Bottle Cage,4,1/18/2014
"20837,711,""Sport-100 Helmet, Blue"",4,6/28/2013"
20837,922,Road Tire Tube,4,6/28/2013
20838,870,Water Bottle - 30 oz.,4,7/17/2013
"20838,711,""Sport-100 Helmet, Blue"",4,7/17/2013"
20838,712,AWC Logo Cap,3,7/17/2013
20839,932,ML Road Tire,4,7/11/2013
20842,870,Water Bottle - 30 oz.,4,2/6/2014
20842,872,Road Bottle Cage,4,2/6/2014
"20847,711,""Sport-100 Helmet, Blue"",4,2/16/2014"
"20848,713,""Long-Sleeve Logo Jersey, S"",3,7/28/2013"
20849,921,Mountain Tire Tube,4,3/5/2014
"20849,711,""Sport-100 Helmet, Blue"",4,3/5/2014"
20850,932,ML Road Tire,4,8/15/2013
20850,922,Road Tire Tube,4,8/15/2013
20850,712,AWC Logo Cap,3,8/15/2013
20852,712,AWC Logo Cap,3,9/16/2013
20853,873,Patch Kit/8 Patches,4,1/18/2014
"20860,714,""Long-Sleeve Logo Jersey, M"",3,7/27/2013"
20861,934,Touring Tire,4,11/15/2013
20861,870,Water Bottle - 30 oz.,4,7/13/2013
20861,871,Mountain Bottle Cage,4,7/13/2013
20861,923,Touring Tire Tube,4,11/15/2013
20862,872,Road Bottle Cage,4,12/21/2013
20865,921,Mountain Tire Tube,4,1/1/2014
"20867,708,""Sport-100 Helmet, Black"",4,3/3/2014"
20868,929,ML Mountain Tire,4,9/4/2013
20868,921,Mountain Tire Tube,4,9/4/2013
"20869,715,""Long-Sleeve Logo Jersey, L"",3,10/23/2013"
"20871,707,""Sport-100 Helmet, Red"",4,8/31/2013"
20871,929,ML Mountain Tire,4,8/31/2013
20871,921,Mountain Tire Tube,4,8/31/2013
20873,929,ML Mountain Tire,4,10/5/2013
20873,877,Bike Wash - Dissolver,4,10/5/2013
20874,712,AWC Logo Cap,3,3/1/2014
20879,712,AWC Logo Cap,3,2/22/2014
20879,870,Water Bottle - 30 oz.,4,2/22/2014
"20879,707,""Sport-100 Helmet, Red"",4,2/22/2014"
"20881,707,""Sport-100 Helmet, Red"",4,3/6/2014"
20881,712,AWC Logo Cap,3,3/6/2014
20881,921,Mountain Tire Tube,4,3/6/2014
20883,932,ML Road Tire,4,4/18/2014
"20884,716,""Long-Sleeve Logo Jersey, XL"",3,4/10/2014"
"20884,860,""Half-Finger Gloves, L"",3,4/10/2014"
"20887,708,""Sport-100 Helmet, Black"",4,4/12/2014"
20889,929,ML Mountain Tire,4,1/7/2014
"20889,707,""Sport-100 Helmet, Red"",4,1/7/2014"
"20890,711,""Sport-100 Helmet, Blue"",4,11/21/2013"
20892,870,Water Bottle - 30 oz.,4,3/9/2014
20893,921,Mountain Tire Tube,4,5/14/2014
"20897,711,""Sport-100 Helmet, Blue"",4,3/22/2014"
"20897,714,""Long-Sleeve Logo Jersey, M"",3,3/22/2014"
20898,929,ML Mountain Tire,4,3/22/2014
20899,873,Patch Kit/8 Patches,4,6/21/2014
20900,712,AWC Logo Cap,3,2/26/2014
20900,921,Mountain Tire Tube,4,2/26/2014
20900,929,ML Mountain Tire,4,2/26/2014
20902,921,Mountain Tire Tube,4,6/17/2014
20902,929,ML Mountain Tire,4,6/17/2014
20903,921,Mountain Tire Tube,4,10/27/2013
20903,929,ML Mountain Tire,4,10/27/2013
"20904,711,""Sport-100 Helmet, Blue"",4,6/2/2014"
20904,921,Mountain Tire Tube,4,6/2/2014
20906,873,Patch Kit/8 Patches,4,5/8/2014
20907,929,ML Mountain Tire,4,1/13/2014
20908,929,ML Mountain Tire,4,11/2/2013
20908,712,AWC Logo Cap,3,11/2/2013
"20908,707,""Sport-100 Helmet, Red"",4,11/2/2013"
20909,929,ML Mountain Tire,4,9/10/2013
20909,921,Mountain Tire Tube,4,9/10/2013
20910,928,LL Mountain Tire,4,2/25/2014
20910,712,AWC Logo Cap,3,2/25/2014
"20910,708,""Sport-100 Helmet, Black"",4,2/25/2014"
"20911,713,""Long-Sleeve Logo Jersey, S"",3,4/14/2014"
20912,929,ML Mountain Tire,4,10/12/2013
"20912,708,""Sport-100 Helmet, Black"",4,3/10/2014"
"20912,874,""Racing Socks, M"",3,10/12/2013"
20913,712,AWC Logo Cap,3,3/27/2014
20914,870,Water Bottle - 30 oz.,4,3/15/2014
20914,872,Road Bottle Cage,4,3/15/2014
"20915,711,""Sport-100 Helmet, Blue"",4,5/22/2014"
"20916,714,""Long-Sleeve Logo Jersey, M"",3,11/17/2013"
20916,921,Mountain Tire Tube,4,11/17/2013
20916,929,ML Mountain Tire,4,11/17/2013
20918,922,Road Tire Tube,4,2/23/2014
20919,922,Road Tire Tube,4,6/10/2014
20920,922,Road Tire Tube,4,6/15/2014
"20923,707,""Sport-100 Helmet, Red"",4,3/7/2014"
"20923,708,""Sport-100 Helmet, Black"",4,11/16/2013"
"20924,711,""Sport-100 Helmet, Blue"",4,11/28/2013"
20924,921,Mountain Tire Tube,4,11/28/2013
"20925,866,""Classic Vest, L"",3,2/6/2014"
20927,870,Water Bottle - 30 oz.,4,4/12/2014
20927,929,ML Mountain Tire,4,4/12/2014
20927,871,Mountain Bottle Cage,4,4/12/2014
"20927,707,""Sport-100 Helmet, Red"",4,4/12/2014"
20928,873,Patch Kit/8 Patches,4,3/30/2014
20928,929,ML Mountain Tire,4,3/30/2014
20929,873,Patch Kit/8 Patches,4,8/7/2013
20929,921,Mountain Tire Tube,4,8/7/2013
20930,929,ML Mountain Tire,4,12/29/2013
20930,934,Touring Tire,4,4/26/2014
20930,921,Mountain Tire Tube,4,12/29/2013
20931,877,Bike Wash - Dissolver,4,5/10/2014
20931,873,Patch Kit/8 Patches,4,5/10/2014
20931,922,Road Tire Tube,4,5/10/2014
20932,922,Road Tire Tube,4,4/14/2014
20932,712,AWC Logo Cap,3,4/14/2014
20935,879,All-Purpose Bike Stand,4,4/13/2014
20936,870,Water Bottle - 30 oz.,4,5/28/2014
20937,929,ML Mountain Tire,4,2/4/2014
"20937,707,""Sport-100 Helmet, Red"",4,2/4/2014"
"20937,716,""Long-Sleeve Logo Jersey, XL"",3,2/4/2014"
"20938,713,""Long-Sleeve Logo Jersey, S"",3,6/10/2014"
20938,921,Mountain Tire Tube,4,6/10/2014
20939,870,Water Bottle - 30 oz.,4,4/19/2014
"20940,707,""Sport-100 Helmet, Red"",4,7/15/2013"
20941,873,Patch Kit/8 Patches,4,7/24/2013
20941,922,Road Tire Tube,4,7/24/2013
20943,929,ML Mountain Tire,4,2/27/2014
20943,921,Mountain Tire Tube,4,2/27/2014
"20944,864,""Classic Vest, S"",3,7/9/2013"
20944,879,All-Purpose Bike Stand,4,7/9/2013
"20946,882,""Short-Sleeve Classic Jersey, M"",3,2/14/2014"
20947,921,Mountain Tire Tube,4,6/27/2014
20947,873,Patch Kit/8 Patches,4,6/27/2014
20949,921,Mountain Tire Tube,4,8/30/2013
20949,876,Hitch Rack - 4-Bike,4,8/30/2013
20950,929,ML Mountain Tire,4,10/6/2013
20951,929,ML Mountain Tire,4,1/11/2014
20951,873,Patch Kit/8 Patches,4,1/11/2014
20952,921,Mountain Tire Tube,4,5/16/2014
20952,929,ML Mountain Tire,4,5/16/2014
20953,922,Road Tire Tube,4,4/20/2014
20954,922,Road Tire Tube,4,2/15/2014
"20955,707,""Sport-100 Helmet, Red"",4,5/5/2014"
"20957,707,""Sport-100 Helmet, Red"",4,11/21/2013"
"20958,865,""Classic Vest, M"",3,7/1/2013"
20959,922,Road Tire Tube,4,4/4/2014
20960,922,Road Tire Tube,4,10/18/2013
20962,873,Patch Kit/8 Patches,4,9/12/2013
20963,921,Mountain Tire Tube,4,8/6/2013
20963,877,Bike Wash - Dissolver,4,8/6/2013
"20964,707,""Sport-100 Helmet, Red"",4,1/30/2014"
20968,929,ML Mountain Tire,4,12/11/2013
20969,922,Road Tire Tube,4,10/14/2013
20970,712,AWC Logo Cap,3,4/1/2014
20971,922,Road Tire Tube,4,4/4/2014
"20972,708,""Sport-100 Helmet, Black"",4,3/18/2014"
20972,921,Mountain Tire Tube,4,3/18/2014
20973,929,ML Mountain Tire,4,2/6/2014
20973,879,All-Purpose Bike Stand,4,2/6/2014
20974,876,Hitch Rack - 4-Bike,4,12/2/2013
20974,873,Patch Kit/8 Patches,4,12/2/2013
20975,932,ML Road Tire,4,11/25/2013
20975,922,Road Tire Tube,4,11/25/2013
"20976,707,""Sport-100 Helmet, Red"",4,1/1/2014"
20976,931,LL Road Tire,4,1/1/2014
"20979,707,""Sport-100 Helmet, Red"",4,4/6/2014"
"20980,883,""Short-Sleeve Classic Jersey, L"",3,4/15/2014"
20981,870,Water Bottle - 30 oz.,4,7/9/2013
20982,712,AWC Logo Cap,3,6/2/2013
"20983,707,""Sport-100 Helmet, Red"",4,9/26/2013"
20983,931,LL Road Tire,4,9/26/2013
20986,921,Mountain Tire Tube,4,3/7/2014
20987,872,Road Bottle Cage,4,9/15/2013
20989,931,LL Road Tire,4,9/27/2013
20990,870,Water Bottle - 30 oz.,4,9/11/2013
20990,880,Hydration Pack - 70 oz.,4,9/11/2013
"20990,875,""Racing Socks, L"",3,9/11/2013"
20993,876,Hitch Rack - 4-Bike,4,9/24/2013
20993,931,LL Road Tire,4,9/24/2013
20994,872,Road Bottle Cage,4,9/2/2013
"20994,859,""Half-Finger Gloves, M"",3,9/2/2013"
"20994,711,""Sport-100 Helmet, Blue"",4,9/2/2013"
20996,873,Patch Kit/8 Patches,4,9/12/2013
20996,877,Bike Wash - Dissolver,4,9/12/2013
20997,712,AWC Logo Cap,3,9/6/2013
20997,870,Water Bottle - 30 oz.,4,9/6/2013
20998,922,Road Tire Tube,4,9/24/2013
"20998,708,""Sport-100 Helmet, Black"",4,9/24/2013"
"20998,859,""Half-Finger Gloves, M"",3,9/24/2013"
20999,870,Water Bottle - 30 oz.,4,9/15/2013
21003,931,LL Road Tire,4,7/13/2013
21003,922,Road Tire Tube,4,7/13/2013
21005,931,LL Road Tire,4,1/13/2014
21007,870,Water Bottle - 30 oz.,4,3/5/2014
"21009,708,""Sport-100 Helmet, Black"",4,5/7/2014"
21011,712,AWC Logo Cap,3,11/18/2013
21012,872,Road Bottle Cage,4,11/15/2013
21014,872,Road Bottle Cage,4,6/18/2013
21014,870,Water Bottle - 30 oz.,4,6/18/2013
"21017,858,""Half-Finger Gloves, S"",3,6/14/2013"
21017,870,Water Bottle - 30 oz.,4,6/14/2013
21018,932,ML Road Tire,4,10/30/2013
21018,922,Road Tire Tube,4,10/30/2013
"21019,711,""Sport-100 Helmet, Blue"",4,4/2/2014"
21019,921,Mountain Tire Tube,4,4/2/2014
21020,870,Water Bottle - 30 oz.,4,10/31/2013
21021,931,LL Road Tire,4,7/8/2013
21021,922,Road Tire Tube,4,7/8/2013
21023,929,ML Mountain Tire,4,10/16/2013
21023,878,Fender Set - Mountain,4,10/16/2013
21023,921,Mountain Tire Tube,4,10/16/2013
21024,870,Water Bottle - 30 oz.,4,7/20/2013
"21024,875,""Racing Socks, L"",3,7/20/2013"
21025,921,Mountain Tire Tube,4,3/28/2014
21025,929,ML Mountain Tire,4,3/28/2014
21026,929,ML Mountain Tire,4,10/4/2013
21028,921,Mountain Tire Tube,4,2/18/2014
21028,873,Patch Kit/8 Patches,4,2/18/2014
21029,932,ML Road Tire,4,4/10/2014
21029,922,Road Tire Tube,4,4/10/2014
21031,712,AWC Logo Cap,3,7/17/2013
"21031,707,""Sport-100 Helmet, Red"",4,7/17/2013"
21031,870,Water Bottle - 30 oz.,4,7/17/2013
21033,870,Water Bottle - 30 oz.,4,7/14/2013
21036,922,Road Tire Tube,4,10/31/2013
21036,932,ML Road Tire,4,10/31/2013
"21037,713,""Long-Sleeve Logo Jersey, S"",3,1/24/2014"
21037,923,Touring Tire Tube,4,5/6/2014
21037,934,Touring Tire,4,5/6/2014
"21037,860,""Half-Finger Gloves, L"",3,1/24/2014"
"21040,881,""Short-Sleeve Classic Jersey, S"",3,6/26/2013"
21040,932,ML Road Tire,4,6/26/2013
"21041,858,""Half-Finger Gloves, S"",3,7/7/2013"
21041,922,Road Tire Tube,4,7/7/2013
"21043,708,""Sport-100 Helmet, Black"",4,1/30/2014"
21045,931,LL Road Tire,4,5/5/2014
21046,929,ML Mountain Tire,4,1/16/2014
21048,870,Water Bottle - 30 oz.,4,7/20/2013
21048,872,Road Bottle Cage,4,7/20/2013
21049,873,Patch Kit/8 Patches,4,12/16/2013
21050,712,AWC Logo Cap,3,7/17/2013
"21053,715,""Long-Sleeve Logo Jersey, L"",3,11/16/2013"
"21054,864,""Classic Vest, S"",3,5/15/2014"
21055,878,Fender Set - Mountain,4,1/13/2014
21055,870,Water Bottle - 30 oz.,4,1/13/2014
21055,871,Mountain Bottle Cage,4,1/13/2014
"21056,711,""Sport-100 Helmet, Blue"",4,6/25/2013"
21056,932,ML Road Tire,4,6/25/2013
21057,930,HL Mountain Tire,4,4/6/2014
21057,921,Mountain Tire Tube,4,4/6/2014
21058,931,LL Road Tire,4,11/23/2013
"21058,708,""Sport-100 Helmet, Black"",4,11/23/2013"
21058,712,AWC Logo Cap,3,11/23/2013
21059,870,Water Bottle - 30 oz.,4,7/7/2013
"21059,883,""Short-Sleeve Classic Jersey, L"",3,7/7/2013"
21059,872,Road Bottle Cage,4,7/7/2013
21061,870,Water Bottle - 30 oz.,4,7/13/2013
"21061,883,""Short-Sleeve Classic Jersey, L"",3,7/13/2013"
21062,931,LL Road Tire,4,8/13/2013
21063,931,LL Road Tire,4,9/21/2013
"21063,708,""Sport-100 Helmet, Black"",4,9/21/2013"
21064,872,Road Bottle Cage,4,8/20/2013
21065,873,Patch Kit/8 Patches,4,1/19/2014
21065,921,Mountain Tire Tube,4,1/19/2014
"21066,713,""Long-Sleeve Logo Jersey, S"",3,6/19/2014"
21066,878,Fender Set - Mountain,4,6/19/2014
"21066,858,""Half-Finger Gloves, S"",3,6/19/2014"
21066,929,ML Mountain Tire,4,6/19/2014
21068,929,ML Mountain Tire,4,9/5/2013
21068,921,Mountain Tire Tube,4,9/5/2013
"21068,860,""Half-Finger Gloves, L"",3,9/5/2013"
21069,921,Mountain Tire Tube,4,4/17/2014
"21069,707,""Sport-100 Helmet, Red"",4,4/17/2014"
21070,712,AWC Logo Cap,3,7/18/2013
21073,870,Water Bottle - 30 oz.,4,1/1/2014
21074,921,Mountain Tire Tube,4,11/24/2013
21074,929,ML Mountain Tire,4,11/24/2013
21075,870,Water Bottle - 30 oz.,4,9/16/2013
21077,931,LL Road Tire,4,12/4/2013
21078,931,LL Road Tire,4,3/29/2014
21079,921,Mountain Tire Tube,4,12/23/2013
21079,929,ML Mountain Tire,4,12/23/2013
21080,922,Road Tire Tube,4,6/12/2014
"21080,713,""Long-Sleeve Logo Jersey, S"",3,6/12/2014"
"21080,707,""Sport-100 Helmet, Red"",4,6/12/2014"
21082,870,Water Bottle - 30 oz.,4,12/22/2013
21082,712,AWC Logo Cap,3,12/22/2013
"21082,711,""Sport-100 Helmet, Blue"",4,12/22/2013"
"21083,874,""Racing Socks, M"",3,6/23/2014"
21084,922,Road Tire Tube,4,9/16/2013
21084,931,LL Road Tire,4,9/16/2013
"21085,711,""Sport-100 Helmet, Blue"",4,6/11/2014"
21086,712,AWC Logo Cap,3,1/14/2014
21086,870,Water Bottle - 30 oz.,4,1/14/2014
21088,931,LL Road Tire,4,9/5/2013
21091,712,AWC Logo Cap,3,12/20/2013
21092,873,Patch Kit/8 Patches,4,7/16/2013
21093,932,ML Road Tire,4,8/2/2013
21093,922,Road Tire Tube,4,8/2/2013
"21094,707,""Sport-100 Helmet, Red"",4,4/7/2014"
21094,922,Road Tire Tube,4,4/7/2014
21095,877,Bike Wash - Dissolver,4,9/26/2013
21095,931,LL Road Tire,4,9/26/2013
21096,712,AWC Logo Cap,3,3/28/2014
21097,870,Water Bottle - 30 oz.,4,1/19/2014
21098,922,Road Tire Tube,4,1/2/2014
21098,931,LL Road Tire,4,1/2/2014
"21098,708,""Sport-100 Helmet, Black"",4,1/2/2014"
21100,870,Water Bottle - 30 oz.,4,5/13/2014
21100,712,AWC Logo Cap,3,5/13/2014
21100,872,Road Bottle Cage,4,5/13/2014
21101,873,Patch Kit/8 Patches,4,2/21/2014
21102,871,Mountain Bottle Cage,4,2/3/2014
21102,712,AWC Logo Cap,3,2/3/2014
21103,712,AWC Logo Cap,3,8/18/2013
21103,872,Road Bottle Cage,4,8/18/2013
21104,922,Road Tire Tube,4,10/17/2013
21104,932,ML Road Tire,4,10/17/2013
21107,873,Patch Kit/8 Patches,4,2/10/2014
21107,929,ML Mountain Tire,4,2/10/2014
21109,870,Water Bottle - 30 oz.,4,4/13/2014
21110,929,ML Mountain Tire,4,7/17/2013
21111,921,Mountain Tire Tube,4,7/11/2013
21111,929,ML Mountain Tire,4,7/11/2013
21112,931,LL Road Tire,4,10/31/2013
21113,931,LL Road Tire,4,6/4/2014
21116,929,ML Mountain Tire,4,3/30/2014
21116,712,AWC Logo Cap,3,3/30/2014
"21116,711,""Sport-100 Helmet, Blue"",4,3/30/2014"
21117,931,LL Road Tire,4,1/21/2014
"21117,708,""Sport-100 Helmet, Black"",4,1/21/2014"
21118,921,Mountain Tire Tube,4,12/16/2013
21119,922,Road Tire Tube,4,2/27/2014
21120,712,AWC Logo Cap,3,7/5/2013
21120,870,Water Bottle - 30 oz.,4,7/5/2013
21122,873,Patch Kit/8 Patches,4,9/11/2013
21122,876,Hitch Rack - 4-Bike,4,9/11/2013
21123,931,LL Road Tire,4,3/15/2014
21124,921,Mountain Tire Tube,4,5/15/2014
21124,878,Fender Set - Mountain,4,5/15/2014
21125,922,Road Tire Tube,4,2/1/2014
21125,931,LL Road Tire,4,2/1/2014
21126,931,LL Road Tire,4,9/22/2013
21127,922,Road Tire Tube,4,1/14/2014
"21127,707,""Sport-100 Helmet, Red"",4,1/14/2014"
"21129,711,""Sport-100 Helmet, Blue"",4,5/20/2014"
21129,870,Water Bottle - 30 oz.,4,5/20/2014
21131,870,Water Bottle - 30 oz.,4,11/26/2013
21134,921,Mountain Tire Tube,4,10/10/2013
21134,929,ML Mountain Tire,4,10/10/2013
21135,921,Mountain Tire Tube,4,9/20/2013
21135,929,ML Mountain Tire,4,9/20/2013
"21135,883,""Short-Sleeve Classic Jersey, L"",3,9/20/2013"
21135,871,Mountain Bottle Cage,4,9/20/2013
21136,871,Mountain Bottle Cage,4,11/9/2013
21136,870,Water Bottle - 30 oz.,4,11/9/2013
"21136,708,""Sport-100 Helmet, Black"",4,11/9/2013"
21136,921,Mountain Tire Tube,4,11/9/2013
21137,873,Patch Kit/8 Patches,4,3/20/2014
21137,929,ML Mountain Tire,4,3/20/2014
21140,870,Water Bottle - 30 oz.,4,10/22/2013
21142,870,Water Bottle - 30 oz.,4,5/24/2014
21142,871,Mountain Bottle Cage,4,5/24/2014
21142,877,Bike Wash - Dissolver,4,5/24/2014
21144,870,Water Bottle - 30 oz.,4,2/9/2014
"21144,883,""Short-Sleeve Classic Jersey, L"",3,2/9/2014"
21145,870,Water Bottle - 30 oz.,4,4/2/2014
21145,871,Mountain Bottle Cage,4,4/2/2014
"21147,707,""Sport-100 Helmet, Red"",4,2/24/2014"
21149,712,AWC Logo Cap,3,2/13/2014
21152,870,Water Bottle - 30 oz.,4,2/1/2014
21153,873,Patch Kit/8 Patches,4,2/10/2014
"21154,708,""Sport-100 Helmet, Black"",4,5/7/2014"
"21154,859,""Half-Finger Gloves, M"",3,5/7/2014"
21154,871,Mountain Bottle Cage,4,5/7/2014
21156,932,ML Road Tire,4,2/17/2014
21157,870,Water Bottle - 30 oz.,4,11/9/2013
"21157,711,""Sport-100 Helmet, Blue"",4,11/9/2013"
21158,870,Water Bottle - 30 oz.,4,8/4/2013
"21158,711,""Sport-100 Helmet, Blue"",4,8/4/2013"
21159,870,Water Bottle - 30 oz.,4,7/23/2013
"21159,859,""Half-Finger Gloves, M"",3,7/23/2013"
"21159,711,""Sport-100 Helmet, Blue"",4,7/23/2013"
"21160,860,""Half-Finger Gloves, L"",3,2/26/2014"
21163,871,Mountain Bottle Cage,4,6/30/2014
21163,880,Hydration Pack - 70 oz.,4,6/30/2014
"21164,883,""Short-Sleeve Classic Jersey, L"",3,1/7/2014"
21164,871,Mountain Bottle Cage,4,1/7/2014
21165,870,Water Bottle - 30 oz.,4,1/8/2014
"21165,707,""Sport-100 Helmet, Red"",4,1/8/2014"
21166,872,Road Bottle Cage,4,1/9/2014
21166,712,AWC Logo Cap,3,1/9/2014
21169,872,Road Bottle Cage,4,1/1/2014
21169,712,AWC Logo Cap,3,1/1/2014
21170,930,HL Mountain Tire,4,3/12/2014
21170,921,Mountain Tire Tube,4,3/12/2014
21171,873,Patch Kit/8 Patches,4,10/6/2013
21172,921,Mountain Tire Tube,4,8/12/2013
21172,873,Patch Kit/8 Patches,4,8/12/2013
21174,873,Patch Kit/8 Patches,4,2/19/2014
21174,921,Mountain Tire Tube,4,2/19/2014
21177,921,Mountain Tire Tube,4,1/6/2014
21178,921,Mountain Tire Tube,4,1/12/2014
21179,870,Water Bottle - 30 oz.,4,1/10/2014
21179,872,Road Bottle Cage,4,1/10/2014
21181,873,Patch Kit/8 Patches,4,2/14/2014
21182,873,Patch Kit/8 Patches,4,5/7/2014
21184,930,HL Mountain Tire,4,1/27/2014
21184,921,Mountain Tire Tube,4,1/27/2014
21185,921,Mountain Tire Tube,4,6/2/2014
21187,873,Patch Kit/8 Patches,4,12/1/2013
"21188,707,""Sport-100 Helmet, Red"",4,10/30/2013"
21188,921,Mountain Tire Tube,4,10/30/2013
"21188,883,""Short-Sleeve Classic Jersey, L"",3,10/30/2013"
21189,922,Road Tire Tube,4,1/11/2014
"21189,707,""Sport-100 Helmet, Red"",4,1/11/2014"
21190,873,Patch Kit/8 Patches,4,7/11/2013
21190,921,Mountain Tire Tube,4,7/11/2013
"21192,711,""Sport-100 Helmet, Blue"",4,1/20/2014"
21193,712,AWC Logo Cap,3,2/1/2014
21193,870,Water Bottle - 30 oz.,4,2/1/2014
21194,922,Road Tire Tube,4,2/7/2014
21196,929,ML Mountain Tire,4,1/26/2014
"21198,707,""Sport-100 Helmet, Red"",4,3/3/2014"
21198,929,ML Mountain Tire,4,3/3/2014
21204,930,HL Mountain Tire,4,2/22/2014
21204,921,Mountain Tire Tube,4,2/22/2014
21207,929,ML Mountain Tire,4,10/25/2013
"21207,883,""Short-Sleeve Classic Jersey, L"",3,10/25/2013"
21207,921,Mountain Tire Tube,4,10/25/2013
21208,921,Mountain Tire Tube,4,9/28/2013
21209,930,HL Mountain Tire,4,2/7/2014
21210,930,HL Mountain Tire,4,8/24/2013
21211,870,Water Bottle - 30 oz.,4,1/16/2014
21212,921,Mountain Tire Tube,4,7/24/2013
"21212,708,""Sport-100 Helmet, Black"",4,7/24/2013"
21213,873,Patch Kit/8 Patches,4,3/28/2014
21213,921,Mountain Tire Tube,4,3/28/2014
21213,878,Fender Set - Mountain,4,3/28/2014
21216,872,Road Bottle Cage,4,2/3/2014
21216,870,Water Bottle - 30 oz.,4,2/3/2014
21218,922,Road Tire Tube,4,2/4/2014
"21219,707,""Sport-100 Helmet, Red"",4,2/22/2014"
21219,922,Road Tire Tube,4,2/22/2014
21220,930,HL Mountain Tire,4,8/30/2013
"21220,711,""Sport-100 Helmet, Blue"",4,8/30/2013"
21223,878,Fender Set - Mountain,4,8/25/2013
21224,921,Mountain Tire Tube,4,3/10/2014
21224,873,Patch Kit/8 Patches,4,3/10/2014
21225,870,Water Bottle - 30 oz.,4,2/18/2014
21225,872,Road Bottle Cage,4,2/18/2014
"21225,716,""Long-Sleeve Logo Jersey, XL"",3,2/18/2014"
21225,712,AWC Logo Cap,3,2/18/2014
21226,873,Patch Kit/8 Patches,4,2/7/2014
21227,878,Fender Set - Mountain,4,2/24/2014
21230,873,Patch Kit/8 Patches,4,2/21/2014
"21232,708,""Sport-100 Helmet, Black"",4,5/21/2014"
"21233,716,""Long-Sleeve Logo Jersey, XL"",3,9/4/2013"
"21234,716,""Long-Sleeve Logo Jersey, XL"",3,7/21/2013"
21235,872,Road Bottle Cage,4,2/17/2014
21236,877,Bike Wash - Dissolver,4,1/25/2014
21236,871,Mountain Bottle Cage,4,1/25/2014
21236,880,Hydration Pack - 70 oz.,4,1/25/2014
21238,928,LL Mountain Tire,4,9/3/2013
21238,921,Mountain Tire Tube,4,6/20/2014
21239,873,Patch Kit/8 Patches,4,11/30/2013
"21240,716,""Long-Sleeve Logo Jersey, XL"",3,8/20/2013"
21241,712,AWC Logo Cap,3,10/10/2013
21242,712,AWC Logo Cap,3,8/12/2013
21243,870,Water Bottle - 30 oz.,4,1/6/2014
"21244,707,""Sport-100 Helmet, Red"",4,11/4/2013"
21244,871,Mountain Bottle Cage,4,11/4/2013
21245,870,Water Bottle - 30 oz.,4,11/22/2013
21245,871,Mountain Bottle Cage,4,11/22/2013
"21246,716,""Long-Sleeve Logo Jersey, XL"",3,2/17/2014"
21247,870,Water Bottle - 30 oz.,4,3/6/2014
21248,929,ML Mountain Tire,4,1/10/2014
21249,871,Mountain Bottle Cage,4,4/28/2014
21249,870,Water Bottle - 30 oz.,4,4/28/2014
21250,870,Water Bottle - 30 oz.,4,9/24/2013
21251,928,LL Mountain Tire,4,12/8/2013
21251,921,Mountain Tire Tube,4,1/1/2014
21251,873,Patch Kit/8 Patches,4,1/1/2014
21252,928,LL Mountain Tire,4,7/13/2013
21252,921,Mountain Tire Tube,4,7/18/2013
"21252,711,""Sport-100 Helmet, Blue"",4,7/18/2013"
21254,921,Mountain Tire Tube,4,7/14/2013
"21254,715,""Long-Sleeve Logo Jersey, L"",3,7/14/2013"
21255,929,ML Mountain Tire,4,8/8/2013
21260,870,Water Bottle - 30 oz.,4,2/27/2014
21261,870,Water Bottle - 30 oz.,4,9/19/2013
21261,880,Hydration Pack - 70 oz.,4,9/19/2013
"21262,882,""Short-Sleeve Classic Jersey, M"",3,5/8/2014"
21262,871,Mountain Bottle Cage,4,5/8/2014
21265,932,ML Road Tire,4,2/4/2014
21266,878,Fender Set - Mountain,4,5/30/2014
21270,870,Water Bottle - 30 oz.,4,12/6/2013
"21270,866,""Classic Vest, L"",3,12/6/2013"
21271,873,Patch Kit/8 Patches,4,3/19/2014
21272,871,Mountain Bottle Cage,4,5/30/2014
21272,870,Water Bottle - 30 oz.,4,5/30/2014
21273,870,Water Bottle - 30 oz.,4,12/21/2013
21274,870,Water Bottle - 30 oz.,4,2/14/2014
21274,872,Road Bottle Cage,4,2/14/2014
21275,873,Patch Kit/8 Patches,4,3/18/2014
21275,922,Road Tire Tube,4,3/18/2014
"21276,708,""Sport-100 Helmet, Black"",4,3/14/2014"
21278,871,Mountain Bottle Cage,4,6/1/2014
21280,871,Mountain Bottle Cage,4,5/12/2014
"21280,858,""Half-Finger Gloves, S"",3,5/12/2014"
21283,878,Fender Set - Mountain,4,9/14/2013
21283,921,Mountain Tire Tube,4,9/14/2013
"21283,707,""Sport-100 Helmet, Red"",4,9/14/2013"
21283,712,AWC Logo Cap,3,9/14/2013
21285,871,Mountain Bottle Cage,4,10/16/2013
"21286,882,""Short-Sleeve Classic Jersey, M"",3,4/17/2014"
21286,871,Mountain Bottle Cage,4,4/17/2014
21287,871,Mountain Bottle Cage,4,1/15/2014
21288,871,Mountain Bottle Cage,4,9/27/2013
"21289,882,""Short-Sleeve Classic Jersey, M"",3,4/14/2014"
21290,871,Mountain Bottle Cage,4,4/19/2014
21290,712,AWC Logo Cap,3,4/19/2014
21292,871,Mountain Bottle Cage,4,2/2/2014
21293,712,AWC Logo Cap,3,5/19/2014
"21295,708,""Sport-100 Helmet, Black"",4,4/10/2014"
"21296,711,""Sport-100 Helmet, Blue"",4,6/18/2014"
21296,871,Mountain Bottle Cage,4,6/18/2014
21296,870,Water Bottle - 30 oz.,4,6/18/2014
21298,870,Water Bottle - 30 oz.,4,8/26/2013
"21298,884,""Short-Sleeve Classic Jersey, XL"",3,8/26/2013"
21298,871,Mountain Bottle Cage,4,8/26/2013
21299,871,Mountain Bottle Cage,4,8/3/2013
21299,870,Water Bottle - 30 oz.,4,8/3/2013
21301,871,Mountain Bottle Cage,4,6/21/2014
21302,880,Hydration Pack - 70 oz.,4,10/22/2013
21302,871,Mountain Bottle Cage,4,10/22/2013
21303,871,Mountain Bottle Cage,4,12/28/2013
"21303,882,""Short-Sleeve Classic Jersey, M"",3,12/28/2013"
21304,871,Mountain Bottle Cage,4,10/22/2013
21304,712,AWC Logo Cap,3,10/22/2013
21307,870,Water Bottle - 30 oz.,4,8/30/2013
21307,871,Mountain Bottle Cage,4,8/30/2013
"21308,859,""Half-Finger Gloves, M"",3,5/11/2014"
21308,878,Fender Set - Mountain,4,5/11/2014
21309,712,AWC Logo Cap,3,7/12/2013
"21311,864,""Classic Vest, S"",3,5/28/2014"
21311,921,Mountain Tire Tube,4,5/28/2014
"21312,707,""Sport-100 Helmet, Red"",4,12/30/2013"
21312,871,Mountain Bottle Cage,4,12/30/2013
21315,880,Hydration Pack - 70 oz.,4,11/12/2013
21315,870,Water Bottle - 30 oz.,4,11/12/2013
"21316,882,""Short-Sleeve Classic Jersey, M"",3,3/15/2014"
21316,870,Water Bottle - 30 oz.,4,3/15/2014
21317,712,AWC Logo Cap,3,11/24/2013
21317,871,Mountain Bottle Cage,4,11/24/2013
"21317,707,""Sport-100 Helmet, Red"",4,11/24/2013"
21317,870,Water Bottle - 30 oz.,4,11/24/2013
21318,878,Fender Set - Mountain,4,2/28/2014
21318,870,Water Bottle - 30 oz.,4,2/28/2014
21319,871,Mountain Bottle Cage,4,4/30/2014
"21319,875,""Racing Socks, L"",3,4/30/2014"
21320,871,Mountain Bottle Cage,4,2/16/2014
21320,870,Water Bottle - 30 oz.,4,2/16/2014
"21320,711,""Sport-100 Helmet, Blue"",4,2/16/2014"
"21321,711,""Sport-100 Helmet, Blue"",4,8/15/2013"
21321,871,Mountain Bottle Cage,4,8/15/2013
21322,870,Water Bottle - 30 oz.,4,1/21/2014
"21324,881,""Short-Sleeve Classic Jersey, S"",3,9/20/2013"
21324,870,Water Bottle - 30 oz.,4,9/20/2013
21325,880,Hydration Pack - 70 oz.,4,9/24/2013
21325,870,Water Bottle - 30 oz.,4,9/24/2013
"21326,708,""Sport-100 Helmet, Black"",4,11/17/2013"
"21328,707,""Sport-100 Helmet, Red"",4,12/8/2013"
21328,871,Mountain Bottle Cage,4,12/8/2013
21329,712,AWC Logo Cap,3,3/13/2014
"21331,859,""Half-Finger Gloves, M"",3,6/13/2013"
21332,873,Patch Kit/8 Patches,4,7/12/2013
21332,931,LL Road Tire,4,7/12/2013
"21335,881,""Short-Sleeve Classic Jersey, S"",3,1/4/2014"
21336,877,Bike Wash - Dissolver,4,9/15/2013
"21337,707,""Sport-100 Helmet, Red"",4,1/20/2014"
21337,871,Mountain Bottle Cage,4,1/20/2014
21338,870,Water Bottle - 30 oz.,4,1/13/2014
"21338,874,""Racing Socks, M"",3,1/13/2014"
"21339,707,""Sport-100 Helmet, Red"",4,7/6/2013"
21340,870,Water Bottle - 30 oz.,4,10/9/2013
21340,871,Mountain Bottle Cage,4,10/9/2013
21341,870,Water Bottle - 30 oz.,4,6/9/2014
21345,877,Bike Wash - Dissolver,4,1/8/2014
21346,871,Mountain Bottle Cage,4,12/14/2013
21348,877,Bike Wash - Dissolver,4,5/13/2014
21348,870,Water Bottle - 30 oz.,4,5/13/2014
"21349,869,""Women's Mountain Shorts, L"",3,6/13/2013"
"21349,884,""Short-Sleeve Classic Jersey, XL"",3,6/13/2013"
21350,870,Water Bottle - 30 oz.,4,7/26/2013
21350,880,Hydration Pack - 70 oz.,4,7/26/2013
21351,870,Water Bottle - 30 oz.,4,3/29/2014
21351,873,Patch Kit/8 Patches,4,3/29/2014
21352,870,Water Bottle - 30 oz.,4,9/9/2013
21353,871,Mountain Bottle Cage,4,12/14/2013
"21355,707,""Sport-100 Helmet, Red"",4,3/3/2014"
21355,922,Road Tire Tube,4,3/3/2014
"21357,716,""Long-Sleeve Logo Jersey, XL"",3,3/1/2014"
21359,870,Water Bottle - 30 oz.,4,10/21/2013
21359,872,Road Bottle Cage,4,10/21/2013
"21360,711,""Sport-100 Helmet, Blue"",4,2/9/2014"
"21360,881,""Short-Sleeve Classic Jersey, S"",3,2/9/2014"
21361,870,Water Bottle - 30 oz.,4,9/30/2013
"21362,708,""Sport-100 Helmet, Black"",4,6/21/2014"
21362,921,Mountain Tire Tube,4,6/21/2014
21364,873,Patch Kit/8 Patches,4,6/28/2014
21365,921,Mountain Tire Tube,4,9/27/2013
21366,921,Mountain Tire Tube,4,7/4/2013
21367,921,Mountain Tire Tube,4,7/24/2013
21368,870,Water Bottle - 30 oz.,4,11/29/2013
"21370,711,""Sport-100 Helmet, Blue"",4,12/16/2013"
21371,873,Patch Kit/8 Patches,4,12/6/2013
21372,870,Water Bottle - 30 oz.,4,1/21/2014
21372,921,Mountain Tire Tube,4,1/21/2014
21372,871,Mountain Bottle Cage,4,1/21/2014
21373,873,Patch Kit/8 Patches,4,8/12/2013
21373,877,Bike Wash - Dissolver,4,8/12/2013
21374,873,Patch Kit/8 Patches,4,8/11/2013
"21375,707,""Sport-100 Helmet, Red"",4,8/2/2013"
"21378,874,""Racing Socks, M"",3,12/17/2013"
21380,872,Road Bottle Cage,4,10/2/2013
21384,922,Road Tire Tube,4,10/23/2013
"21384,884,""Short-Sleeve Classic Jersey, XL"",3,10/23/2013"
21384,931,LL Road Tire,4,10/23/2013
21385,872,Road Bottle Cage,4,5/20/2014
21385,870,Water Bottle - 30 oz.,4,5/20/2014
21387,873,Patch Kit/8 Patches,4,10/28/2013
21388,712,AWC Logo Cap,3,3/17/2014
21389,872,Road Bottle Cage,4,10/2/2013
"21389,711,""Sport-100 Helmet, Blue"",4,10/2/2013"
21390,873,Patch Kit/8 Patches,4,5/10/2014
"21393,859,""Half-Finger Gloves, M"",3,2/14/2014"
21393,870,Water Bottle - 30 oz.,4,2/14/2014
21395,871,Mountain Bottle Cage,4,6/7/2014
"21395,708,""Sport-100 Helmet, Black"",4,6/7/2014"
21397,870,Water Bottle - 30 oz.,4,12/17/2013
"21397,711,""Sport-100 Helmet, Blue"",4,12/17/2013"
21398,712,AWC Logo Cap,3,4/27/2014
21398,871,Mountain Bottle Cage,4,4/27/2014
"21400,864,""Classic Vest, S"",3,10/19/2013"
21400,872,Road Bottle Cage,4,10/19/2013
"21404,708,""Sport-100 Helmet, Black"",4,2/3/2014"
21405,930,HL Mountain Tire,4,11/27/2013
"21405,707,""Sport-100 Helmet, Red"",4,11/27/2013"
21406,921,Mountain Tire Tube,4,8/18/2013
"21406,708,""Sport-100 Helmet, Black"",4,8/18/2013"
21407,873,Patch Kit/8 Patches,4,6/30/2013
21407,930,HL Mountain Tire,4,6/30/2013
21411,932,ML Road Tire,4,4/29/2014
21412,880,Hydration Pack - 70 oz.,4,7/8/2013
21413,870,Water Bottle - 30 oz.,4,11/24/2013
21414,871,Mountain Bottle Cage,4,5/28/2014
21415,871,Mountain Bottle Cage,4,3/13/2014
"21415,708,""Sport-100 Helmet, Black"",4,3/13/2014"
21419,871,Mountain Bottle Cage,4,10/22/2013
"21419,715,""Long-Sleeve Logo Jersey, L"",3,10/22/2013"
21420,871,Mountain Bottle Cage,4,4/1/2014
21420,870,Water Bottle - 30 oz.,4,4/1/2014
"21421,714,""Long-Sleeve Logo Jersey, M"",3,12/22/2013"
21421,871,Mountain Bottle Cage,4,12/22/2013
21421,870,Water Bottle - 30 oz.,4,12/22/2013
21422,932,ML Road Tire,4,4/4/2014
"21422,711,""Sport-100 Helmet, Blue"",4,4/4/2014"
21423,929,ML Mountain Tire,4,2/14/2014
21423,921,Mountain Tire Tube,4,2/14/2014
21426,932,ML Road Tire,4,3/19/2014
21430,871,Mountain Bottle Cage,4,2/14/2014
"21430,858,""Half-Finger Gloves, S"",3,2/14/2014"
"21430,711,""Sport-100 Helmet, Blue"",4,2/14/2014"
"21431,708,""Sport-100 Helmet, Black"",4,5/28/2014"
21432,870,Water Bottle - 30 oz.,4,8/6/2013
21433,871,Mountain Bottle Cage,4,1/19/2014
21433,870,Water Bottle - 30 oz.,4,1/19/2014
"21434,883,""Short-Sleeve Classic Jersey, L"",3,5/28/2014"
21436,870,Water Bottle - 30 oz.,4,5/28/2014
"21436,708,""Sport-100 Helmet, Black"",4,5/28/2014"
21436,872,Road Bottle Cage,4,5/28/2014
21437,872,Road Bottle Cage,4,5/25/2014
21437,873,Patch Kit/8 Patches,4,5/25/2014
21440,870,Water Bottle - 30 oz.,4,5/31/2013
21440,712,AWC Logo Cap,3,5/31/2013
21441,873,Patch Kit/8 Patches,4,6/15/2014
21442,871,Mountain Bottle Cage,4,7/14/2013
21443,870,Water Bottle - 30 oz.,4,7/29/2013
"21443,711,""Sport-100 Helmet, Blue"",4,7/29/2013"
21444,871,Mountain Bottle Cage,4,10/25/2013
21444,870,Water Bottle - 30 oz.,4,10/25/2013
"21445,864,""Classic Vest, S"",3,7/31/2013"
21445,871,Mountain Bottle Cage,4,7/31/2013
21445,870,Water Bottle - 30 oz.,4,7/31/2013
21446,921,Mountain Tire Tube,4,10/9/2013
21449,871,Mountain Bottle Cage,4,10/19/2013
21450,880,Hydration Pack - 70 oz.,4,3/31/2014
21451,712,AWC Logo Cap,3,11/24/2013
21451,871,Mountain Bottle Cage,4,11/24/2013
21452,871,Mountain Bottle Cage,4,11/29/2013
21452,870,Water Bottle - 30 oz.,4,11/29/2013
21453,871,Mountain Bottle Cage,4,8/8/2013
21453,878,Fender Set - Mountain,4,8/8/2013
21455,871,Mountain Bottle Cage,4,10/12/2013
21456,870,Water Bottle - 30 oz.,4,10/7/2013
21456,871,Mountain Bottle Cage,4,10/7/2013
"21456,708,""Sport-100 Helmet, Black"",4,10/7/2013"
21457,870,Water Bottle - 30 oz.,4,2/27/2014
21457,880,Hydration Pack - 70 oz.,4,2/27/2014
"21458,711,""Sport-100 Helmet, Blue"",4,11/15/2013"
21458,870,Water Bottle - 30 oz.,4,11/15/2013
21459,870,Water Bottle - 30 oz.,4,7/18/2013
21460,871,Mountain Bottle Cage,4,12/22/2013
21461,876,Hitch Rack - 4-Bike,4,4/1/2014
21462,871,Mountain Bottle Cage,4,5/20/2014
"21462,707,""Sport-100 Helmet, Red"",4,5/20/2014"
21463,870,Water Bottle - 30 oz.,4,1/7/2014
21463,712,AWC Logo Cap,3,1/7/2014
21464,878,Fender Set - Mountain,4,4/23/2014
21466,873,Patch Kit/8 Patches,4,6/25/2013
21466,870,Water Bottle - 30 oz.,4,6/25/2013
21467,870,Water Bottle - 30 oz.,4,2/18/2014
21467,712,AWC Logo Cap,3,2/18/2014
21468,880,Hydration Pack - 70 oz.,4,2/13/2014
"21469,707,""Sport-100 Helmet, Red"",4,6/12/2013"
21469,872,Road Bottle Cage,4,6/12/2013
21470,870,Water Bottle - 30 oz.,4,6/20/2013
21470,872,Road Bottle Cage,4,6/20/2013
21471,878,Fender Set - Mountain,4,9/4/2013
21472,871,Mountain Bottle Cage,4,8/5/2013
"21472,711,""Sport-100 Helmet, Blue"",4,8/5/2013"
"21473,866,""Classic Vest, L"",3,2/16/2014"
21473,870,Water Bottle - 30 oz.,4,2/16/2014
"21474,708,""Sport-100 Helmet, Black"",4,7/27/2013"
21475,932,ML Road Tire,4,3/30/2014
21476,870,Water Bottle - 30 oz.,4,3/25/2014
21476,877,Bike Wash - Dissolver,4,3/25/2014
21476,872,Road Bottle Cage,4,3/25/2014
21477,870,Water Bottle - 30 oz.,4,11/21/2013
21477,871,Mountain Bottle Cage,4,11/21/2013
21479,932,ML Road Tire,4,3/24/2014
"21480,711,""Sport-100 Helmet, Blue"",4,5/28/2014"
"21483,708,""Sport-100 Helmet, Black"",4,3/18/2014"
21485,932,ML Road Tire,4,3/22/2014
21488,872,Road Bottle Cage,4,6/14/2013
21488,870,Water Bottle - 30 oz.,4,6/14/2013
"21488,707,""Sport-100 Helmet, Red"",4,6/14/2013"
21489,873,Patch Kit/8 Patches,4,2/8/2014
21490,873,Patch Kit/8 Patches,4,4/25/2014
21492,870,Water Bottle - 30 oz.,4,10/31/2013
21493,870,Water Bottle - 30 oz.,4,5/15/2014
"21493,884,""Short-Sleeve Classic Jersey, XL"",3,5/15/2014"
21494,873,Patch Kit/8 Patches,4,1/11/2014
21495,870,Water Bottle - 30 oz.,4,5/30/2014
21495,712,AWC Logo Cap,3,5/30/2014
21496,871,Mountain Bottle Cage,4,7/26/2013
21497,870,Water Bottle - 30 oz.,4,5/10/2014
"21497,859,""Half-Finger Gloves, M"",3,5/10/2014"
21497,871,Mountain Bottle Cage,4,5/10/2014
21498,871,Mountain Bottle Cage,4,4/16/2014
21498,870,Water Bottle - 30 oz.,4,4/16/2014
"21499,708,""Sport-100 Helmet, Black"",4,4/5/2014"
"21499,713,""Long-Sleeve Logo Jersey, S"",3,4/5/2014"
21499,871,Mountain Bottle Cage,4,4/5/2014
21500,870,Water Bottle - 30 oz.,4,7/21/2013
21500,877,Bike Wash - Dissolver,4,7/21/2013
21502,870,Water Bottle - 30 oz.,4,3/16/2014
21502,871,Mountain Bottle Cage,4,3/16/2014
21503,871,Mountain Bottle Cage,4,4/22/2014
"21503,708,""Sport-100 Helmet, Black"",4,4/22/2014"
21506,871,Mountain Bottle Cage,4,5/20/2014
"21506,708,""Sport-100 Helmet, Black"",4,5/20/2014"
"21508,707,""Sport-100 Helmet, Red"",4,5/14/2014"
21508,870,Water Bottle - 30 oz.,4,5/14/2014
21509,870,Water Bottle - 30 oz.,4,5/24/2014
"21510,708,""Sport-100 Helmet, Black"",4,9/2/2013"
21510,712,AWC Logo Cap,3,9/2/2013
21510,929,ML Mountain Tire,4,9/2/2013
"21510,716,""Long-Sleeve Logo Jersey, XL"",3,9/2/2013"
21511,921,Mountain Tire Tube,4,12/16/2013
21511,928,LL Mountain Tire,4,12/16/2013
"21513,715,""Long-Sleeve Logo Jersey, L"",3,1/20/2014"
21513,929,ML Mountain Tire,4,1/20/2014
"21513,708,""Sport-100 Helmet, Black"",4,1/20/2014"
21514,929,ML Mountain Tire,4,10/31/2013
"21514,711,""Sport-100 Helmet, Blue"",4,10/31/2013"
"21515,858,""Half-Finger Gloves, S"",3,11/6/2013"
21516,878,Fender Set - Mountain,4,5/13/2014
"21517,708,""Sport-100 Helmet, Black"",4,5/3/2014"
"21518,859,""Half-Finger Gloves, M"",3,12/20/2013"
21518,921,Mountain Tire Tube,4,12/20/2013
"21518,716,""Long-Sleeve Logo Jersey, XL"",3,12/20/2013"
21518,929,ML Mountain Tire,4,12/20/2013
"21519,707,""Sport-100 Helmet, Red"",4,11/11/2013"
21519,929,ML Mountain Tire,4,11/11/2013
21520,928,LL Mountain Tire,4,4/2/2014
21520,921,Mountain Tire Tube,4,4/2/2014
21521,929,ML Mountain Tire,4,1/16/2014
21521,921,Mountain Tire Tube,4,1/16/2014
"21522,708,""Sport-100 Helmet, Black"",4,12/2/2013"
21522,929,ML Mountain Tire,4,12/2/2013
21522,921,Mountain Tire Tube,4,12/2/2013
21523,929,ML Mountain Tire,4,6/30/2014
21524,928,LL Mountain Tire,4,6/30/2014
"21524,711,""Sport-100 Helmet, Blue"",4,6/30/2014"
21524,921,Mountain Tire Tube,4,6/30/2014
21525,873,Patch Kit/8 Patches,4,7/19/2013
21525,928,LL Mountain Tire,4,7/19/2013
21528,929,ML Mountain Tire,4,4/29/2014
"21530,711,""Sport-100 Helmet, Blue"",4,1/8/2014"
21530,929,ML Mountain Tire,4,1/8/2014
21530,712,AWC Logo Cap,3,1/8/2014
21530,921,Mountain Tire Tube,4,1/8/2014
21531,921,Mountain Tire Tube,4,6/24/2014
21531,878,Fender Set - Mountain,4,6/24/2014
21532,870,Water Bottle - 30 oz.,4,5/25/2014
"21532,707,""Sport-100 Helmet, Red"",4,5/25/2014"
21532,880,Hydration Pack - 70 oz.,4,5/25/2014
21533,873,Patch Kit/8 Patches,4,12/4/2013
21533,928,LL Mountain Tire,4,12/4/2013
21533,877,Bike Wash - Dissolver,4,12/4/2013
21534,929,ML Mountain Tire,4,6/4/2013
"21534,708,""Sport-100 Helmet, Black"",4,6/4/2013"
"21535,708,""Sport-100 Helmet, Black"",4,4/15/2014"
21535,921,Mountain Tire Tube,4,4/15/2014
21536,712,AWC Logo Cap,3,2/18/2014
21536,929,ML Mountain Tire,4,2/18/2014
21536,921,Mountain Tire Tube,4,2/18/2014
21538,870,Water Bottle - 30 oz.,4,5/22/2014
"21538,711,""Sport-100 Helmet, Blue"",4,5/22/2014"
21539,929,ML Mountain Tire,4,2/27/2014
21541,928,LL Mountain Tire,4,2/6/2014
21541,921,Mountain Tire Tube,4,2/6/2014
21543,921,Mountain Tire Tube,4,12/28/2013
21543,929,ML Mountain Tire,4,12/28/2013
21544,921,Mountain Tire Tube,4,4/9/2014
"21545,868,""Women's Mountain Shorts, M"",3,12/4/2013"
"21547,711,""Sport-100 Helmet, Blue"",4,1/30/2014"
21547,712,AWC Logo Cap,3,1/30/2014
21547,932,ML Road Tire,4,1/30/2014
21548,877,Bike Wash - Dissolver,4,2/19/2014
21548,922,Road Tire Tube,4,2/19/2014
"21549,711,""Sport-100 Helmet, Blue"",4,8/4/2013"
"21549,716,""Long-Sleeve Logo Jersey, XL"",3,8/4/2013"
21549,712,AWC Logo Cap,3,8/4/2013
"21550,883,""Short-Sleeve Classic Jersey, L"",3,1/9/2014"
21553,712,AWC Logo Cap,3,2/5/2014
21554,921,Mountain Tire Tube,4,1/25/2014
21554,930,HL Mountain Tire,4,1/25/2014
"21555,881,""Short-Sleeve Classic Jersey, S"",3,2/12/2014"
21555,922,Road Tire Tube,4,2/12/2014
"21556,874,""Racing Socks, M"",3,2/13/2014"
21559,872,Road Bottle Cage,4,2/17/2014
21560,870,Water Bottle - 30 oz.,4,2/15/2014
"21560,864,""Classic Vest, S"",3,2/15/2014"
"21561,860,""Half-Finger Gloves, L"",3,1/29/2014"
21561,933,HL Road Tire,4,1/29/2014
21563,921,Mountain Tire Tube,4,8/1/2013
21564,930,HL Mountain Tire,4,10/10/2013
21564,921,Mountain Tire Tube,4,10/10/2013
21565,921,Mountain Tire Tube,4,7/20/2013
21565,930,HL Mountain Tire,4,7/20/2013
21566,930,HL Mountain Tire,4,7/27/2013
21566,873,Patch Kit/8 Patches,4,7/27/2013
"21567,715,""Long-Sleeve Logo Jersey, L"",3,3/28/2014"
21567,933,HL Road Tire,4,3/28/2014
21568,933,HL Road Tire,4,3/30/2014
"21569,707,""Sport-100 Helmet, Red"",4,3/23/2014"
21569,870,Water Bottle - 30 oz.,4,3/23/2014
21569,872,Road Bottle Cage,4,3/23/2014
"21570,875,""Racing Socks, L"",3,3/29/2014"
21570,933,HL Road Tire,4,3/29/2014
21570,922,Road Tire Tube,4,3/29/2014
21573,930,HL Mountain Tire,4,1/9/2014
21573,878,Fender Set - Mountain,4,1/9/2014
"21574,708,""Sport-100 Helmet, Black"",4,7/15/2013"
21574,870,Water Bottle - 30 oz.,4,7/15/2013
"21574,713,""Long-Sleeve Logo Jersey, S"",3,7/15/2013"
21574,871,Mountain Bottle Cage,4,7/15/2013
21577,921,Mountain Tire Tube,4,5/5/2014
21578,873,Patch Kit/8 Patches,4,1/26/2014
21578,871,Mountain Bottle Cage,4,1/26/2014
21579,871,Mountain Bottle Cage,4,11/3/2013
21580,871,Mountain Bottle Cage,4,11/11/2013
21580,878,Fender Set - Mountain,4,11/11/2013
21580,877,Bike Wash - Dissolver,4,11/11/2013
21581,873,Patch Kit/8 Patches,4,7/9/2013
21582,872,Road Bottle Cage,4,10/2/2013
21582,870,Water Bottle - 30 oz.,4,10/2/2013
"21583,715,""Long-Sleeve Logo Jersey, L"",3,3/18/2014"
21583,712,AWC Logo Cap,3,3/18/2014
"21585,707,""Sport-100 Helmet, Red"",4,3/28/2014"
21590,870,Water Bottle - 30 oz.,4,4/12/2014
"21590,707,""Sport-100 Helmet, Red"",4,4/12/2014"
21591,870,Water Bottle - 30 oz.,4,5/24/2014
21591,880,Hydration Pack - 70 oz.,4,5/24/2014
21592,870,Water Bottle - 30 oz.,4,3/29/2014
21592,712,AWC Logo Cap,3,3/29/2014
21594,932,ML Road Tire,4,4/8/2014
"21595,711,""Sport-100 Helmet, Blue"",4,10/11/2013"
21595,922,Road Tire Tube,4,10/11/2013
21600,873,Patch Kit/8 Patches,4,6/2/2013
21601,931,LL Road Tire,4,7/23/2013
"21601,859,""Half-Finger Gloves, M"",3,7/23/2013"
21603,922,Road Tire Tube,4,7/6/2013
21603,931,LL Road Tire,4,7/6/2013
"21604,711,""Sport-100 Helmet, Blue"",4,4/16/2014"
"21605,715,""Long-Sleeve Logo Jersey, L"",3,4/6/2014"
21609,870,Water Bottle - 30 oz.,4,7/7/2013
21611,872,Road Bottle Cage,4,7/27/2013
21611,870,Water Bottle - 30 oz.,4,7/27/2013
21612,871,Mountain Bottle Cage,4,12/15/2013
21616,870,Water Bottle - 30 oz.,4,9/17/2013
"21616,881,""Short-Sleeve Classic Jersey, S"",3,9/17/2013"
21617,870,Water Bottle - 30 oz.,4,6/22/2014
21619,872,Road Bottle Cage,4,7/20/2013
21619,873,Patch Kit/8 Patches,4,7/20/2013
21621,922,Road Tire Tube,4,12/6/2013
21621,931,LL Road Tire,4,12/6/2013
21622,872,Road Bottle Cage,4,2/15/2014
21622,870,Water Bottle - 30 oz.,4,2/15/2014
21624,871,Mountain Bottle Cage,4,10/10/2013
"21624,711,""Sport-100 Helmet, Blue"",4,10/10/2013"
21625,870,Water Bottle - 30 oz.,4,1/11/2014
"21625,883,""Short-Sleeve Classic Jersey, L"",3,1/11/2014"
21626,876,Hitch Rack - 4-Bike,4,2/11/2014
21626,870,Water Bottle - 30 oz.,4,2/11/2014
21627,870,Water Bottle - 30 oz.,4,11/25/2013
21627,873,Patch Kit/8 Patches,4,11/25/2013
21628,712,AWC Logo Cap,3,2/5/2014
"21628,883,""Short-Sleeve Classic Jersey, L"",3,2/5/2014"
21628,871,Mountain Bottle Cage,4,2/5/2014
21630,871,Mountain Bottle Cage,4,7/16/2013
21631,921,Mountain Tire Tube,4,12/14/2013
21632,871,Mountain Bottle Cage,4,9/9/2013
21633,871,Mountain Bottle Cage,4,8/23/2013
21634,870,Water Bottle - 30 oz.,4,2/19/2014
"21634,708,""Sport-100 Helmet, Black"",4,2/19/2014"
21635,870,Water Bottle - 30 oz.,4,11/21/2013
21635,712,AWC Logo Cap,3,11/21/2013
21635,871,Mountain Bottle Cage,4,11/21/2013
21636,870,Water Bottle - 30 oz.,4,12/25/2013
21640,880,Hydration Pack - 70 oz.,4,12/20/2013
21640,871,Mountain Bottle Cage,4,12/20/2013
21640,870,Water Bottle - 30 oz.,4,12/20/2013
21645,712,AWC Logo Cap,3,4/14/2014
21646,931,LL Road Tire,4,7/21/2013
21647,872,Road Bottle Cage,4,7/13/2013
21647,870,Water Bottle - 30 oz.,4,7/13/2013
21649,870,Water Bottle - 30 oz.,4,7/21/2013
21650,872,Road Bottle Cage,4,7/18/2013
21651,870,Water Bottle - 30 oz.,4,8/10/2013
21651,880,Hydration Pack - 70 oz.,4,8/10/2013
21652,878,Fender Set - Mountain,4,7/2/2013
"21653,708,""Sport-100 Helmet, Black"",4,8/29/2013"
21653,872,Road Bottle Cage,4,8/29/2013
"21654,713,""Long-Sleeve Logo Jersey, S"",3,8/16/2013"
21654,872,Road Bottle Cage,4,8/16/2013
"21655,714,""Long-Sleeve Logo Jersey, M"",3,8/24/2013"
"21656,708,""Sport-100 Helmet, Black"",4,1/16/2014"
21657,870,Water Bottle - 30 oz.,4,9/22/2013
21658,712,AWC Logo Cap,3,3/14/2014
21659,922,Road Tire Tube,4,4/6/2014
21660,870,Water Bottle - 30 oz.,4,4/23/2014
"21661,884,""Short-Sleeve Classic Jersey, XL"",3,11/27/2013"
21663,870,Water Bottle - 30 oz.,4,1/19/2014
21664,922,Road Tire Tube,4,4/5/2014
"21664,707,""Sport-100 Helmet, Red"",4,4/5/2014"
21665,870,Water Bottle - 30 oz.,4,9/21/2013
21666,712,AWC Logo Cap,3,2/24/2014
21670,922,Road Tire Tube,4,2/11/2014
21670,876,Hitch Rack - 4-Bike,4,2/11/2014
21670,931,LL Road Tire,4,2/11/2014
21671,922,Road Tire Tube,4,9/20/2013
21671,931,LL Road Tire,4,9/20/2013
"21673,714,""Long-Sleeve Logo Jersey, M"",3,9/28/2013"
21673,872,Road Bottle Cage,4,9/28/2013
"21673,708,""Sport-100 Helmet, Black"",4,9/28/2013"
21675,922,Road Tire Tube,4,6/17/2014
"21675,714,""Long-Sleeve Logo Jersey, M"",3,6/17/2014"
"21675,858,""Half-Finger Gloves, S"",3,6/17/2014"
21676,931,LL Road Tire,4,5/30/2014
21678,921,Mountain Tire Tube,4,8/9/2013
21678,929,ML Mountain Tire,4,8/9/2013
"21680,708,""Sport-100 Helmet, Black"",4,8/6/2013"
21680,870,Water Bottle - 30 oz.,4,8/6/2013
21681,878,Fender Set - Mountain,4,3/19/2014
21682,873,Patch Kit/8 Patches,4,3/7/2014
"21683,881,""Short-Sleeve Classic Jersey, S"",3,12/1/2013"
"21684,707,""Sport-100 Helmet, Red"",4,1/11/2014"
21684,922,Road Tire Tube,4,1/11/2014
"21685,716,""Long-Sleeve Logo Jersey, XL"",3,4/28/2014"
21687,871,Mountain Bottle Cage,4,3/21/2014
21687,712,AWC Logo Cap,3,3/21/2014
21688,870,Water Bottle - 30 oz.,4,8/12/2013
21689,871,Mountain Bottle Cage,4,4/15/2014
21690,921,Mountain Tire Tube,4,9/18/2013
"21690,708,""Sport-100 Helmet, Black"",4,9/18/2013"
21691,921,Mountain Tire Tube,4,9/30/2013
21692,870,Water Bottle - 30 oz.,4,12/12/2013
"21693,708,""Sport-100 Helmet, Black"",4,10/31/2013"
21694,871,Mountain Bottle Cage,4,2/14/2014
"21694,708,""Sport-100 Helmet, Black"",4,2/14/2014"
21695,872,Road Bottle Cage,4,4/29/2014
21695,870,Water Bottle - 30 oz.,4,4/29/2014
"21696,881,""Short-Sleeve Classic Jersey, S"",3,5/31/2014"
21696,871,Mountain Bottle Cage,4,5/31/2014
21697,870,Water Bottle - 30 oz.,4,3/23/2014
21698,871,Mountain Bottle Cage,4,8/17/2013
"21699,859,""Half-Finger Gloves, M"",3,4/1/2014"
21699,870,Water Bottle - 30 oz.,4,4/1/2014
21701,870,Water Bottle - 30 oz.,4,11/8/2013
21701,871,Mountain Bottle Cage,4,11/8/2013
21701,877,Bike Wash - Dissolver,4,11/8/2013
21702,878,Fender Set - Mountain,4,3/3/2014
21702,928,LL Mountain Tire,4,3/3/2014
21702,921,Mountain Tire Tube,4,3/3/2014
"21703,874,""Racing Socks, M"",3,2/1/2014"
21703,928,LL Mountain Tire,4,6/6/2014
21704,932,ML Road Tire,4,4/14/2014
21704,922,Road Tire Tube,4,4/14/2014
"21705,708,""Sport-100 Helmet, Black"",4,5/7/2014"
21705,871,Mountain Bottle Cage,4,5/7/2014
"21706,707,""Sport-100 Helmet, Red"",4,1/23/2014"
"21706,715,""Long-Sleeve Logo Jersey, L"",3,1/23/2014"
21706,870,Water Bottle - 30 oz.,4,1/23/2014
21707,870,Water Bottle - 30 oz.,4,3/24/2014
"21708,711,""Sport-100 Helmet, Blue"",4,1/4/2014"
21708,870,Water Bottle - 30 oz.,4,1/4/2014
21710,870,Water Bottle - 30 oz.,4,4/11/2014
21710,880,Hydration Pack - 70 oz.,4,4/11/2014
"21711,860,""Half-Finger Gloves, L"",3,4/7/2014"
"21712,883,""Short-Sleeve Classic Jersey, L"",3,10/6/2013"
21712,871,Mountain Bottle Cage,4,10/6/2013
21713,870,Water Bottle - 30 oz.,4,10/27/2013
"21714,714,""Long-Sleeve Logo Jersey, M"",3,6/4/2014"
21714,871,Mountain Bottle Cage,4,6/4/2014
21715,870,Water Bottle - 30 oz.,4,7/15/2013
21716,870,Water Bottle - 30 oz.,4,2/9/2014
"21717,708,""Sport-100 Helmet, Black"",4,6/30/2014"
21718,877,Bike Wash - Dissolver,4,1/26/2014
21718,870,Water Bottle - 30 oz.,4,1/26/2014
21719,870,Water Bottle - 30 oz.,4,4/2/2014
"21719,714,""Long-Sleeve Logo Jersey, M"",3,4/2/2014"
21719,871,Mountain Bottle Cage,4,4/2/2014
21720,870,Water Bottle - 30 oz.,4,7/23/2013
21721,871,Mountain Bottle Cage,4,3/15/2014
21722,870,Water Bottle - 30 oz.,4,4/12/2014
"21723,711,""Sport-100 Helmet, Blue"",4,4/24/2014"
21724,870,Water Bottle - 30 oz.,4,12/12/2013
21726,921,Mountain Tire Tube,4,12/14/2013
21726,871,Mountain Bottle Cage,4,12/14/2013
21726,878,Fender Set - Mountain,4,12/14/2013
21727,870,Water Bottle - 30 oz.,4,4/28/2014
"21728,715,""Long-Sleeve Logo Jersey, L"",3,4/2/2014"
21729,871,Mountain Bottle Cage,4,2/26/2014
21729,870,Water Bottle - 30 oz.,4,2/26/2014
21730,873,Patch Kit/8 Patches,4,5/6/2014
21730,871,Mountain Bottle Cage,4,5/6/2014
21731,870,Water Bottle - 30 oz.,4,5/22/2014
"21732,866,""Classic Vest, L"",3,3/16/2014"
21732,870,Water Bottle - 30 oz.,4,3/16/2014
21732,921,Mountain Tire Tube,4,3/16/2014
21733,870,Water Bottle - 30 oz.,4,5/17/2014
21734,870,Water Bottle - 30 oz.,4,6/8/2014
21735,870,Water Bottle - 30 oz.,4,5/29/2014
21735,871,Mountain Bottle Cage,4,5/29/2014
"21735,859,""Half-Finger Gloves, M"",3,5/29/2014"
21736,871,Mountain Bottle Cage,4,4/18/2014
"21736,715,""Long-Sleeve Logo Jersey, L"",3,4/18/2014"
21737,922,Road Tire Tube,4,4/5/2014
21737,931,LL Road Tire,4,4/5/2014
"21738,711,""Sport-100 Helmet, Blue"",4,5/6/2014"
21738,929,ML Mountain Tire,4,5/6/2014
21739,873,Patch Kit/8 Patches,4,9/4/2013
21739,929,ML Mountain Tire,4,9/4/2013
21740,921,Mountain Tire Tube,4,6/16/2014
"21740,713,""Long-Sleeve Logo Jersey, S"",3,6/16/2014"
"21740,858,""Half-Finger Gloves, S"",3,6/16/2014"
21740,929,ML Mountain Tire,4,6/16/2014
21742,878,Fender Set - Mountain,4,9/29/2013
21743,870,Water Bottle - 30 oz.,4,9/29/2013
"21743,708,""Sport-100 Helmet, Black"",4,9/29/2013"
21744,871,Mountain Bottle Cage,4,3/1/2014
"21744,708,""Sport-100 Helmet, Black"",4,3/1/2014"
21745,870,Water Bottle - 30 oz.,4,1/10/2014
21745,878,Fender Set - Mountain,4,1/10/2014
21745,871,Mountain Bottle Cage,4,1/10/2014
21748,922,Road Tire Tube,4,8/4/2013
21748,931,LL Road Tire,4,8/4/2013
21750,870,Water Bottle - 30 oz.,4,9/2/2013
21750,871,Mountain Bottle Cage,4,9/2/2013
21751,871,Mountain Bottle Cage,4,1/23/2014
"21751,707,""Sport-100 Helmet, Red"",4,1/23/2014"
21752,921,Mountain Tire Tube,4,5/7/2014
21753,870,Water Bottle - 30 oz.,4,9/30/2013
"21753,865,""Classic Vest, M"",3,9/30/2013"
21754,870,Water Bottle - 30 oz.,4,2/16/2014
21755,871,Mountain Bottle Cage,4,3/17/2014
21756,870,Water Bottle - 30 oz.,4,8/1/2013
"21757,711,""Sport-100 Helmet, Blue"",4,6/25/2014"
"21757,859,""Half-Finger Gloves, M"",3,6/25/2014"
21757,870,Water Bottle - 30 oz.,4,6/25/2014
21758,870,Water Bottle - 30 oz.,4,3/15/2014
"21759,860,""Half-Finger Gloves, L"",3,5/18/2014"
"21759,708,""Sport-100 Helmet, Black"",4,5/18/2014"
21760,870,Water Bottle - 30 oz.,4,3/7/2014
"21760,708,""Sport-100 Helmet, Black"",4,3/7/2014"
21761,870,Water Bottle - 30 oz.,4,12/16/2013
21761,876,Hitch Rack - 4-Bike,4,12/16/2013
21762,871,Mountain Bottle Cage,4,7/3/2013
21762,712,AWC Logo Cap,3,7/3/2013
21762,870,Water Bottle - 30 oz.,4,7/3/2013
21763,870,Water Bottle - 30 oz.,4,4/16/2014
21763,871,Mountain Bottle Cage,4,4/16/2014
21764,873,Patch Kit/8 Patches,4,8/24/2013
21765,871,Mountain Bottle Cage,4,11/8/2013
"21765,864,""Classic Vest, S"",3,11/8/2013"
"21767,711,""Sport-100 Helmet, Blue"",4,1/3/2014"
21767,871,Mountain Bottle Cage,4,1/3/2014
"21767,713,""Long-Sleeve Logo Jersey, S"",3,1/3/2014"
21767,870,Water Bottle - 30 oz.,4,1/3/2014
21770,871,Mountain Bottle Cage,4,12/19/2013
21770,870,Water Bottle - 30 oz.,4,12/19/2013
21771,871,Mountain Bottle Cage,4,12/11/2013
21771,877,Bike Wash - Dissolver,4,12/11/2013
21772,870,Water Bottle - 30 oz.,4,2/21/2014
21772,871,Mountain Bottle Cage,4,2/21/2014
21773,871,Mountain Bottle Cage,4,10/27/2013
21774,870,Water Bottle - 30 oz.,4,5/14/2014
"21774,707,""Sport-100 Helmet, Red"",4,5/14/2014"
21775,870,Water Bottle - 30 oz.,4,8/31/2013
21775,880,Hydration Pack - 70 oz.,4,8/31/2013
21776,870,Water Bottle - 30 oz.,4,10/2/2013
21776,871,Mountain Bottle Cage,4,10/2/2013
21777,878,Fender Set - Mountain,4,4/26/2014
21778,871,Mountain Bottle Cage,4,3/20/2014
21779,871,Mountain Bottle Cage,4,5/21/2014
21780,880,Hydration Pack - 70 oz.,4,9/6/2013
21780,871,Mountain Bottle Cage,4,9/6/2013
21780,877,Bike Wash - Dissolver,4,9/6/2013
21782,871,Mountain Bottle Cage,4,9/28/2013
21782,870,Water Bottle - 30 oz.,4,9/28/2013
21783,871,Mountain Bottle Cage,4,7/28/2013
21783,870,Water Bottle - 30 oz.,4,7/28/2013
21784,870,Water Bottle - 30 oz.,4,10/14/2013
"21784,711,""Sport-100 Helmet, Blue"",4,10/14/2013"
21786,880,Hydration Pack - 70 oz.,4,1/29/2014
21786,871,Mountain Bottle Cage,4,1/29/2014
"21786,713,""Long-Sleeve Logo Jersey, S"",3,1/29/2014"
21787,871,Mountain Bottle Cage,4,7/22/2013
21787,873,Patch Kit/8 Patches,4,7/22/2013
21789,871,Mountain Bottle Cage,4,10/7/2013
21790,870,Water Bottle - 30 oz.,4,11/9/2013
21790,871,Mountain Bottle Cage,4,11/9/2013
"21790,707,""Sport-100 Helmet, Red"",4,11/9/2013"
21792,921,Mountain Tire Tube,4,5/2/2014
"21792,708,""Sport-100 Helmet, Black"",4,5/2/2014"
"21792,714,""Long-Sleeve Logo Jersey, M"",3,5/2/2014"
"21794,858,""Half-Finger Gloves, S"",3,4/3/2014"
21795,870,Water Bottle - 30 oz.,4,8/12/2013
21795,872,Road Bottle Cage,4,8/12/2013
"21795,711,""Sport-100 Helmet, Blue"",4,8/12/2013"
21796,921,Mountain Tire Tube,4,1/18/2014
21799,870,Water Bottle - 30 oz.,4,12/30/2013
21799,712,AWC Logo Cap,3,12/30/2013
21800,870,Water Bottle - 30 oz.,4,2/4/2014
"21800,715,""Long-Sleeve Logo Jersey, L"",3,2/4/2014"
21801,871,Mountain Bottle Cage,4,1/5/2014
21802,712,AWC Logo Cap,3,9/1/2013
21802,870,Water Bottle - 30 oz.,4,9/1/2013
"21802,881,""Short-Sleeve Classic Jersey, S"",3,9/1/2013"
21803,921,Mountain Tire Tube,4,3/28/2014
21804,870,Water Bottle - 30 oz.,4,12/24/2013
21805,871,Mountain Bottle Cage,4,9/15/2013
"21805,707,""Sport-100 Helmet, Red"",4,9/15/2013"
21806,871,Mountain Bottle Cage,4,2/11/2014
21809,870,Water Bottle - 30 oz.,4,3/13/2014
21809,871,Mountain Bottle Cage,4,3/13/2014
21810,870,Water Bottle - 30 oz.,4,8/1/2013
21810,712,AWC Logo Cap,3,8/1/2013
21811,870,Water Bottle - 30 oz.,4,4/29/2014
21811,873,Patch Kit/8 Patches,4,4/29/2014
21814,871,Mountain Bottle Cage,4,12/10/2013
"21815,859,""Half-Finger Gloves, M"",3,9/5/2013"
21815,921,Mountain Tire Tube,4,9/5/2013
"21816,883,""Short-Sleeve Classic Jersey, L"",3,12/1/2013"
"21816,858,""Half-Finger Gloves, S"",3,12/1/2013"
21818,929,ML Mountain Tire,4,10/2/2013
21818,873,Patch Kit/8 Patches,4,10/2/2013
21819,929,ML Mountain Tire,4,8/9/2013
"21820,874,""Racing Socks, M"",3,1/9/2014"
21821,712,AWC Logo Cap,3,12/27/2013
"21821,707,""Sport-100 Helmet, Red"",4,12/27/2013"
21824,932,ML Road Tire,4,5/12/2014
21826,870,Water Bottle - 30 oz.,4,4/16/2014
21829,932,ML Road Tire,4,3/14/2014
"21829,708,""Sport-100 Helmet, Black"",4,3/14/2014"
21831,929,ML Mountain Tire,4,3/8/2014
"21832,707,""Sport-100 Helmet, Red"",4,6/17/2014"
21834,870,Water Bottle - 30 oz.,4,3/4/2014
21835,712,AWC Logo Cap,3,5/11/2014
21835,878,Fender Set - Mountain,4,5/11/2014
"21837,866,""Classic Vest, L"",3,6/6/2014"
"21839,866,""Classic Vest, L"",3,1/27/2014"
21839,922,Road Tire Tube,4,1/27/2014
21840,932,ML Road Tire,4,7/5/2013
21840,873,Patch Kit/8 Patches,4,7/5/2013
21842,870,Water Bottle - 30 oz.,4,2/13/2014
"21842,708,""Sport-100 Helmet, Black"",4,2/13/2014"
21843,870,Water Bottle - 30 oz.,4,9/6/2013
"21844,708,""Sport-100 Helmet, Black"",4,12/28/2013"
"21846,707,""Sport-100 Helmet, Red"",4,8/15/2013"
21847,932,ML Road Tire,4,12/24/2013
21847,922,Road Tire Tube,4,12/24/2013
"21849,708,""Sport-100 Helmet, Black"",4,8/22/2013"
"21853,711,""Sport-100 Helmet, Blue"",4,1/31/2014"
21853,870,Water Bottle - 30 oz.,4,1/31/2014
21855,871,Mountain Bottle Cage,4,1/19/2014
"21857,707,""Sport-100 Helmet, Red"",4,6/26/2013"
21858,870,Water Bottle - 30 oz.,4,6/22/2013
"21858,707,""Sport-100 Helmet, Red"",4,6/22/2013"
"21861,708,""Sport-100 Helmet, Black"",4,7/3/2013"
21862,712,AWC Logo Cap,3,10/23/2013
21863,870,Water Bottle - 30 oz.,4,9/8/2013
21864,922,Road Tire Tube,4,11/28/2013
21865,932,ML Road Tire,4,10/30/2013
21865,876,Hitch Rack - 4-Bike,4,10/30/2013
21867,712,AWC Logo Cap,3,2/9/2014
21870,932,ML Road Tire,4,4/16/2014
21870,712,AWC Logo Cap,3,4/16/2014
21870,922,Road Tire Tube,4,4/16/2014
21872,921,Mountain Tire Tube,4,2/17/2014
21873,922,Road Tire Tube,4,3/27/2014
21874,870,Water Bottle - 30 oz.,4,3/25/2014
"21876,859,""Half-Finger Gloves, M"",3,3/5/2014"
21876,870,Water Bottle - 30 oz.,4,3/5/2014
21878,922,Road Tire Tube,4,3/3/2014
21878,873,Patch Kit/8 Patches,4,3/3/2014
21880,921,Mountain Tire Tube,4,1/31/2014
21881,921,Mountain Tire Tube,4,2/18/2014
"21881,711,""Sport-100 Helmet, Blue"",4,2/18/2014"
"21881,883,""Short-Sleeve Classic Jersey, L"",3,2/18/2014"
21883,873,Patch Kit/8 Patches,4,7/5/2013
21883,921,Mountain Tire Tube,4,7/5/2013
21884,930,HL Mountain Tire,4,3/8/2014
"21884,708,""Sport-100 Helmet, Black"",4,3/8/2014"
21885,877,Bike Wash - Dissolver,4,3/9/2014
21886,933,HL Road Tire,4,3/8/2014
"21886,708,""Sport-100 Helmet, Black"",4,3/8/2014"
21887,930,HL Mountain Tire,4,7/7/2013
21888,922,Road Tire Tube,4,3/5/2014
21888,933,HL Road Tire,4,3/5/2014
21890,921,Mountain Tire Tube,4,12/27/2013
21893,922,Road Tire Tube,4,3/29/2014
21893,933,HL Road Tire,4,3/29/2014
"21896,711,""Sport-100 Helmet, Blue"",4,11/6/2013"
21896,921,Mountain Tire Tube,4,11/6/2013
21897,712,AWC Logo Cap,3,3/6/2014
21897,870,Water Bottle - 30 oz.,4,3/6/2014
"21898,711,""Sport-100 Helmet, Blue"",4,4/4/2014"
21898,930,HL Mountain Tire,4,4/4/2014
21899,933,HL Road Tire,4,3/11/2014
21899,873,Patch Kit/8 Patches,4,3/11/2014
21900,870,Water Bottle - 30 oz.,4,11/2/2013
21900,880,Hydration Pack - 70 oz.,4,11/2/2013
21901,871,Mountain Bottle Cage,4,6/4/2014
21902,870,Water Bottle - 30 oz.,4,4/4/2014
21902,712,AWC Logo Cap,3,4/4/2014
21904,878,Fender Set - Mountain,4,2/6/2014
21905,871,Mountain Bottle Cage,4,12/18/2013
21906,871,Mountain Bottle Cage,4,1/20/2014
21907,871,Mountain Bottle Cage,4,2/12/2014
21908,870,Water Bottle - 30 oz.,4,1/12/2014
"21908,713,""Long-Sleeve Logo Jersey, S"",3,1/12/2014"
21909,873,Patch Kit/8 Patches,4,8/13/2013
21911,922,Road Tire Tube,4,12/8/2013
21911,931,LL Road Tire,4,12/8/2013
21913,931,LL Road Tire,4,5/24/2014
"21913,708,""Sport-100 Helmet, Black"",4,5/24/2014"
"21914,707,""Sport-100 Helmet, Red"",4,9/20/2013"
21915,712,AWC Logo Cap,3,8/11/2013
"21916,708,""Sport-100 Helmet, Black"",4,1/14/2014"
21917,871,Mountain Bottle Cage,4,11/3/2013
21917,880,Hydration Pack - 70 oz.,4,11/3/2013
"21918,883,""Short-Sleeve Classic Jersey, L"",3,7/2/2013"
21918,870,Water Bottle - 30 oz.,4,7/2/2013
21920,932,ML Road Tire,4,4/26/2014
21920,922,Road Tire Tube,4,4/26/2014
21925,873,Patch Kit/8 Patches,4,6/3/2014
"21926,882,""Short-Sleeve Classic Jersey, M"",3,5/10/2014"
21929,712,AWC Logo Cap,3,5/7/2014
"21930,707,""Sport-100 Helmet, Red"",4,5/14/2014"
"21930,881,""Short-Sleeve Classic Jersey, S"",3,5/14/2014"
21932,922,Road Tire Tube,4,5/19/2014
"21932,875,""Racing Socks, L"",3,5/19/2014"
"21933,711,""Sport-100 Helmet, Blue"",4,4/25/2014"
21933,871,Mountain Bottle Cage,4,4/25/2014
21935,870,Water Bottle - 30 oz.,4,6/4/2014
21935,871,Mountain Bottle Cage,4,6/4/2014
"21936,716,""Long-Sleeve Logo Jersey, XL"",3,2/1/2014"
21936,870,Water Bottle - 30 oz.,4,2/1/2014
"21936,707,""Sport-100 Helmet, Red"",4,2/1/2014"
21937,872,Road Bottle Cage,4,5/7/2014
21938,871,Mountain Bottle Cage,4,1/13/2014
21939,871,Mountain Bottle Cage,4,9/9/2013
21940,931,LL Road Tire,4,8/21/2013
21940,877,Bike Wash - Dissolver,4,8/21/2013
"21944,881,""Short-Sleeve Classic Jersey, S"",3,3/10/2014"
21946,873,Patch Kit/8 Patches,4,4/18/2014
21950,870,Water Bottle - 30 oz.,4,4/28/2014
21951,922,Road Tire Tube,4,4/16/2014
"21952,858,""Half-Finger Gloves, S"",3,10/28/2013"
21952,921,Mountain Tire Tube,4,10/28/2013
"21952,708,""Sport-100 Helmet, Black"",4,10/28/2013"
21955,872,Road Bottle Cage,4,4/24/2014
"21958,707,""Sport-100 Helmet, Red"",4,4/24/2014"
21958,922,Road Tire Tube,4,4/24/2014
21959,870,Water Bottle - 30 oz.,4,4/11/2014
21959,872,Road Bottle Cage,4,4/11/2014
21960,921,Mountain Tire Tube,4,2/13/2014
21961,921,Mountain Tire Tube,4,8/2/2013
21961,930,HL Mountain Tire,4,8/2/2013
21963,921,Mountain Tire Tube,4,10/5/2013
21964,921,Mountain Tire Tube,4,2/22/2014
21964,930,HL Mountain Tire,4,2/22/2014
21965,921,Mountain Tire Tube,4,4/19/2014
"21965,707,""Sport-100 Helmet, Red"",4,4/19/2014"
"21965,858,""Half-Finger Gloves, S"",3,4/19/2014"
"21967,707,""Sport-100 Helmet, Red"",4,5/2/2014"
21967,921,Mountain Tire Tube,4,5/2/2014
"21967,882,""Short-Sleeve Classic Jersey, M"",3,5/2/2014"
21968,712,AWC Logo Cap,3,4/24/2014
"21968,708,""Sport-100 Helmet, Black"",4,4/24/2014"
"21969,881,""Short-Sleeve Classic Jersey, S"",3,4/29/2014"
21969,712,AWC Logo Cap,3,4/29/2014
"21969,711,""Sport-100 Helmet, Blue"",4,4/29/2014"
21969,933,HL Road Tire,4,4/29/2014
21970,929,ML Mountain Tire,4,4/17/2014
21971,873,Patch Kit/8 Patches,4,12/12/2013
21972,877,Bike Wash - Dissolver,4,10/28/2013
21972,929,ML Mountain Tire,4,10/28/2013
21973,878,Fender Set - Mountain,4,4/28/2014
21974,870,Water Bottle - 30 oz.,4,4/22/2014
21974,872,Road Bottle Cage,4,4/22/2014
21975,878,Fender Set - Mountain,4,5/30/2014
21977,921,Mountain Tire Tube,4,11/11/2013
21977,930,HL Mountain Tire,4,11/11/2013
21978,930,HL Mountain Tire,4,9/22/2013
21980,873,Patch Kit/8 Patches,4,3/23/2014
21980,879,All-Purpose Bike Stand,4,3/23/2014
21980,922,Road Tire Tube,4,3/23/2014
"21981,882,""Short-Sleeve Classic Jersey, M"",3,4/12/2014"
21984,922,Road Tire Tube,4,4/4/2014
21984,873,Patch Kit/8 Patches,4,4/4/2014
21987,872,Road Bottle Cage,4,4/10/2014
21990,921,Mountain Tire Tube,4,9/6/2013
"21990,707,""Sport-100 Helmet, Red"",4,9/6/2013"
"21990,858,""Half-Finger Gloves, S"",3,9/6/2013"
21991,878,Fender Set - Mountain,4,6/24/2014
"21991,711,""Sport-100 Helmet, Blue"",4,6/24/2014"
21991,930,HL Mountain Tire,4,6/24/2014
"21991,858,""Half-Finger Gloves, S"",3,6/24/2014"
21992,873,Patch Kit/8 Patches,4,5/30/2014
21992,921,Mountain Tire Tube,4,5/30/2014
21992,876,Hitch Rack - 4-Bike,4,5/30/2014
21992,878,Fender Set - Mountain,4,5/30/2014
21993,930,HL Mountain Tire,4,8/8/2013
"21993,711,""Sport-100 Helmet, Blue"",4,8/8/2013"
21995,930,HL Mountain Tire,4,1/17/2014
"21996,708,""Sport-100 Helmet, Black"",4,4/22/2014"
21996,922,Road Tire Tube,4,4/22/2014
21997,930,HL Mountain Tire,4,4/5/2014
21998,930,HL Mountain Tire,4,12/14/2013
22000,873,Patch Kit/8 Patches,4,4/4/2014
22000,933,HL Road Tire,4,4/4/2014
22001,921,Mountain Tire Tube,4,10/4/2013
"22001,708,""Sport-100 Helmet, Black"",4,10/4/2013"
22002,712,AWC Logo Cap,3,1/29/2014
22003,878,Fender Set - Mountain,4,12/7/2013
22005,878,Fender Set - Mountain,4,5/29/2014
"22005,859,""Half-Finger Gloves, M"",3,5/29/2014"
"22005,881,""Short-Sleeve Classic Jersey, S"",3,5/29/2014"
22006,921,Mountain Tire Tube,4,8/18/2013
22006,930,HL Mountain Tire,4,8/18/2013
22007,871,Mountain Bottle Cage,4,5/12/2014
22008,712,AWC Logo Cap,3,5/11/2014
22008,870,Water Bottle - 30 oz.,4,5/11/2014
"22010,708,""Sport-100 Helmet, Black"",4,3/30/2014"
22010,870,Water Bottle - 30 oz.,4,3/30/2014
22011,870,Water Bottle - 30 oz.,4,5/1/2014
"22011,881,""Short-Sleeve Classic Jersey, S"",3,5/1/2014"
22012,870,Water Bottle - 30 oz.,4,11/30/2013
22013,922,Road Tire Tube,4,5/16/2014
22014,873,Patch Kit/8 Patches,4,6/10/2014
"22014,707,""Sport-100 Helmet, Red"",4,11/11/2013"
22014,921,Mountain Tire Tube,4,6/10/2014
22014,928,LL Mountain Tire,4,6/10/2014
22018,878,Fender Set - Mountain,4,11/12/2013
22019,921,Mountain Tire Tube,4,7/30/2013
22020,878,Fender Set - Mountain,4,2/26/2014
22021,712,AWC Logo Cap,3,4/4/2014
22021,871,Mountain Bottle Cage,4,4/4/2014
"22022,711,""Sport-100 Helmet, Blue"",4,4/14/2014"
22022,871,Mountain Bottle Cage,4,4/14/2014
22023,880,Hydration Pack - 70 oz.,4,8/20/2013
22023,871,Mountain Bottle Cage,4,8/20/2013
"22023,875,""Racing Socks, L"",3,8/20/2013"
22024,870,Water Bottle - 30 oz.,4,10/3/2013
22024,712,AWC Logo Cap,3,10/3/2013
22025,870,Water Bottle - 30 oz.,4,12/8/2013
22026,921,Mountain Tire Tube,4,1/29/2014
22027,880,Hydration Pack - 70 oz.,4,10/11/2013
"22029,874,""Racing Socks, M"",3,5/15/2014"
22031,870,Water Bottle - 30 oz.,4,4/22/2014
22034,870,Water Bottle - 30 oz.,4,8/31/2013
22035,921,Mountain Tire Tube,4,8/31/2013
"22035,707,""Sport-100 Helmet, Red"",4,8/31/2013"
22037,929,ML Mountain Tire,4,2/14/2014
22037,873,Patch Kit/8 Patches,4,2/14/2014
22037,921,Mountain Tire Tube,4,2/14/2014
22038,929,ML Mountain Tire,4,7/7/2013
"22038,711,""Sport-100 Helmet, Blue"",4,7/7/2013"
22038,870,Water Bottle - 30 oz.,4,7/7/2013
22038,871,Mountain Bottle Cage,4,7/7/2013
22039,921,Mountain Tire Tube,4,5/15/2014
22040,873,Patch Kit/8 Patches,4,10/16/2013
22040,921,Mountain Tire Tube,4,10/16/2013
22041,872,Road Bottle Cage,4,5/24/2014
22041,870,Water Bottle - 30 oz.,4,5/24/2014
"22043,707,""Sport-100 Helmet, Red"",4,9/6/2013"
22043,870,Water Bottle - 30 oz.,4,9/6/2013
22044,870,Water Bottle - 30 oz.,4,9/11/2013
22044,872,Road Bottle Cage,4,9/11/2013
22045,872,Road Bottle Cage,4,9/13/2013
22045,877,Bike Wash - Dissolver,4,9/13/2013
22046,931,LL Road Tire,4,9/5/2013
22047,870,Water Bottle - 30 oz.,4,2/20/2014
22047,712,AWC Logo Cap,3,2/20/2014
22049,870,Water Bottle - 30 oz.,4,10/5/2013
22050,870,Water Bottle - 30 oz.,4,11/16/2013
22050,873,Patch Kit/8 Patches,4,11/16/2013
"22051,707,""Sport-100 Helmet, Red"",4,5/24/2014"
22051,870,Water Bottle - 30 oz.,4,5/24/2014
22052,870,Water Bottle - 30 oz.,4,7/12/2013
22054,873,Patch Kit/8 Patches,4,9/12/2013
22055,871,Mountain Bottle Cage,4,7/13/2013
22055,712,AWC Logo Cap,3,7/13/2013
22056,929,ML Mountain Tire,4,2/7/2014
22057,929,ML Mountain Tire,4,6/13/2014
"22057,707,""Sport-100 Helmet, Red"",4,6/13/2014"
22059,873,Patch Kit/8 Patches,4,9/1/2013
22060,921,Mountain Tire Tube,4,8/7/2013
22060,873,Patch Kit/8 Patches,4,8/7/2013
22063,712,AWC Logo Cap,3,6/17/2014
22068,870,Water Bottle - 30 oz.,4,9/12/2013
22068,712,AWC Logo Cap,3,9/12/2013
22069,870,Water Bottle - 30 oz.,4,12/29/2013
22069,871,Mountain Bottle Cage,4,12/29/2013
22070,870,Water Bottle - 30 oz.,4,1/6/2014
22071,712,AWC Logo Cap,3,10/7/2013
22071,871,Mountain Bottle Cage,4,10/7/2013
"22071,715,""Long-Sleeve Logo Jersey, L"",3,10/7/2013"
"22072,865,""Classic Vest, M"",3,8/31/2013"
22072,872,Road Bottle Cage,4,8/31/2013
22073,871,Mountain Bottle Cage,4,10/23/2013
"22073,860,""Half-Finger Gloves, L"",3,10/23/2013"
"22073,708,""Sport-100 Helmet, Black"",4,10/23/2013"
22074,870,Water Bottle - 30 oz.,4,9/28/2013
"22075,711,""Sport-100 Helmet, Blue"",4,2/27/2014"
22075,929,ML Mountain Tire,4,2/27/2014
"22075,716,""Long-Sleeve Logo Jersey, XL"",3,2/27/2014"
22075,921,Mountain Tire Tube,4,2/27/2014
22076,921,Mountain Tire Tube,4,10/26/2013
22076,878,Fender Set - Mountain,4,10/26/2013
22076,712,AWC Logo Cap,3,10/26/2013
22078,931,LL Road Tire,4,9/28/2013
22079,878,Fender Set - Mountain,4,3/11/2014
22080,878,Fender Set - Mountain,4,4/30/2014
22083,921,Mountain Tire Tube,4,1/27/2014
22083,876,Hitch Rack - 4-Bike,4,1/27/2014
"22084,707,""Sport-100 Helmet, Red"",4,3/10/2014"
22084,929,ML Mountain Tire,4,3/10/2014
22085,921,Mountain Tire Tube,4,1/5/2014
"22087,711,""Sport-100 Helmet, Blue"",4,12/10/2013"
22087,929,ML Mountain Tire,4,12/10/2013
22087,921,Mountain Tire Tube,4,12/10/2013
22088,712,AWC Logo Cap,3,9/14/2013
22089,872,Road Bottle Cage,4,9/8/2013
22090,929,ML Mountain Tire,4,7/12/2013
22092,931,LL Road Tire,4,9/12/2013
22093,870,Water Bottle - 30 oz.,4,10/16/2013
22093,872,Road Bottle Cage,4,10/16/2013
22095,878,Fender Set - Mountain,4,4/12/2014
"22096,865,""Classic Vest, M"",3,10/3/2013"
22096,921,Mountain Tire Tube,4,10/3/2013
22096,929,ML Mountain Tire,4,10/3/2013
22097,921,Mountain Tire Tube,4,7/19/2013
22097,878,Fender Set - Mountain,4,7/19/2013
"22098,707,""Sport-100 Helmet, Red"",4,11/28/2013"
22098,929,ML Mountain Tire,4,11/28/2013
22099,873,Patch Kit/8 Patches,4,10/13/2013
22100,878,Fender Set - Mountain,4,1/8/2014
"22100,883,""Short-Sleeve Classic Jersey, L"",3,1/8/2014"
22100,870,Water Bottle - 30 oz.,4,1/8/2014
22101,873,Patch Kit/8 Patches,4,3/8/2014
"22102,713,""Long-Sleeve Logo Jersey, S"",3,3/8/2014"
22102,929,ML Mountain Tire,4,3/8/2014
22103,921,Mountain Tire Tube,4,10/23/2013
"22103,707,""Sport-100 Helmet, Red"",4,10/23/2013"
22104,872,Road Bottle Cage,4,10/7/2013
22105,929,ML Mountain Tire,4,6/3/2014
22105,921,Mountain Tire Tube,4,6/3/2014
22105,873,Patch Kit/8 Patches,4,6/3/2014
22106,872,Road Bottle Cage,4,10/11/2013
22107,878,Fender Set - Mountain,4,11/12/2013
"22108,713,""Long-Sleeve Logo Jersey, S"",3,9/18/2013"
22108,870,Water Bottle - 30 oz.,4,9/18/2013
22110,921,Mountain Tire Tube,4,5/26/2014
"22112,716,""Long-Sleeve Logo Jersey, XL"",3,7/23/2013"
22113,870,Water Bottle - 30 oz.,4,10/17/2013
"22113,711,""Sport-100 Helmet, Blue"",4,10/17/2013"
22114,921,Mountain Tire Tube,4,10/30/2013
22114,928,LL Mountain Tire,4,10/30/2013
"22115,708,""Sport-100 Helmet, Black"",4,10/7/2013"
22116,931,LL Road Tire,4,10/28/2013
22117,870,Water Bottle - 30 oz.,4,12/14/2013
22118,870,Water Bottle - 30 oz.,4,12/26/2013
22119,931,LL Road Tire,4,10/28/2013
"22122,860,""Half-Finger Gloves, L"",3,9/13/2013"
22122,929,ML Mountain Tire,4,9/13/2013
22122,921,Mountain Tire Tube,4,9/13/2013
22124,929,ML Mountain Tire,4,4/14/2014
22125,929,ML Mountain Tire,4,8/11/2013
22126,921,Mountain Tire Tube,4,1/20/2014
22127,929,ML Mountain Tire,4,10/9/2013
22127,880,Hydration Pack - 70 oz.,4,10/9/2013
22128,871,Mountain Bottle Cage,4,12/25/2013
22128,870,Water Bottle - 30 oz.,4,12/25/2013
22132,872,Road Bottle Cage,4,10/28/2013
22132,870,Water Bottle - 30 oz.,4,10/28/2013
22133,873,Patch Kit/8 Patches,4,10/19/2013
22133,870,Water Bottle - 30 oz.,4,10/19/2013
22134,929,ML Mountain Tire,4,2/25/2014
"22134,713,""Long-Sleeve Logo Jersey, S"",3,2/25/2014"
"22134,711,""Sport-100 Helmet, Blue"",4,2/25/2014"
"22134,859,""Half-Finger Gloves, M"",3,2/25/2014"
22136,872,Road Bottle Cage,4,10/6/2013
22137,932,ML Road Tire,4,5/7/2014
"22137,708,""Sport-100 Helmet, Black"",4,5/7/2014"
22138,921,Mountain Tire Tube,4,9/17/2013
22138,929,ML Mountain Tire,4,9/17/2013
22141,873,Patch Kit/8 Patches,4,1/26/2014
22141,879,All-Purpose Bike Stand,4,1/26/2014
22142,870,Water Bottle - 30 oz.,4,8/27/2013
22142,871,Mountain Bottle Cage,4,8/27/2013
22142,921,Mountain Tire Tube,4,8/27/2013
22142,878,Fender Set - Mountain,4,8/27/2013
22143,921,Mountain Tire Tube,4,7/18/2013
22144,921,Mountain Tire Tube,4,12/13/2013
"22144,715,""Long-Sleeve Logo Jersey, L"",3,12/13/2013"
22145,921,Mountain Tire Tube,4,8/22/2013
22145,929,ML Mountain Tire,4,8/22/2013
22146,929,ML Mountain Tire,4,5/13/2014
22146,921,Mountain Tire Tube,4,5/13/2014
"22149,884,""Short-Sleeve Classic Jersey, XL"",3,6/1/2014"
"22151,868,""Women's Mountain Shorts, M"",3,2/8/2014"
"22152,713,""Long-Sleeve Logo Jersey, S"",3,5/9/2014"
22154,871,Mountain Bottle Cage,4,7/7/2013
22154,878,Fender Set - Mountain,4,7/7/2013
22157,929,ML Mountain Tire,4,3/10/2014
22158,873,Patch Kit/8 Patches,4,11/6/2013
22158,921,Mountain Tire Tube,4,11/6/2013
22159,873,Patch Kit/8 Patches,4,5/13/2014
22160,921,Mountain Tire Tube,4,11/3/2013
22160,873,Patch Kit/8 Patches,4,11/3/2013
22161,929,ML Mountain Tire,4,5/22/2014
22161,921,Mountain Tire Tube,4,5/22/2014
22161,878,Fender Set - Mountain,4,5/22/2014
22161,870,Water Bottle - 30 oz.,4,5/22/2014
22162,929,ML Mountain Tire,4,11/5/2013
22162,921,Mountain Tire Tube,4,11/5/2013
22163,929,ML Mountain Tire,4,7/7/2013
22163,921,Mountain Tire Tube,4,7/7/2013
22164,931,LL Road Tire,4,11/10/2013
22165,929,ML Mountain Tire,4,10/18/2013
22165,879,All-Purpose Bike Stand,4,10/18/2013
"22166,711,""Sport-100 Helmet, Blue"",4,11/12/2013"
22166,929,ML Mountain Tire,4,11/12/2013
"22167,869,""Women's Mountain Shorts, L"",3,7/13/2013"
22168,872,Road Bottle Cage,4,10/29/2013
22169,712,AWC Logo Cap,3,11/19/2013
22170,931,LL Road Tire,4,10/3/2013
22172,922,Road Tire Tube,4,10/24/2013
22172,876,Hitch Rack - 4-Bike,4,10/24/2013
22172,712,AWC Logo Cap,3,10/24/2013
"22172,882,""Short-Sleeve Classic Jersey, M"",3,10/24/2013"
22173,872,Road Bottle Cage,4,10/6/2013
22176,870,Water Bottle - 30 oz.,4,12/5/2013
22176,871,Mountain Bottle Cage,4,12/5/2013
"22176,865,""Classic Vest, M"",3,12/5/2013"
22177,878,Fender Set - Mountain,4,12/13/2013
"22178,707,""Sport-100 Helmet, Red"",4,4/15/2014"
22181,870,Water Bottle - 30 oz.,4,4/10/2014
22181,872,Road Bottle Cage,4,4/10/2014
"22182,875,""Racing Socks, L"",3,11/28/2013"
22183,873,Patch Kit/8 Patches,4,3/19/2014
22184,929,ML Mountain Tire,4,3/15/2014
22184,873,Patch Kit/8 Patches,4,3/15/2014
22185,929,ML Mountain Tire,4,8/26/2013
22187,873,Patch Kit/8 Patches,4,6/3/2014
"22188,859,""Half-Finger Gloves, M"",3,5/22/2014"
22190,921,Mountain Tire Tube,4,3/24/2014
22190,929,ML Mountain Tire,4,3/24/2014
22191,929,ML Mountain Tire,4,10/17/2013
22191,921,Mountain Tire Tube,4,10/17/2013
"22191,708,""Sport-100 Helmet, Black"",4,10/17/2013"
22192,921,Mountain Tire Tube,4,11/24/2013
"22192,715,""Long-Sleeve Logo Jersey, L"",3,11/24/2013"
22195,712,AWC Logo Cap,3,5/5/2014
22195,872,Road Bottle Cage,4,5/5/2014
22197,933,HL Road Tire,4,5/6/2014
22197,922,Road Tire Tube,4,5/6/2014
22197,880,Hydration Pack - 70 oz.,4,5/6/2014
22198,933,HL Road Tire,4,5/2/2014
22199,870,Water Bottle - 30 oz.,4,5/11/2014
22199,872,Road Bottle Cage,4,5/11/2014
"22201,711,""Sport-100 Helmet, Blue"",4,5/11/2014"
"22201,881,""Short-Sleeve Classic Jersey, S"",3,5/11/2014"
22201,933,HL Road Tire,4,5/11/2014
22202,933,HL Road Tire,4,5/30/2014
22202,873,Patch Kit/8 Patches,4,5/30/2014
22202,922,Road Tire Tube,4,5/30/2014
22204,930,HL Mountain Tire,4,12/15/2013
22204,921,Mountain Tire Tube,4,12/15/2013
22205,878,Fender Set - Mountain,4,12/20/2013
22205,930,HL Mountain Tire,4,12/20/2013
22206,930,HL Mountain Tire,4,1/12/2014
22206,921,Mountain Tire Tube,4,1/12/2014
22206,879,All-Purpose Bike Stand,4,1/12/2014
22208,873,Patch Kit/8 Patches,4,8/31/2013
22208,921,Mountain Tire Tube,4,8/31/2013
22209,930,HL Mountain Tire,4,10/3/2013
"22209,711,""Sport-100 Helmet, Blue"",4,10/3/2013"
22211,921,Mountain Tire Tube,4,10/15/2013
22211,929,ML Mountain Tire,4,10/15/2013
22212,921,Mountain Tire Tube,4,10/3/2013
22213,878,Fender Set - Mountain,4,7/30/2013
22213,930,HL Mountain Tire,4,7/30/2013
22214,930,HL Mountain Tire,4,3/1/2014
22214,921,Mountain Tire Tube,4,3/1/2014
"22215,711,""Sport-100 Helmet, Blue"",4,9/14/2013"
22215,929,ML Mountain Tire,4,9/14/2013
"22215,875,""Racing Socks, L"",3,9/14/2013"
"22217,858,""Half-Finger Gloves, S"",3,6/19/2014"
22217,870,Water Bottle - 30 oz.,4,6/19/2014
22217,871,Mountain Bottle Cage,4,6/19/2014
22219,921,Mountain Tire Tube,4,4/24/2014
"22220,858,""Half-Finger Gloves, S"",3,5/28/2014"
22222,929,ML Mountain Tire,4,5/21/2014
22222,921,Mountain Tire Tube,4,5/21/2014
"22222,707,""Sport-100 Helmet, Red"",4,5/21/2014"
22223,929,ML Mountain Tire,4,2/27/2014
22224,931,LL Road Tire,4,11/10/2013
"22224,711,""Sport-100 Helmet, Blue"",4,11/10/2013"
22224,922,Road Tire Tube,4,11/10/2013
22226,921,Mountain Tire Tube,4,8/18/2013
22227,929,ML Mountain Tire,4,8/26/2013
22228,921,Mountain Tire Tube,4,4/2/2014
22228,873,Patch Kit/8 Patches,4,4/2/2014
22229,932,ML Road Tire,4,5/6/2014
"22230,716,""Long-Sleeve Logo Jersey, XL"",3,2/25/2014"
22230,921,Mountain Tire Tube,4,2/25/2014
22231,870,Water Bottle - 30 oz.,4,10/30/2013
22231,872,Road Bottle Cage,4,10/30/2013
22232,872,Road Bottle Cage,4,11/16/2013
22232,870,Water Bottle - 30 oz.,4,11/16/2013
22234,872,Road Bottle Cage,4,12/12/2013
"22236,860,""Half-Finger Gloves, L"",3,5/29/2014"
22239,873,Patch Kit/8 Patches,4,12/1/2013
22240,929,ML Mountain Tire,4,11/4/2013
22241,922,Road Tire Tube,4,5/13/2014
22242,921,Mountain Tire Tube,4,8/6/2013
22242,873,Patch Kit/8 Patches,4,8/6/2013
22245,870,Water Bottle - 30 oz.,4,5/10/2014
22245,872,Road Bottle Cage,4,5/10/2014
22247,872,Road Bottle Cage,4,12/14/2013
22247,870,Water Bottle - 30 oz.,4,12/14/2013
22248,872,Road Bottle Cage,4,5/3/2014
"22252,716,""Long-Sleeve Logo Jersey, XL"",3,12/31/2013"
22254,872,Road Bottle Cage,4,6/15/2013
"22255,860,""Half-Finger Gloves, L"",3,11/26/2013"
22256,931,LL Road Tire,4,11/1/2013
22259,870,Water Bottle - 30 oz.,4,6/10/2013
22259,872,Road Bottle Cage,4,6/10/2013
22260,931,LL Road Tire,4,6/9/2013
22263,921,Mountain Tire Tube,4,6/24/2014
22264,921,Mountain Tire Tube,4,11/10/2013
"22264,707,""Sport-100 Helmet, Red"",4,11/10/2013"
22266,879,All-Purpose Bike Stand,4,11/26/2013
22266,922,Road Tire Tube,4,11/26/2013
22267,712,AWC Logo Cap,3,3/3/2014
22267,871,Mountain Bottle Cage,4,3/3/2014
22268,872,Road Bottle Cage,4,1/26/2014
22268,870,Water Bottle - 30 oz.,4,1/26/2014
"22269,858,""Half-Finger Gloves, S"",3,12/23/2013"
"22269,707,""Sport-100 Helmet, Red"",4,12/23/2013"
22269,921,Mountain Tire Tube,4,12/23/2013
22270,870,Water Bottle - 30 oz.,4,11/7/2013
22270,880,Hydration Pack - 70 oz.,4,11/7/2013
22271,712,AWC Logo Cap,3,11/19/2013
"22271,715,""Long-Sleeve Logo Jersey, L"",3,11/19/2013"
22271,872,Road Bottle Cage,4,11/19/2013
22272,877,Bike Wash - Dissolver,4,11/21/2013
22272,931,LL Road Tire,4,11/21/2013
22275,931,LL Road Tire,4,7/11/2013
"22276,708,""Sport-100 Helmet, Black"",4,7/5/2013"
22278,873,Patch Kit/8 Patches,4,8/16/2013
22280,873,Patch Kit/8 Patches,4,10/17/2013
22283,921,Mountain Tire Tube,4,1/20/2014
22283,876,Hitch Rack - 4-Bike,4,1/20/2014
22283,873,Patch Kit/8 Patches,4,1/20/2014
22284,922,Road Tire Tube,4,6/30/2013
22284,931,LL Road Tire,4,6/30/2013
"22285,711,""Sport-100 Helmet, Blue"",4,12/14/2013"
22285,921,Mountain Tire Tube,4,12/14/2013
22286,929,ML Mountain Tire,4,10/12/2013
22290,931,LL Road Tire,4,11/5/2013
22290,922,Road Tire Tube,4,11/5/2013
22292,870,Water Bottle - 30 oz.,4,11/26/2013
22294,931,LL Road Tire,4,11/22/2013
"22294,713,""Long-Sleeve Logo Jersey, S"",3,11/22/2013"
"22294,708,""Sport-100 Helmet, Black"",4,11/22/2013"
22295,922,Road Tire Tube,4,11/23/2013
"22295,708,""Sport-100 Helmet, Black"",4,11/23/2013"
22296,921,Mountain Tire Tube,4,3/29/2014
22296,929,ML Mountain Tire,4,3/29/2014
"22296,707,""Sport-100 Helmet, Red"",4,3/29/2014"
"22296,881,""Short-Sleeve Classic Jersey, S"",3,3/29/2014"
22297,922,Road Tire Tube,4,11/16/2013
"22297,708,""Sport-100 Helmet, Black"",4,11/16/2013"
"22298,859,""Half-Finger Gloves, M"",3,12/24/2013"
22298,872,Road Bottle Cage,4,12/24/2013
22299,928,LL Mountain Tire,4,3/30/2014
"22302,882,""Short-Sleeve Classic Jersey, M"",3,12/10/2013"
22304,929,ML Mountain Tire,4,12/22/2013
22304,921,Mountain Tire Tube,4,12/22/2013
"22305,715,""Long-Sleeve Logo Jersey, L"",3,6/7/2014"
"22305,708,""Sport-100 Helmet, Black"",4,6/7/2014"
22305,929,ML Mountain Tire,4,6/7/2014
22307,929,ML Mountain Tire,4,3/3/2014
"22308,881,""Short-Sleeve Classic Jersey, S"",3,11/30/2013"
22308,872,Road Bottle Cage,4,11/30/2013
"22309,711,""Sport-100 Helmet, Blue"",4,1/13/2014"
"22310,881,""Short-Sleeve Classic Jersey, S"",3,11/24/2013"
22310,870,Water Bottle - 30 oz.,4,11/24/2013
22311,872,Road Bottle Cage,4,12/15/2013
22311,870,Water Bottle - 30 oz.,4,12/15/2013
22312,873,Patch Kit/8 Patches,4,6/13/2013
"22314,882,""Short-Sleeve Classic Jersey, M"",3,1/1/2014"
22314,931,LL Road Tire,4,1/1/2014
"22315,711,""Sport-100 Helmet, Blue"",4,3/25/2014"
"22316,865,""Classic Vest, M"",3,10/29/2013"
22316,872,Road Bottle Cage,4,10/29/2013
22317,870,Water Bottle - 30 oz.,4,8/1/2013
22319,870,Water Bottle - 30 oz.,4,10/25/2013
22322,922,Road Tire Tube,4,10/3/2013
"22322,707,""Sport-100 Helmet, Red"",4,10/3/2013"
22325,923,Touring Tire Tube,4,12/29/2013
22326,873,Patch Kit/8 Patches,4,4/8/2014
22326,877,Bike Wash - Dissolver,4,4/8/2014
22330,872,Road Bottle Cage,4,6/30/2013
22330,870,Water Bottle - 30 oz.,4,6/30/2013
22331,870,Water Bottle - 30 oz.,4,6/17/2014
22332,921,Mountain Tire Tube,4,11/16/2013
22333,921,Mountain Tire Tube,4,8/4/2013
"22333,707,""Sport-100 Helmet, Red"",4,8/4/2013"
22335,870,Water Bottle - 30 oz.,4,8/11/2013
"22335,859,""Half-Finger Gloves, M"",3,8/11/2013"
22336,922,Road Tire Tube,4,8/26/2013
22336,931,LL Road Tire,4,8/26/2013
"22337,708,""Sport-100 Helmet, Black"",4,3/16/2014"
22337,871,Mountain Bottle Cage,4,3/16/2014
22338,871,Mountain Bottle Cage,4,7/5/2013
22338,870,Water Bottle - 30 oz.,4,7/5/2013
22339,871,Mountain Bottle Cage,4,1/1/2014
22340,870,Water Bottle - 30 oz.,4,2/2/2014
"22341,716,""Long-Sleeve Logo Jersey, XL"",3,6/29/2014"
22341,871,Mountain Bottle Cage,4,6/29/2014
22341,870,Water Bottle - 30 oz.,4,6/29/2014
22342,870,Water Bottle - 30 oz.,4,3/3/2014
22342,871,Mountain Bottle Cage,4,3/3/2014
22343,870,Water Bottle - 30 oz.,4,9/4/2013
22343,872,Road Bottle Cage,4,9/4/2013
22345,880,Hydration Pack - 70 oz.,4,7/20/2013
22345,712,AWC Logo Cap,3,7/20/2013
22347,870,Water Bottle - 30 oz.,4,2/18/2014
22347,871,Mountain Bottle Cage,4,2/18/2014
22348,871,Mountain Bottle Cage,4,10/26/2013
22349,921,Mountain Tire Tube,4,1/17/2014
22350,871,Mountain Bottle Cage,4,3/21/2014
22351,870,Water Bottle - 30 oz.,4,11/19/2013
22351,880,Hydration Pack - 70 oz.,4,11/19/2013
"22353,707,""Sport-100 Helmet, Red"",4,12/20/2013"
22354,921,Mountain Tire Tube,4,12/6/2013
22356,871,Mountain Bottle Cage,4,6/28/2014
"22356,708,""Sport-100 Helmet, Black"",4,6/28/2014"
"22357,711,""Sport-100 Helmet, Blue"",4,6/16/2014"
22357,871,Mountain Bottle Cage,4,6/16/2014
"22358,874,""Racing Socks, M"",3,10/22/2013"
22359,873,Patch Kit/8 Patches,4,10/3/2013
22360,870,Water Bottle - 30 oz.,4,12/27/2013
22360,712,AWC Logo Cap,3,12/27/2013
22360,871,Mountain Bottle Cage,4,12/27/2013
22360,921,Mountain Tire Tube,4,12/27/2013
22361,929,ML Mountain Tire,4,11/23/2013
22362,929,ML Mountain Tire,4,2/10/2014
"22363,708,""Sport-100 Helmet, Black"",4,11/26/2013"
22364,921,Mountain Tire Tube,4,12/18/2013
22364,929,ML Mountain Tire,4,12/18/2013
22364,873,Patch Kit/8 Patches,4,12/18/2013
22365,929,ML Mountain Tire,4,7/10/2013
22366,878,Fender Set - Mountain,4,1/6/2014
"22367,711,""Sport-100 Helmet, Blue"",4,9/26/2013"
22367,921,Mountain Tire Tube,4,9/26/2013
22368,931,LL Road Tire,4,8/22/2013
22369,921,Mountain Tire Tube,4,11/11/2013
"22369,708,""Sport-100 Helmet, Black"",4,11/11/2013"
22370,877,Bike Wash - Dissolver,4,5/28/2014
22370,873,Patch Kit/8 Patches,4,5/28/2014
22370,929,ML Mountain Tire,4,5/28/2014
"22371,708,""Sport-100 Helmet, Black"",4,12/28/2013"
22373,872,Road Bottle Cage,4,1/31/2014
22374,922,Road Tire Tube,4,8/27/2013
"22374,711,""Sport-100 Helmet, Blue"",4,8/27/2013"
22375,929,ML Mountain Tire,4,2/12/2014
22377,879,All-Purpose Bike Stand,4,3/15/2014
22377,922,Road Tire Tube,4,3/15/2014
22378,712,AWC Logo Cap,3,9/8/2013
22379,922,Road Tire Tube,4,4/1/2014
22379,931,LL Road Tire,4,4/1/2014
22381,870,Water Bottle - 30 oz.,4,10/18/2013
22383,712,AWC Logo Cap,3,1/1/2014
22383,870,Water Bottle - 30 oz.,4,1/1/2014
"22384,707,""Sport-100 Helmet, Red"",4,11/25/2013"
22385,870,Water Bottle - 30 oz.,4,2/11/2014
22388,870,Water Bottle - 30 oz.,4,8/25/2013
"22389,711,""Sport-100 Helmet, Blue"",4,6/14/2014"
"22390,860,""Half-Finger Gloves, L"",3,12/13/2013"
"22392,711,""Sport-100 Helmet, Blue"",4,11/5/2013"
22392,870,Water Bottle - 30 oz.,4,11/5/2013
22392,872,Road Bottle Cage,4,11/5/2013
22393,872,Road Bottle Cage,4,6/19/2013
22393,870,Water Bottle - 30 oz.,4,6/19/2013
22394,922,Road Tire Tube,4,6/27/2014
22395,877,Bike Wash - Dissolver,4,10/31/2013
22395,873,Patch Kit/8 Patches,4,10/31/2013
22397,922,Road Tire Tube,4,10/28/2013
22397,873,Patch Kit/8 Patches,4,10/28/2013
22400,873,Patch Kit/8 Patches,4,10/22/2013
22400,872,Road Bottle Cage,4,10/22/2013
"22405,867,""Women's Mountain Shorts, S"",3,10/7/2013"
"22408,708,""Sport-100 Helmet, Black"",4,11/6/2013"
22408,870,Water Bottle - 30 oz.,4,11/6/2013
22411,872,Road Bottle Cage,4,11/23/2013
22411,870,Water Bottle - 30 oz.,4,11/23/2013
22413,931,LL Road Tire,4,5/25/2014
22415,931,LL Road Tire,4,6/9/2013
"22416,707,""Sport-100 Helmet, Red"",4,1/6/2014"
22416,922,Road Tire Tube,4,1/6/2014
22418,873,Patch Kit/8 Patches,4,1/9/2014
22418,932,ML Road Tire,4,1/9/2014
22419,931,LL Road Tire,4,2/24/2014
"22419,707,""Sport-100 Helmet, Red"",4,2/24/2014"
22420,873,Patch Kit/8 Patches,4,10/29/2013
"22421,882,""Short-Sleeve Classic Jersey, M"",3,11/6/2013"
"22423,711,""Sport-100 Helmet, Blue"",4,11/12/2013"
22424,931,LL Road Tire,4,9/7/2013
22425,931,LL Road Tire,4,3/26/2014
22426,870,Water Bottle - 30 oz.,4,11/26/2013
22428,870,Water Bottle - 30 oz.,4,2/22/2014
"22428,858,""Half-Finger Gloves, S"",3,2/22/2014"
22429,870,Water Bottle - 30 oz.,4,1/31/2014
"22429,882,""Short-Sleeve Classic Jersey, M"",3,1/31/2014"
22429,872,Road Bottle Cage,4,1/31/2014
22430,933,HL Road Tire,4,5/30/2013
22430,879,All-Purpose Bike Stand,4,5/30/2013
"22431,708,""Sport-100 Helmet, Black"",4,8/6/2013"
22431,922,Road Tire Tube,4,8/6/2013
22432,872,Road Bottle Cage,4,6/7/2013
"22432,858,""Half-Finger Gloves, S"",3,6/7/2013"
"22433,707,""Sport-100 Helmet, Red"",4,1/30/2014"
22433,932,ML Road Tire,4,1/30/2014
22435,931,LL Road Tire,4,10/17/2013
"22436,882,""Short-Sleeve Classic Jersey, M"",3,6/17/2013"
22436,872,Road Bottle Cage,4,6/17/2013
22437,870,Water Bottle - 30 oz.,4,1/19/2014
"22437,859,""Half-Finger Gloves, M"",3,1/19/2014"
22438,872,Road Bottle Cage,4,11/5/2013
"22438,883,""Short-Sleeve Classic Jersey, L"",3,11/5/2013"
22438,712,AWC Logo Cap,3,11/5/2013
22440,872,Road Bottle Cage,4,11/18/2013
"22441,707,""Sport-100 Helmet, Red"",4,6/25/2013"
22441,872,Road Bottle Cage,4,6/25/2013
22441,870,Water Bottle - 30 oz.,4,6/25/2013
22443,870,Water Bottle - 30 oz.,4,11/2/2013
"22444,713,""Long-Sleeve Logo Jersey, S"",3,4/3/2014"
22445,933,HL Road Tire,4,6/26/2013
22445,922,Road Tire Tube,4,6/26/2013
22445,873,Patch Kit/8 Patches,4,6/26/2013
22446,872,Road Bottle Cage,4,2/17/2014
22446,870,Water Bottle - 30 oz.,4,2/17/2014
22447,878,Fender Set - Mountain,4,4/10/2014
22448,922,Road Tire Tube,4,7/24/2013
"22449,708,""Sport-100 Helmet, Black"",4,7/27/2013"
22449,922,Road Tire Tube,4,7/27/2013
"22453,711,""Sport-100 Helmet, Blue"",4,4/18/2014"
22454,870,Water Bottle - 30 oz.,4,4/9/2014
"22455,860,""Half-Finger Gloves, L"",3,7/11/2013"
22456,932,ML Road Tire,4,3/19/2014
22458,873,Patch Kit/8 Patches,4,11/21/2013
22462,870,Water Bottle - 30 oz.,4,7/11/2013
22465,870,Water Bottle - 30 oz.,4,9/21/2013
"22465,708,""Sport-100 Helmet, Black"",4,9/21/2013"
22467,873,Patch Kit/8 Patches,4,3/18/2014
22467,932,ML Road Tire,4,3/18/2014
22469,931,LL Road Tire,4,8/15/2013
22473,872,Road Bottle Cage,4,8/22/2013
"22473,884,""Short-Sleeve Classic Jersey, XL"",3,8/22/2013"
"22474,874,""Racing Socks, M"",3,5/9/2014"
"22475,711,""Sport-100 Helmet, Blue"",4,9/10/2013"
"22475,716,""Long-Sleeve Logo Jersey, XL"",3,9/10/2013"
"22475,875,""Racing Socks, L"",3,9/10/2013"
22476,870,Water Bottle - 30 oz.,4,4/14/2014
22478,870,Water Bottle - 30 oz.,4,8/19/2013
22479,922,Road Tire Tube,4,8/22/2013
"22479,708,""Sport-100 Helmet, Black"",4,8/22/2013"
"22480,884,""Short-Sleeve Classic Jersey, XL"",3,12/5/2013"
22480,872,Road Bottle Cage,4,12/5/2013
22480,870,Water Bottle - 30 oz.,4,12/5/2013
"22482,708,""Sport-100 Helmet, Black"",4,6/10/2014"
"22483,707,""Sport-100 Helmet, Red"",4,5/6/2014"
22483,922,Road Tire Tube,4,5/6/2014
22483,931,LL Road Tire,4,5/6/2014
22484,922,Road Tire Tube,4,12/30/2013
22484,931,LL Road Tire,4,12/30/2013
22485,931,LL Road Tire,4,3/23/2014
22486,870,Water Bottle - 30 oz.,4,8/21/2013
"22486,707,""Sport-100 Helmet, Red"",4,8/21/2013"
22487,870,Water Bottle - 30 oz.,4,1/1/2014
"22487,708,""Sport-100 Helmet, Black"",4,1/1/2014"
22489,712,AWC Logo Cap,3,5/14/2014
22492,870,Water Bottle - 30 oz.,4,7/22/2013
22492,712,AWC Logo Cap,3,7/22/2013
22495,872,Road Bottle Cage,4,1/4/2014
22495,870,Water Bottle - 30 oz.,4,1/4/2014
22496,870,Water Bottle - 30 oz.,4,3/7/2014
22496,712,AWC Logo Cap,3,3/7/2014
22497,870,Water Bottle - 30 oz.,4,11/1/2013
22498,922,Road Tire Tube,4,1/11/2014
22498,873,Patch Kit/8 Patches,4,1/11/2014
22498,931,LL Road Tire,4,1/11/2014
22499,931,LL Road Tire,4,1/27/2014
"22500,860,""Half-Finger Gloves, L"",3,10/15/2013"
22500,872,Road Bottle Cage,4,10/15/2013
22501,870,Water Bottle - 30 oz.,4,11/19/2013
"22501,715,""Long-Sleeve Logo Jersey, L"",3,11/19/2013"
"22501,858,""Half-Finger Gloves, S"",3,11/19/2013"
"22501,711,""Sport-100 Helmet, Blue"",4,11/19/2013"
"22503,859,""Half-Finger Gloves, M"",3,2/9/2014"
"22507,708,""Sport-100 Helmet, Black"",4,11/24/2013"
22507,870,Water Bottle - 30 oz.,4,11/24/2013
22509,929,ML Mountain Tire,4,4/11/2014
"22510,881,""Short-Sleeve Classic Jersey, S"",3,3/4/2014"
22511,922,Road Tire Tube,4,12/29/2013
22511,880,Hydration Pack - 70 oz.,4,12/29/2013
22512,931,LL Road Tire,4,1/12/2014
22513,931,LL Road Tire,4,9/24/2013
"22514,882,""Short-Sleeve Classic Jersey, M"",3,6/16/2014"
22515,870,Water Bottle - 30 oz.,4,1/10/2014
22517,712,AWC Logo Cap,3,9/19/2013
22517,870,Water Bottle - 30 oz.,4,9/19/2013
22519,876,Hitch Rack - 4-Bike,4,4/2/2014
22519,873,Patch Kit/8 Patches,4,4/2/2014
"22520,714,""Long-Sleeve Logo Jersey, M"",3,3/16/2014"
22523,921,Mountain Tire Tube,4,5/21/2014
22523,873,Patch Kit/8 Patches,4,5/21/2014
22524,933,HL Road Tire,4,11/4/2013
22526,873,Patch Kit/8 Patches,4,4/21/2014
22526,932,ML Road Tire,4,4/21/2014
22527,931,LL Road Tire,4,8/20/2013
"22528,711,""Sport-100 Helmet, Blue"",4,1/8/2014"
22529,931,LL Road Tire,4,1/9/2014
22531,922,Road Tire Tube,4,3/4/2014
22531,879,All-Purpose Bike Stand,4,3/4/2014
22533,870,Water Bottle - 30 oz.,4,4/29/2014
22534,931,LL Road Tire,4,5/21/2014
"22536,713,""Long-Sleeve Logo Jersey, S"",3,4/19/2014"
22537,870,Water Bottle - 30 oz.,4,5/16/2014
"22539,715,""Long-Sleeve Logo Jersey, L"",3,10/26/2013"
"22539,708,""Sport-100 Helmet, Black"",4,10/26/2013"
22539,712,AWC Logo Cap,3,10/26/2013
22540,870,Water Bottle - 30 oz.,4,9/24/2013
22541,872,Road Bottle Cage,4,9/29/2013
"22541,708,""Sport-100 Helmet, Black"",4,9/29/2013"
22542,931,LL Road Tire,4,3/26/2014
22543,872,Road Bottle Cage,4,8/20/2013
22543,870,Water Bottle - 30 oz.,4,8/20/2013
22544,921,Mountain Tire Tube,4,7/7/2013
22544,876,Hitch Rack - 4-Bike,4,7/7/2013
"22545,874,""Racing Socks, M"",3,1/5/2014"
"22545,707,""Sport-100 Helmet, Red"",4,1/5/2014"
22547,921,Mountain Tire Tube,4,10/7/2013
22547,929,ML Mountain Tire,4,10/7/2013
22548,929,ML Mountain Tire,4,6/4/2014
22548,921,Mountain Tire Tube,4,6/4/2014
22549,929,ML Mountain Tire,4,8/2/2013
"22550,860,""Half-Finger Gloves, L"",3,1/17/2014"
"22551,864,""Classic Vest, S"",3,3/31/2014"
22553,870,Water Bottle - 30 oz.,4,12/6/2013
22553,712,AWC Logo Cap,3,12/6/2013
22555,931,LL Road Tire,4,2/15/2014
22555,876,Hitch Rack - 4-Bike,4,2/15/2014
22556,922,Road Tire Tube,4,12/13/2013
"22556,707,""Sport-100 Helmet, Red"",4,12/13/2013"
"22560,881,""Short-Sleeve Classic Jersey, S"",3,9/23/2013"
22560,870,Water Bottle - 30 oz.,4,9/23/2013
22561,922,Road Tire Tube,4,12/25/2013
22562,931,LL Road Tire,4,8/14/2013
22563,922,Road Tire Tube,4,2/26/2014
"22564,883,""Short-Sleeve Classic Jersey, L"",3,3/4/2014"
22565,922,Road Tire Tube,4,4/21/2014
22567,873,Patch Kit/8 Patches,4,11/9/2013
"22569,707,""Sport-100 Helmet, Red"",4,8/19/2013"
22569,870,Water Bottle - 30 oz.,4,8/19/2013
"22571,858,""Half-Finger Gloves, S"",3,11/5/2013"
"22571,708,""Sport-100 Helmet, Black"",4,11/5/2013"
22572,870,Water Bottle - 30 oz.,4,11/29/2013
22578,870,Water Bottle - 30 oz.,4,11/17/2013
22580,870,Water Bottle - 30 oz.,4,11/3/2013
22580,872,Road Bottle Cage,4,11/3/2013
22581,922,Road Tire Tube,4,11/4/2013
22581,873,Patch Kit/8 Patches,4,11/4/2013
"22583,859,""Half-Finger Gloves, M"",3,12/13/2013"
22583,922,Road Tire Tube,4,12/13/2013
22583,931,LL Road Tire,4,12/13/2013
22584,934,Touring Tire,4,11/26/2013
22585,870,Water Bottle - 30 oz.,4,10/28/2013
22586,872,Road Bottle Cage,4,4/28/2014
22586,870,Water Bottle - 30 oz.,4,4/28/2014
22588,870,Water Bottle - 30 oz.,4,12/9/2013
22588,712,AWC Logo Cap,3,12/9/2013
22590,712,AWC Logo Cap,3,10/13/2013
22591,873,Patch Kit/8 Patches,4,10/23/2013
22591,922,Road Tire Tube,4,10/23/2013
22593,872,Road Bottle Cage,4,1/26/2014
22595,933,HL Road Tire,4,12/6/2013
22595,712,AWC Logo Cap,3,12/6/2013
22597,922,Road Tire Tube,4,10/16/2013
"22597,716,""Long-Sleeve Logo Jersey, XL"",3,10/16/2013"
22598,712,AWC Logo Cap,3,10/26/2013
22598,872,Road Bottle Cage,4,10/26/2013
"22598,708,""Sport-100 Helmet, Black"",4,10/26/2013"
22601,931,LL Road Tire,4,1/22/2014
22606,872,Road Bottle Cage,4,10/6/2013
22606,870,Water Bottle - 30 oz.,4,10/6/2013
22607,931,LL Road Tire,4,11/13/2013
22607,712,AWC Logo Cap,3,11/13/2013
22607,922,Road Tire Tube,4,11/13/2013
22608,712,AWC Logo Cap,3,5/19/2014
22609,872,Road Bottle Cage,4,11/7/2013
22609,880,Hydration Pack - 70 oz.,4,11/7/2013
"22611,716,""Long-Sleeve Logo Jersey, XL"",3,4/26/2014"
22612,870,Water Bottle - 30 oz.,4,1/7/2014
22612,877,Bike Wash - Dissolver,4,1/7/2014
22613,712,AWC Logo Cap,3,6/12/2013
22617,921,Mountain Tire Tube,4,5/18/2014
22617,873,Patch Kit/8 Patches,4,5/18/2014
22621,871,Mountain Bottle Cage,4,9/21/2013
"22621,708,""Sport-100 Helmet, Black"",4,9/21/2013"
"22622,884,""Short-Sleeve Classic Jersey, XL"",3,1/27/2014"
22623,872,Road Bottle Cage,4,11/28/2013
22624,934,Touring Tire,4,6/4/2014
22625,934,Touring Tire,4,7/28/2013
"22625,711,""Sport-100 Helmet, Blue"",4,7/28/2013"
22625,923,Touring Tire Tube,4,7/28/2013
22626,931,LL Road Tire,4,1/7/2014
22627,872,Road Bottle Cage,4,11/25/2013
22627,870,Water Bottle - 30 oz.,4,11/25/2013
22628,870,Water Bottle - 30 oz.,4,11/4/2013
22628,872,Road Bottle Cage,4,11/4/2013
22629,880,Hydration Pack - 70 oz.,4,11/6/2013
"22630,711,""Sport-100 Helmet, Blue"",4,6/21/2013"
22631,922,Road Tire Tube,4,6/8/2013
"22632,711,""Sport-100 Helmet, Blue"",4,1/8/2014"
22632,872,Road Bottle Cage,4,1/8/2014
"22634,714,""Long-Sleeve Logo Jersey, M"",3,5/25/2014"
22635,932,ML Road Tire,4,5/12/2014
22637,870,Water Bottle - 30 oz.,4,5/7/2014
22640,922,Road Tire Tube,4,7/16/2013
22641,872,Road Bottle Cage,4,2/18/2014
"22641,707,""Sport-100 Helmet, Red"",4,2/18/2014"
"22642,881,""Short-Sleeve Classic Jersey, S"",3,7/17/2013"
22645,870,Water Bottle - 30 oz.,4,2/15/2014
22649,870,Water Bottle - 30 oz.,4,2/20/2014
"22649,708,""Sport-100 Helmet, Black"",4,2/20/2014"
22652,872,Road Bottle Cage,4,11/18/2013
"22653,883,""Short-Sleeve Classic Jersey, L"",3,7/14/2013"
22653,870,Water Bottle - 30 oz.,4,7/14/2013
22654,873,Patch Kit/8 Patches,4,2/16/2014
22655,922,Road Tire Tube,4,12/16/2013
22656,870,Water Bottle - 30 oz.,4,8/22/2013
"22656,711,""Sport-100 Helmet, Blue"",4,8/22/2013"
"22657,708,""Sport-100 Helmet, Black"",4,2/8/2014"
"22659,711,""Sport-100 Helmet, Blue"",4,4/11/2014"
22661,934,Touring Tire,4,4/2/2014
"22661,708,""Sport-100 Helmet, Black"",4,4/2/2014"
"22664,881,""Short-Sleeve Classic Jersey, S"",3,3/10/2014"
22664,870,Water Bottle - 30 oz.,4,3/10/2014
22670,923,Touring Tire Tube,4,8/14/2013
22672,870,Water Bottle - 30 oz.,4,12/1/2013
22673,872,Road Bottle Cage,4,2/14/2014
22673,870,Water Bottle - 30 oz.,4,2/14/2014
"22675,866,""Classic Vest, L"",3,2/15/2014"
22675,931,LL Road Tire,4,2/15/2014
22677,922,Road Tire Tube,4,4/14/2014
"22678,881,""Short-Sleeve Classic Jersey, S"",3,12/16/2013"
22679,878,Fender Set - Mountain,4,1/31/2014
22680,712,AWC Logo Cap,3,4/20/2014
22680,878,Fender Set - Mountain,4,4/20/2014
22681,923,Touring Tire Tube,4,11/10/2013
"22681,708,""Sport-100 Helmet, Black"",4,11/10/2013"
22681,934,Touring Tire,4,11/10/2013
22681,712,AWC Logo Cap,3,11/10/2013
22683,923,Touring Tire Tube,4,10/18/2013
"22683,860,""Half-Finger Gloves, L"",3,10/18/2013"
"22685,708,""Sport-100 Helmet, Black"",4,12/25/2013"
22685,931,LL Road Tire,4,12/25/2013
22686,922,Road Tire Tube,4,8/11/2013
"22686,714,""Long-Sleeve Logo Jersey, M"",3,8/11/2013"
"22686,707,""Sport-100 Helmet, Red"",4,8/11/2013"
22686,932,ML Road Tire,4,8/11/2013
22688,922,Road Tire Tube,4,12/25/2013
22690,922,Road Tire Tube,4,3/27/2014
22690,933,HL Road Tire,4,3/27/2014
22690,712,AWC Logo Cap,3,3/27/2014
22691,872,Road Bottle Cage,4,3/19/2014
"22692,859,""Half-Finger Gloves, M"",3,4/17/2014"
22692,870,Water Bottle - 30 oz.,4,4/17/2014
22696,934,Touring Tire,4,4/17/2014
22696,923,Touring Tire Tube,4,4/17/2014
22697,934,Touring Tire,4,8/6/2013
"22697,714,""Long-Sleeve Logo Jersey, M"",3,8/6/2013"
22698,934,Touring Tire,4,9/13/2013
22698,923,Touring Tire Tube,4,9/13/2013
22699,922,Road Tire Tube,4,4/25/2014
22700,873,Patch Kit/8 Patches,4,12/18/2013
22701,922,Road Tire Tube,4,12/4/2013
22703,934,Touring Tire,4,6/9/2014
"22703,711,""Sport-100 Helmet, Blue"",4,6/9/2014"
22704,877,Bike Wash - Dissolver,4,11/15/2013
22704,934,Touring Tire,4,11/15/2013
22705,922,Road Tire Tube,4,7/14/2013
22706,922,Road Tire Tube,4,6/18/2014
22706,712,AWC Logo Cap,3,6/18/2014
22707,922,Road Tire Tube,4,1/11/2014
"22707,714,""Long-Sleeve Logo Jersey, M"",3,1/11/2014"
22708,923,Touring Tire Tube,4,2/10/2014
22708,880,Hydration Pack - 70 oz.,4,2/10/2014
22711,872,Road Bottle Cage,4,12/17/2013
22711,870,Water Bottle - 30 oz.,4,12/17/2013
22713,877,Bike Wash - Dissolver,4,5/27/2014
22714,870,Water Bottle - 30 oz.,4,11/25/2013
"22714,707,""Sport-100 Helmet, Red"",4,11/25/2013"
22714,878,Fender Set - Mountain,4,11/25/2013
"22715,865,""Classic Vest, M"",3,10/16/2013"
22716,872,Road Bottle Cage,4,12/17/2013
22718,931,LL Road Tire,4,12/28/2013
"22718,707,""Sport-100 Helmet, Red"",4,12/28/2013"
22719,931,LL Road Tire,4,12/18/2013
22719,873,Patch Kit/8 Patches,4,12/18/2013
22721,921,Mountain Tire Tube,4,1/7/2014
22721,873,Patch Kit/8 Patches,4,1/7/2014
22722,870,Water Bottle - 30 oz.,4,12/20/2013
22722,712,AWC Logo Cap,3,12/20/2013
"22723,707,""Sport-100 Helmet, Red"",4,3/1/2014"
22723,929,ML Mountain Tire,4,3/1/2014
22724,929,ML Mountain Tire,4,12/28/2013
"22724,711,""Sport-100 Helmet, Blue"",4,12/28/2013"
"22725,875,""Racing Socks, L"",3,1/3/2014"
22727,929,ML Mountain Tire,4,9/6/2013
22728,876,Hitch Rack - 4-Bike,4,7/27/2013
22728,877,Bike Wash - Dissolver,4,7/27/2013
22729,921,Mountain Tire Tube,4,9/6/2013
22729,929,ML Mountain Tire,4,9/6/2013
22731,929,ML Mountain Tire,4,12/9/2013
22731,921,Mountain Tire Tube,4,12/9/2013
22732,871,Mountain Bottle Cage,4,5/7/2014
"22734,716,""Long-Sleeve Logo Jersey, XL"",3,7/27/2013"
22734,871,Mountain Bottle Cage,4,7/27/2013
22734,870,Water Bottle - 30 oz.,4,7/27/2013
22735,921,Mountain Tire Tube,4,10/2/2013
22737,876,Hitch Rack - 4-Bike,4,11/13/2013
22737,877,Bike Wash - Dissolver,4,11/13/2013
22737,873,Patch Kit/8 Patches,4,11/13/2013
22737,921,Mountain Tire Tube,4,11/13/2013
"22738,713,""Long-Sleeve Logo Jersey, S"",3,3/18/2014"
22738,929,ML Mountain Tire,4,3/18/2014
22738,921,Mountain Tire Tube,4,3/18/2014
22739,873,Patch Kit/8 Patches,4,7/16/2013
22741,921,Mountain Tire Tube,4,8/24/2013
22742,921,Mountain Tire Tube,4,8/4/2013
22742,871,Mountain Bottle Cage,4,8/4/2013
22742,929,ML Mountain Tire,4,8/4/2013
22742,870,Water Bottle - 30 oz.,4,8/4/2013
22743,929,ML Mountain Tire,4,8/1/2013
22743,878,Fender Set - Mountain,4,8/1/2013
22743,921,Mountain Tire Tube,4,8/1/2013
22744,877,Bike Wash - Dissolver,4,3/2/2014
22744,921,Mountain Tire Tube,4,3/2/2014
22744,712,AWC Logo Cap,3,3/2/2014
22744,873,Patch Kit/8 Patches,4,3/2/2014
22745,872,Road Bottle Cage,4,8/9/2013
22745,870,Water Bottle - 30 oz.,4,8/9/2013
22746,877,Bike Wash - Dissolver,4,12/17/2013
22746,873,Patch Kit/8 Patches,4,12/17/2013
22747,929,ML Mountain Tire,4,9/15/2013
"22748,707,""Sport-100 Helmet, Red"",4,5/29/2014"
22749,931,LL Road Tire,4,12/11/2013
22749,922,Road Tire Tube,4,12/11/2013
"22751,865,""Classic Vest, M"",3,11/13/2013"
"22751,711,""Sport-100 Helmet, Blue"",4,11/13/2013"
22751,921,Mountain Tire Tube,4,11/13/2013
22752,929,ML Mountain Tire,4,10/18/2013
22753,879,All-Purpose Bike Stand,4,12/29/2013
22753,931,LL Road Tire,4,12/29/2013
22754,929,ML Mountain Tire,4,2/12/2014
22754,879,All-Purpose Bike Stand,4,2/12/2014
22756,921,Mountain Tire Tube,4,10/1/2013
22756,929,ML Mountain Tire,4,10/1/2013
22757,929,ML Mountain Tire,4,6/18/2014
22757,921,Mountain Tire Tube,4,6/18/2014
"22757,708,""Sport-100 Helmet, Black"",4,6/18/2014"
22758,872,Road Bottle Cage,4,9/4/2013
22758,870,Water Bottle - 30 oz.,4,9/4/2013
22759,929,ML Mountain Tire,4,11/18/2013
22759,873,Patch Kit/8 Patches,4,11/18/2013
22761,929,ML Mountain Tire,4,2/18/2014
"22761,711,""Sport-100 Helmet, Blue"",4,2/18/2014"
22762,921,Mountain Tire Tube,4,2/28/2014
"22762,708,""Sport-100 Helmet, Black"",4,2/28/2014"
22762,929,ML Mountain Tire,4,2/28/2014
22763,929,ML Mountain Tire,4,3/11/2014
22763,921,Mountain Tire Tube,4,3/11/2014
22765,870,Water Bottle - 30 oz.,4,2/10/2014
22765,872,Road Bottle Cage,4,2/10/2014
"22767,708,""Sport-100 Helmet, Black"",4,8/25/2013"
22767,929,ML Mountain Tire,4,8/25/2013
22768,931,LL Road Tire,4,9/19/2013
22768,922,Road Tire Tube,4,9/19/2013
"22771,715,""Long-Sleeve Logo Jersey, L"",3,6/10/2014"
22771,921,Mountain Tire Tube,4,6/10/2014
22773,929,ML Mountain Tire,4,3/31/2014
22773,921,Mountain Tire Tube,4,3/31/2014
22773,879,All-Purpose Bike Stand,4,3/31/2014
22775,873,Patch Kit/8 Patches,4,12/3/2013
22775,929,ML Mountain Tire,4,12/3/2013
22776,921,Mountain Tire Tube,4,10/30/2013
"22776,711,""Sport-100 Helmet, Blue"",4,10/30/2013"
22777,929,ML Mountain Tire,4,11/5/2013
22777,879,All-Purpose Bike Stand,4,11/5/2013
22778,931,LL Road Tire,4,9/24/2013
22778,879,All-Purpose Bike Stand,4,9/24/2013
22780,931,LL Road Tire,4,9/21/2013
22780,879,All-Purpose Bike Stand,4,9/21/2013
22781,921,Mountain Tire Tube,4,6/9/2014
22781,929,ML Mountain Tire,4,6/9/2014
22782,922,Road Tire Tube,4,12/22/2013
22782,931,LL Road Tire,4,12/22/2013
22783,921,Mountain Tire Tube,4,2/9/2014
22783,929,ML Mountain Tire,4,2/9/2014
22786,929,ML Mountain Tire,4,4/4/2014
22786,873,Patch Kit/8 Patches,4,4/4/2014
22787,931,LL Road Tire,4,12/5/2013
22787,922,Road Tire Tube,4,12/5/2013
22788,872,Road Bottle Cage,4,12/13/2013
"22788,715,""Long-Sleeve Logo Jersey, L"",3,12/13/2013"
"22791,707,""Sport-100 Helmet, Red"",4,9/23/2013"
22791,931,LL Road Tire,4,9/23/2013
"22792,707,""Sport-100 Helmet, Red"",4,1/9/2014"
22792,929,ML Mountain Tire,4,1/9/2014
22793,929,ML Mountain Tire,4,2/24/2014
"22793,711,""Sport-100 Helmet, Blue"",4,2/24/2014"
22794,932,ML Road Tire,4,8/4/2013
22795,870,Water Bottle - 30 oz.,4,7/24/2013
"22795,881,""Short-Sleeve Classic Jersey, S"",3,7/24/2013"
22796,712,AWC Logo Cap,3,10/16/2013
22796,870,Water Bottle - 30 oz.,4,10/16/2013
22797,870,Water Bottle - 30 oz.,4,5/22/2014
22799,921,Mountain Tire Tube,4,4/25/2014
22800,930,HL Mountain Tire,4,5/10/2014
"22803,708,""Sport-100 Helmet, Black"",4,5/22/2014"
22804,922,Road Tire Tube,4,9/6/2013
22806,922,Road Tire Tube,4,3/17/2014
22807,929,ML Mountain Tire,4,6/14/2014
22807,871,Mountain Bottle Cage,4,6/14/2014
22807,878,Fender Set - Mountain,4,6/14/2014
22807,921,Mountain Tire Tube,4,6/14/2014
22809,922,Road Tire Tube,4,6/1/2014
22811,929,ML Mountain Tire,4,4/19/2014
22812,873,Patch Kit/8 Patches,4,1/14/2014
22813,921,Mountain Tire Tube,4,3/29/2014
22813,929,ML Mountain Tire,4,3/29/2014
"22813,713,""Long-Sleeve Logo Jersey, S"",3,3/29/2014"
"22815,874,""Racing Socks, M"",3,1/28/2014"
22816,871,Mountain Bottle Cage,4,5/15/2014
22816,878,Fender Set - Mountain,4,5/15/2014
22816,712,AWC Logo Cap,3,5/15/2014
22817,870,Water Bottle - 30 oz.,4,5/15/2014
22817,712,AWC Logo Cap,3,5/15/2014
"22817,711,""Sport-100 Helmet, Blue"",4,5/15/2014"
22817,871,Mountain Bottle Cage,4,5/15/2014
22818,878,Fender Set - Mountain,4,7/1/2013
22818,929,ML Mountain Tire,4,7/1/2013
22819,921,Mountain Tire Tube,4,1/16/2014
"22819,711,""Sport-100 Helmet, Blue"",4,1/16/2014"
"22820,858,""Half-Finger Gloves, S"",3,6/27/2014"
"22821,711,""Sport-100 Helmet, Blue"",4,11/7/2013"
22823,921,Mountain Tire Tube,4,2/10/2014
22823,929,ML Mountain Tire,4,2/10/2014
22825,921,Mountain Tire Tube,4,2/6/2014
22825,929,ML Mountain Tire,4,2/6/2014
"22825,708,""Sport-100 Helmet, Black"",4,2/6/2014"
22826,921,Mountain Tire Tube,4,8/15/2013
22827,870,Water Bottle - 30 oz.,4,11/7/2013
"22827,716,""Long-Sleeve Logo Jersey, XL"",3,11/7/2013"
22830,873,Patch Kit/8 Patches,4,5/29/2014
22830,877,Bike Wash - Dissolver,4,5/29/2014
22831,870,Water Bottle - 30 oz.,4,10/1/2013
22832,712,AWC Logo Cap,3,8/13/2013
22833,870,Water Bottle - 30 oz.,4,3/25/2014
22834,922,Road Tire Tube,4,2/6/2014
"22835,711,""Sport-100 Helmet, Blue"",4,8/14/2013"
22836,930,HL Mountain Tire,4,5/10/2014
"22837,708,""Sport-100 Helmet, Black"",4,2/12/2014"
22837,921,Mountain Tire Tube,4,2/12/2014
22839,871,Mountain Bottle Cage,4,7/8/2013
22839,878,Fender Set - Mountain,4,7/8/2013
22839,873,Patch Kit/8 Patches,4,7/8/2013
22840,930,HL Mountain Tire,4,3/23/2014
"22842,859,""Half-Finger Gloves, M"",3,11/17/2013"
22842,921,Mountain Tire Tube,4,11/17/2013
22842,930,HL Mountain Tire,4,11/17/2013
22843,930,HL Mountain Tire,4,9/12/2013
22843,921,Mountain Tire Tube,4,9/12/2013
22844,921,Mountain Tire Tube,4,8/31/2013
22846,921,Mountain Tire Tube,4,7/2/2013
"22846,708,""Sport-100 Helmet, Black"",4,7/2/2013"
22847,930,HL Mountain Tire,4,10/11/2013
22848,921,Mountain Tire Tube,4,7/8/2013
22849,877,Bike Wash - Dissolver,4,5/11/2014
22849,921,Mountain Tire Tube,4,5/11/2014
22849,930,HL Mountain Tire,4,5/11/2014
22852,930,HL Mountain Tire,4,4/22/2014
22853,921,Mountain Tire Tube,4,10/27/2013
22855,921,Mountain Tire Tube,4,4/30/2014
22855,930,HL Mountain Tire,4,4/30/2014
22855,878,Fender Set - Mountain,4,4/30/2014
22860,873,Patch Kit/8 Patches,4,5/27/2014
22860,933,HL Road Tire,4,5/27/2014
"22861,707,""Sport-100 Helmet, Red"",4,12/24/2013"
22861,929,ML Mountain Tire,4,12/24/2013
22864,873,Patch Kit/8 Patches,4,12/23/2013
22864,931,LL Road Tire,4,12/23/2013
22865,921,Mountain Tire Tube,4,3/4/2014
22865,929,ML Mountain Tire,4,3/4/2014
22866,873,Patch Kit/8 Patches,4,8/25/2013
"22867,711,""Sport-100 Helmet, Blue"",4,12/31/2013"
22868,934,Touring Tire,4,5/15/2014
22869,870,Water Bottle - 30 oz.,4,2/19/2014
22870,934,Touring Tire,4,9/24/2013
22870,923,Touring Tire Tube,4,9/24/2013
22875,873,Patch Kit/8 Patches,4,9/13/2013
22875,872,Road Bottle Cage,4,9/13/2013
22878,870,Water Bottle - 30 oz.,4,9/9/2013
22879,712,AWC Logo Cap,3,9/14/2013
22879,872,Road Bottle Cage,4,9/14/2013
22882,878,Fender Set - Mountain,4,1/26/2014
22882,921,Mountain Tire Tube,4,1/26/2014
"22882,859,""Half-Finger Gloves, M"",3,1/26/2014"
22884,929,ML Mountain Tire,4,5/28/2014
"22886,860,""Half-Finger Gloves, L"",3,9/16/2013"
22887,870,Water Bottle - 30 oz.,4,9/27/2013
"22887,860,""Half-Finger Gloves, L"",3,9/27/2013"
22890,929,ML Mountain Tire,4,4/11/2014
"22890,711,""Sport-100 Helmet, Blue"",4,4/11/2014"
"22891,707,""Sport-100 Helmet, Red"",4,10/12/2013"
22891,921,Mountain Tire Tube,4,10/12/2013
22893,873,Patch Kit/8 Patches,4,7/16/2013
22894,873,Patch Kit/8 Patches,4,8/7/2013
22896,931,LL Road Tire,4,9/1/2013
"22896,708,""Sport-100 Helmet, Black"",4,9/1/2013"
22897,872,Road Bottle Cage,4,10/8/2013
22897,870,Water Bottle - 30 oz.,4,10/8/2013
22899,922,Road Tire Tube,4,9/30/2013
22899,931,LL Road Tire,4,9/30/2013
22902,873,Patch Kit/8 Patches,4,2/21/2014
22904,933,HL Road Tire,4,5/25/2014
22904,922,Road Tire Tube,4,5/25/2014
"22904,711,""Sport-100 Helmet, Blue"",4,5/25/2014"
22908,922,Road Tire Tube,4,5/8/2014
"22909,882,""Short-Sleeve Classic Jersey, M"",3,4/7/2014"
"22909,708,""Sport-100 Helmet, Black"",4,4/7/2014"
22911,870,Water Bottle - 30 oz.,4,1/26/2014
"22913,708,""Sport-100 Helmet, Black"",4,5/7/2014"
22914,870,Water Bottle - 30 oz.,4,9/4/2013
"22915,875,""Racing Socks, L"",3,11/27/2013"
"22916,884,""Short-Sleeve Classic Jersey, XL"",3,2/10/2014"
22919,870,Water Bottle - 30 oz.,4,1/12/2014
22920,870,Water Bottle - 30 oz.,4,4/28/2014
22920,880,Hydration Pack - 70 oz.,4,4/28/2014
22920,878,Fender Set - Mountain,4,4/28/2014
22921,870,Water Bottle - 30 oz.,4,5/26/2014
22921,712,AWC Logo Cap,3,5/26/2014
22922,880,Hydration Pack - 70 oz.,4,12/27/2013
"22922,875,""Racing Socks, L"",3,12/27/2013"
22924,871,Mountain Bottle Cage,4,7/14/2013
"22924,881,""Short-Sleeve Classic Jersey, S"",3,7/14/2013"
22924,870,Water Bottle - 30 oz.,4,7/14/2013
"22925,884,""Short-Sleeve Classic Jersey, XL"",3,2/3/2014"
"22925,708,""Sport-100 Helmet, Black"",4,2/3/2014"
22925,871,Mountain Bottle Cage,4,2/3/2014
22925,878,Fender Set - Mountain,4,2/3/2014
22927,922,Road Tire Tube,4,5/20/2014
22927,873,Patch Kit/8 Patches,4,5/20/2014
22928,870,Water Bottle - 30 oz.,4,11/13/2013
"22929,708,""Sport-100 Helmet, Black"",4,5/5/2014"
22929,870,Water Bottle - 30 oz.,4,5/5/2014
22930,870,Water Bottle - 30 oz.,4,5/29/2014
22934,922,Road Tire Tube,4,5/13/2014
22935,870,Water Bottle - 30 oz.,4,5/5/2014
22935,880,Hydration Pack - 70 oz.,4,5/5/2014
22936,922,Road Tire Tube,4,5/15/2014
22936,932,ML Road Tire,4,5/15/2014
22938,922,Road Tire Tube,4,5/13/2014
"22939,884,""Short-Sleeve Classic Jersey, XL"",3,5/14/2014"
"22940,884,""Short-Sleeve Classic Jersey, XL"",3,6/7/2013"
"22941,884,""Short-Sleeve Classic Jersey, XL"",3,12/4/2013"
"22942,881,""Short-Sleeve Classic Jersey, S"",3,5/4/2014"
22944,870,Water Bottle - 30 oz.,4,10/7/2013
"22944,711,""Sport-100 Helmet, Blue"",4,10/7/2013"
22945,870,Water Bottle - 30 oz.,4,8/20/2013
22946,932,ML Road Tire,4,7/25/2013
22947,878,Fender Set - Mountain,4,8/3/2013
"22948,707,""Sport-100 Helmet, Red"",4,10/1/2013"
"22949,714,""Long-Sleeve Logo Jersey, M"",3,9/18/2013"
22951,712,AWC Logo Cap,3,8/23/2013
"22951,707,""Sport-100 Helmet, Red"",4,8/23/2013"
"22952,711,""Sport-100 Helmet, Blue"",4,7/26/2013"
22953,877,Bike Wash - Dissolver,4,8/26/2013
22955,712,AWC Logo Cap,3,1/26/2014
22956,870,Water Bottle - 30 oz.,4,3/22/2014
"22956,708,""Sport-100 Helmet, Black"",4,3/22/2014"
"22957,707,""Sport-100 Helmet, Red"",4,1/11/2014"
22958,932,ML Road Tire,4,5/24/2014
22958,922,Road Tire Tube,4,5/24/2014
"22962,711,""Sport-100 Helmet, Blue"",4,10/30/2013"
22963,870,Water Bottle - 30 oz.,4,8/23/2013
"22964,869,""Women's Mountain Shorts, L"",3,10/27/2013"
22965,923,Touring Tire Tube,4,2/21/2014
22967,880,Hydration Pack - 70 oz.,4,1/24/2014
22967,870,Water Bottle - 30 oz.,4,1/24/2014
22968,873,Patch Kit/8 Patches,4,10/25/2013
22969,921,Mountain Tire Tube,4,6/10/2014
22970,929,ML Mountain Tire,4,7/18/2013
"22970,875,""Racing Socks, L"",3,7/18/2013"
"22970,711,""Sport-100 Helmet, Blue"",4,7/18/2013"
22973,873,Patch Kit/8 Patches,4,5/30/2014
22974,923,Touring Tire Tube,4,8/23/2013
22977,929,ML Mountain Tire,4,10/27/2013
22977,921,Mountain Tire Tube,4,10/27/2013
"22978,711,""Sport-100 Helmet, Blue"",4,6/2/2014"
22978,878,Fender Set - Mountain,4,6/2/2014
22979,870,Water Bottle - 30 oz.,4,4/8/2014
22979,880,Hydration Pack - 70 oz.,4,4/8/2014
22979,871,Mountain Bottle Cage,4,4/8/2014
22981,921,Mountain Tire Tube,4,5/14/2014
22981,929,ML Mountain Tire,4,5/14/2014
22981,878,Fender Set - Mountain,4,5/14/2014
22982,921,Mountain Tire Tube,4,8/5/2013
22982,929,ML Mountain Tire,4,8/5/2013
22983,921,Mountain Tire Tube,4,12/21/2013
22984,929,ML Mountain Tire,4,5/22/2014
"22985,859,""Half-Finger Gloves, M"",3,3/3/2014"
22985,921,Mountain Tire Tube,4,3/3/2014
22985,929,ML Mountain Tire,4,3/3/2014
"22987,707,""Sport-100 Helmet, Red"",4,5/7/2014"
22989,929,ML Mountain Tire,4,10/16/2013
"22989,708,""Sport-100 Helmet, Black"",4,10/16/2013"
22991,921,Mountain Tire Tube,4,11/3/2013
22992,870,Water Bottle - 30 oz.,4,10/14/2013
22992,872,Road Bottle Cage,4,10/14/2013
22993,922,Road Tire Tube,4,1/25/2014
22995,933,HL Road Tire,4,11/29/2013
22995,922,Road Tire Tube,4,11/29/2013
22996,870,Water Bottle - 30 oz.,4,11/24/2013
"22997,884,""Short-Sleeve Classic Jersey, XL"",3,1/18/2014"
22997,870,Water Bottle - 30 oz.,4,1/18/2014
22999,870,Water Bottle - 30 oz.,4,1/1/2014
"23000,707,""Sport-100 Helmet, Red"",4,6/15/2014"
23000,921,Mountain Tire Tube,4,6/15/2014
23000,929,ML Mountain Tire,4,6/15/2014
23001,873,Patch Kit/8 Patches,4,3/9/2014
23001,921,Mountain Tire Tube,4,3/9/2014
23002,877,Bike Wash - Dissolver,4,9/12/2013
23002,878,Fender Set - Mountain,4,9/12/2013
23002,873,Patch Kit/8 Patches,4,9/12/2013
23002,929,ML Mountain Tire,4,9/12/2013
23003,873,Patch Kit/8 Patches,4,9/22/2013
23004,929,ML Mountain Tire,4,4/1/2014
23004,878,Fender Set - Mountain,4,4/1/2014
23005,873,Patch Kit/8 Patches,4,9/20/2013
"23006,858,""Half-Finger Gloves, S"",3,4/1/2014"
23006,871,Mountain Bottle Cage,4,4/1/2014
23007,871,Mountain Bottle Cage,4,9/6/2013
23008,923,Touring Tire Tube,4,10/16/2013
23009,873,Patch Kit/8 Patches,4,5/8/2014
23010,921,Mountain Tire Tube,4,4/1/2014
"23010,711,""Sport-100 Helmet, Blue"",4,4/1/2014"
23011,870,Water Bottle - 30 oz.,4,11/30/2013
23013,877,Bike Wash - Dissolver,4,11/20/2013
23014,923,Touring Tire Tube,4,1/8/2014
23015,931,LL Road Tire,4,1/13/2014
23017,931,LL Road Tire,4,1/13/2014
"23018,884,""Short-Sleeve Classic Jersey, XL"",3,1/22/2014"
23018,872,Road Bottle Cage,4,1/22/2014
"23019,707,""Sport-100 Helmet, Red"",4,10/15/2013"
23019,870,Water Bottle - 30 oz.,4,10/15/2013
"23019,860,""Half-Finger Gloves, L"",3,10/15/2013"
23020,929,ML Mountain Tire,4,6/6/2014
23020,878,Fender Set - Mountain,4,6/6/2014
23020,870,Water Bottle - 30 oz.,4,6/6/2014
23020,921,Mountain Tire Tube,4,6/6/2014
23022,921,Mountain Tire Tube,4,10/24/2013
23023,873,Patch Kit/8 Patches,4,8/25/2013
23024,929,ML Mountain Tire,4,10/13/2013
23024,878,Fender Set - Mountain,4,10/13/2013
23024,921,Mountain Tire Tube,4,10/13/2013
23027,873,Patch Kit/8 Patches,4,1/10/2014
23027,929,ML Mountain Tire,4,1/10/2014
23028,931,LL Road Tire,4,1/24/2014
"23028,707,""Sport-100 Helmet, Red"",4,1/24/2014"
"23029,866,""Classic Vest, L"",3,9/3/2013"
23029,929,ML Mountain Tire,4,9/3/2013
23029,878,Fender Set - Mountain,4,9/3/2013
23031,929,ML Mountain Tire,4,1/16/2014
23031,921,Mountain Tire Tube,4,1/16/2014
23033,870,Water Bottle - 30 oz.,4,1/18/2014
"23033,708,""Sport-100 Helmet, Black"",4,1/18/2014"
23035,877,Bike Wash - Dissolver,4,1/14/2014
23035,870,Water Bottle - 30 oz.,4,1/14/2014
23036,922,Road Tire Tube,4,1/16/2014
23036,931,LL Road Tire,4,1/16/2014
"23036,858,""Half-Finger Gloves, S"",3,1/16/2014"
23037,873,Patch Kit/8 Patches,4,6/23/2014
23040,922,Road Tire Tube,4,10/24/2013
23042,931,LL Road Tire,4,1/12/2014
23042,922,Road Tire Tube,4,1/12/2014
23044,873,Patch Kit/8 Patches,4,9/9/2013
23044,921,Mountain Tire Tube,4,9/9/2013
23045,929,ML Mountain Tire,4,11/15/2013
23046,921,Mountain Tire Tube,4,7/19/2013
23046,873,Patch Kit/8 Patches,4,7/19/2013
23047,870,Water Bottle - 30 oz.,4,1/11/2014
23048,921,Mountain Tire Tube,4,10/1/2013
23048,878,Fender Set - Mountain,4,10/1/2013
23049,921,Mountain Tire Tube,4,8/2/2013
"23050,707,""Sport-100 Helmet, Red"",4,7/7/2013"
23050,929,ML Mountain Tire,4,7/7/2013
23051,921,Mountain Tire Tube,4,8/18/2013
"23053,711,""Sport-100 Helmet, Blue"",4,3/30/2014"
23053,921,Mountain Tire Tube,4,3/30/2014
"23055,707,""Sport-100 Helmet, Red"",4,1/20/2014"
23055,921,Mountain Tire Tube,4,1/20/2014
"23056,859,""Half-Finger Gloves, M"",3,1/16/2014"
"23057,708,""Sport-100 Helmet, Black"",4,5/24/2014"
23058,870,Water Bottle - 30 oz.,4,12/31/2013
23058,872,Road Bottle Cage,4,12/31/2013
23059,922,Road Tire Tube,4,1/10/2014
"23059,711,""Sport-100 Helmet, Blue"",4,1/10/2014"
23060,871,Mountain Bottle Cage,4,10/31/2013
23060,921,Mountain Tire Tube,4,10/31/2013
23060,880,Hydration Pack - 70 oz.,4,10/31/2013
23060,870,Water Bottle - 30 oz.,4,10/31/2013
23062,921,Mountain Tire Tube,4,3/15/2014
"23062,708,""Sport-100 Helmet, Black"",4,3/15/2014"
"23062,716,""Long-Sleeve Logo Jersey, XL"",3,3/15/2014"
23063,873,Patch Kit/8 Patches,4,5/18/2014
23063,929,ML Mountain Tire,4,5/18/2014
23065,921,Mountain Tire Tube,4,11/24/2013
23065,929,ML Mountain Tire,4,11/24/2013
23066,872,Road Bottle Cage,4,10/3/2013
"23066,865,""Classic Vest, M"",3,10/3/2013"
23067,929,ML Mountain Tire,4,10/31/2013
"23067,715,""Long-Sleeve Logo Jersey, L"",3,10/31/2013"
23068,873,Patch Kit/8 Patches,4,4/13/2014
23068,929,ML Mountain Tire,4,4/13/2014
23069,921,Mountain Tire Tube,4,7/17/2013
"23069,711,""Sport-100 Helmet, Blue"",4,7/17/2013"
23071,873,Patch Kit/8 Patches,4,11/8/2013
23072,929,ML Mountain Tire,4,9/21/2013
23072,921,Mountain Tire Tube,4,9/21/2013
"23074,860,""Half-Finger Gloves, L"",3,5/8/2014"
23075,931,LL Road Tire,4,10/5/2013
23077,873,Patch Kit/8 Patches,4,8/23/2013
23078,923,Touring Tire Tube,4,12/7/2013
23078,877,Bike Wash - Dissolver,4,12/7/2013
23079,873,Patch Kit/8 Patches,4,12/7/2013
23081,872,Road Bottle Cage,4,1/3/2014
23081,870,Water Bottle - 30 oz.,4,1/3/2014
23083,870,Water Bottle - 30 oz.,4,1/4/2014
23083,921,Mountain Tire Tube,4,1/4/2014
23083,877,Bike Wash - Dissolver,4,1/4/2014
23083,871,Mountain Bottle Cage,4,1/4/2014
"23084,707,""Sport-100 Helmet, Red"",4,11/19/2013"
23085,923,Touring Tire Tube,4,3/19/2014
23086,877,Bike Wash - Dissolver,4,8/24/2013
"23087,708,""Sport-100 Helmet, Black"",4,1/28/2014"
23088,873,Patch Kit/8 Patches,4,7/11/2013
23089,921,Mountain Tire Tube,4,8/11/2013
23089,873,Patch Kit/8 Patches,4,8/11/2013
23090,921,Mountain Tire Tube,4,1/22/2014
23090,929,ML Mountain Tire,4,1/22/2014
23091,929,ML Mountain Tire,4,4/26/2014
"23091,884,""Short-Sleeve Classic Jersey, XL"",3,4/26/2014"
23091,712,AWC Logo Cap,3,4/26/2014
"23093,711,""Sport-100 Helmet, Blue"",4,6/8/2014"
23093,929,ML Mountain Tire,4,6/8/2014
23094,923,Touring Tire Tube,4,9/27/2013
23094,880,Hydration Pack - 70 oz.,4,9/27/2013
23096,873,Patch Kit/8 Patches,4,9/29/2013
23097,870,Water Bottle - 30 oz.,4,12/30/2013
23097,872,Road Bottle Cage,4,12/30/2013
23098,873,Patch Kit/8 Patches,4,12/26/2013
23100,873,Patch Kit/8 Patches,4,12/12/2013
23101,872,Road Bottle Cage,4,12/18/2013
"23101,707,""Sport-100 Helmet, Red"",4,12/18/2013"
23101,870,Water Bottle - 30 oz.,4,12/18/2013
"23103,866,""Classic Vest, L"",3,10/17/2013"
23104,879,All-Purpose Bike Stand,4,6/22/2013
23104,922,Road Tire Tube,4,6/22/2013
"23105,858,""Half-Finger Gloves, S"",3,6/3/2013"
23106,872,Road Bottle Cage,4,9/17/2013
"23106,860,""Half-Finger Gloves, L"",3,9/17/2013"
23106,870,Water Bottle - 30 oz.,4,9/17/2013
23107,872,Road Bottle Cage,4,9/17/2013
23108,929,ML Mountain Tire,4,1/14/2014
23109,873,Patch Kit/8 Patches,4,7/20/2013
23109,921,Mountain Tire Tube,4,7/20/2013
23111,872,Road Bottle Cage,4,10/28/2013
23114,934,Touring Tire,4,5/12/2014
23115,929,ML Mountain Tire,4,8/2/2013
"23117,708,""Sport-100 Helmet, Black"",4,9/20/2013"
23117,872,Road Bottle Cage,4,9/20/2013
23118,922,Road Tire Tube,4,10/26/2013
23118,873,Patch Kit/8 Patches,4,10/26/2013
23119,712,AWC Logo Cap,3,10/26/2013
23122,712,AWC Logo Cap,3,12/30/2013
"23123,711,""Sport-100 Helmet, Blue"",4,4/5/2014"
23126,877,Bike Wash - Dissolver,4,5/12/2014
23126,929,ML Mountain Tire,4,5/12/2014
23126,921,Mountain Tire Tube,4,5/12/2014
23127,922,Road Tire Tube,4,10/11/2013
23128,870,Water Bottle - 30 oz.,4,11/27/2013
23130,873,Patch Kit/8 Patches,4,7/19/2013
23132,876,Hitch Rack - 4-Bike,4,8/17/2013
23132,873,Patch Kit/8 Patches,4,8/17/2013
23132,929,ML Mountain Tire,4,8/17/2013
"23133,711,""Sport-100 Helmet, Blue"",4,1/31/2014"
23133,921,Mountain Tire Tube,4,1/31/2014
23134,921,Mountain Tire Tube,4,4/11/2014
23135,872,Road Bottle Cage,4,1/27/2014
"23138,860,""Half-Finger Gloves, L"",3,2/22/2014"
23139,870,Water Bottle - 30 oz.,4,11/6/2013
23140,929,ML Mountain Tire,4,7/19/2013
23142,872,Road Bottle Cage,4,2/13/2014
23143,873,Patch Kit/8 Patches,4,11/12/2013
23147,929,ML Mountain Tire,4,4/16/2014
23147,921,Mountain Tire Tube,4,4/16/2014
23147,873,Patch Kit/8 Patches,4,4/16/2014
23149,929,ML Mountain Tire,4,1/30/2014
23150,712,AWC Logo Cap,3,5/8/2014
23150,929,ML Mountain Tire,4,5/8/2014
23150,873,Patch Kit/8 Patches,4,5/8/2014
"23151,882,""Short-Sleeve Classic Jersey, M"",3,11/19/2013"
23151,870,Water Bottle - 30 oz.,4,11/19/2013
23152,873,Patch Kit/8 Patches,4,4/8/2014
23152,929,ML Mountain Tire,4,4/8/2014
23153,921,Mountain Tire Tube,4,8/21/2013
23154,873,Patch Kit/8 Patches,4,11/14/2013
23155,870,Water Bottle - 30 oz.,4,11/10/2013
23155,880,Hydration Pack - 70 oz.,4,11/10/2013
23156,872,Road Bottle Cage,4,11/26/2013
23156,712,AWC Logo Cap,3,11/26/2013
23156,870,Water Bottle - 30 oz.,4,11/26/2013
"23157,708,""Sport-100 Helmet, Black"",4,1/15/2014"
23157,929,ML Mountain Tire,4,1/15/2014
"23158,708,""Sport-100 Helmet, Black"",4,11/24/2013"
23159,872,Road Bottle Cage,4,2/24/2014
23159,712,AWC Logo Cap,3,2/24/2014
23160,876,Hitch Rack - 4-Bike,4,2/17/2014
23160,870,Water Bottle - 30 oz.,4,2/17/2014
23162,931,LL Road Tire,4,2/13/2014
23163,922,Road Tire Tube,4,2/17/2014
23163,931,LL Road Tire,4,2/17/2014
23164,870,Water Bottle - 30 oz.,4,7/15/2013
23166,872,Road Bottle Cage,4,11/18/2013
23169,876,Hitch Rack - 4-Bike,4,2/22/2014
23169,931,LL Road Tire,4,2/22/2014
23171,921,Mountain Tire Tube,4,10/7/2013
"23171,711,""Sport-100 Helmet, Blue"",4,10/7/2013"
"23171,883,""Short-Sleeve Classic Jersey, L"",3,10/7/2013"
23172,872,Road Bottle Cage,4,7/12/2013
23172,873,Patch Kit/8 Patches,4,7/12/2013
23173,870,Water Bottle - 30 oz.,4,11/1/2013
"23173,708,""Sport-100 Helmet, Black"",4,11/1/2013"
23174,870,Water Bottle - 30 oz.,4,2/3/2014
23175,931,LL Road Tire,4,2/5/2014
23177,872,Road Bottle Cage,4,11/11/2013
23180,873,Patch Kit/8 Patches,4,11/29/2013
23180,876,Hitch Rack - 4-Bike,4,11/29/2013
23181,870,Water Bottle - 30 oz.,4,12/19/2013
23181,872,Road Bottle Cage,4,12/19/2013
23182,929,ML Mountain Tire,4,6/11/2014
23182,921,Mountain Tire Tube,4,6/11/2014
23184,873,Patch Kit/8 Patches,4,10/28/2013
23184,929,ML Mountain Tire,4,10/28/2013
23184,921,Mountain Tire Tube,4,10/28/2013
"23185,713,""Long-Sleeve Logo Jersey, S"",3,2/24/2014"
23185,872,Road Bottle Cage,4,2/24/2014
23185,870,Water Bottle - 30 oz.,4,2/24/2014
"23188,714,""Long-Sleeve Logo Jersey, M"",3,7/29/2013"
23188,929,ML Mountain Tire,4,7/29/2013
23188,921,Mountain Tire Tube,4,7/29/2013
23189,931,LL Road Tire,4,2/1/2014
"23189,707,""Sport-100 Helmet, Red"",4,2/1/2014"
23190,871,Mountain Bottle Cage,4,4/28/2014
23191,929,ML Mountain Tire,4,12/15/2013
23192,929,ML Mountain Tire,4,2/5/2014
23193,873,Patch Kit/8 Patches,4,11/25/2013
23194,921,Mountain Tire Tube,4,4/7/2014
"23194,708,""Sport-100 Helmet, Black"",4,4/7/2014"
23195,870,Water Bottle - 30 oz.,4,12/14/2013
23195,872,Road Bottle Cage,4,12/14/2013
"23195,715,""Long-Sleeve Logo Jersey, L"",3,12/14/2013"
"23196,708,""Sport-100 Helmet, Black"",4,11/6/2013"
23197,929,ML Mountain Tire,4,12/30/2013
23198,929,ML Mountain Tire,4,9/1/2013
23199,929,ML Mountain Tire,4,12/16/2013
23199,921,Mountain Tire Tube,4,12/16/2013
23199,877,Bike Wash - Dissolver,4,12/16/2013
23200,921,Mountain Tire Tube,4,11/6/2013
23200,878,Fender Set - Mountain,4,11/6/2013
23200,929,ML Mountain Tire,4,11/6/2013
23202,929,ML Mountain Tire,4,4/6/2014
23203,921,Mountain Tire Tube,4,3/26/2014
"23203,707,""Sport-100 Helmet, Red"",4,3/26/2014"
23204,872,Road Bottle Cage,4,12/27/2013
23204,870,Water Bottle - 30 oz.,4,12/27/2013
23205,921,Mountain Tire Tube,4,10/9/2013
"23205,711,""Sport-100 Helmet, Blue"",4,10/9/2013"
23206,929,ML Mountain Tire,4,1/4/2014
"23206,708,""Sport-100 Helmet, Black"",4,1/4/2014"
23208,921,Mountain Tire Tube,4,1/1/2014
23210,872,Road Bottle Cage,4,3/24/2014
"23211,707,""Sport-100 Helmet, Red"",4,3/15/2014"
"23213,866,""Classic Vest, L"",3,3/24/2014"
23213,870,Water Bottle - 30 oz.,4,3/24/2014
"23214,883,""Short-Sleeve Classic Jersey, L"",3,3/21/2014"
23215,870,Water Bottle - 30 oz.,4,2/23/2014
23215,921,Mountain Tire Tube,4,2/23/2014
23215,871,Mountain Bottle Cage,4,2/23/2014
"23216,859,""Half-Finger Gloves, M"",3,12/28/2013"
"23216,708,""Sport-100 Helmet, Black"",4,12/28/2013"
23216,872,Road Bottle Cage,4,12/28/2013
23217,931,LL Road Tire,4,12/3/2013
"23218,707,""Sport-100 Helmet, Red"",4,5/17/2014"
23219,870,Water Bottle - 30 oz.,4,9/24/2013
"23221,707,""Sport-100 Helmet, Red"",4,12/13/2013"
23224,712,AWC Logo Cap,3,7/5/2013
23225,922,Road Tire Tube,4,7/11/2013
"23225,708,""Sport-100 Helmet, Black"",4,7/11/2013"
23226,872,Road Bottle Cage,4,12/15/2013
23226,870,Water Bottle - 30 oz.,4,12/15/2013
23227,872,Road Bottle Cage,4,3/2/2014
"23227,708,""Sport-100 Helmet, Black"",4,3/2/2014"
23227,712,AWC Logo Cap,3,3/2/2014
23228,712,AWC Logo Cap,3,8/31/2013
"23228,715,""Long-Sleeve Logo Jersey, L"",3,8/31/2013"
"23229,858,""Half-Finger Gloves, S"",3,3/10/2014"
23231,870,Water Bottle - 30 oz.,4,3/11/2014
23231,712,AWC Logo Cap,3,3/11/2014
23231,872,Road Bottle Cage,4,3/11/2014
23233,870,Water Bottle - 30 oz.,4,5/28/2014
"23233,715,""Long-Sleeve Logo Jersey, L"",3,5/28/2014"
23233,871,Mountain Bottle Cage,4,5/28/2014
23235,923,Touring Tire Tube,4,7/7/2013
23236,873,Patch Kit/8 Patches,4,1/28/2014
"23237,708,""Sport-100 Helmet, Black"",4,7/25/2013"
23237,934,Touring Tire,4,7/25/2013
23238,872,Road Bottle Cage,4,12/8/2013
23238,870,Water Bottle - 30 oz.,4,12/8/2013
23240,929,ML Mountain Tire,4,2/26/2014
23240,921,Mountain Tire Tube,4,2/26/2014
23241,921,Mountain Tire Tube,4,11/13/2013
"23241,711,""Sport-100 Helmet, Blue"",4,11/13/2013"
23242,870,Water Bottle - 30 oz.,4,12/19/2013
23243,929,ML Mountain Tire,4,6/6/2014
23244,921,Mountain Tire Tube,4,10/13/2013
"23245,707,""Sport-100 Helmet, Red"",4,11/22/2013"
23246,873,Patch Kit/8 Patches,4,1/16/2014
"23247,883,""Short-Sleeve Classic Jersey, L"",3,4/13/2014"
23247,929,ML Mountain Tire,4,4/13/2014
23247,878,Fender Set - Mountain,4,4/13/2014
23248,870,Water Bottle - 30 oz.,4,2/18/2014
"23248,711,""Sport-100 Helmet, Blue"",4,2/18/2014"
"23249,708,""Sport-100 Helmet, Black"",4,7/6/2013"
23249,870,Water Bottle - 30 oz.,4,7/6/2013
23250,871,Mountain Bottle Cage,4,2/24/2014
"23251,708,""Sport-100 Helmet, Black"",4,8/17/2013"
23252,871,Mountain Bottle Cage,4,7/20/2013
"23253,711,""Sport-100 Helmet, Blue"",4,12/9/2013"
23255,921,Mountain Tire Tube,4,7/25/2013
"23256,858,""Half-Finger Gloves, S"",3,2/20/2014"
23256,870,Water Bottle - 30 oz.,4,2/20/2014
23256,871,Mountain Bottle Cage,4,2/20/2014
23258,871,Mountain Bottle Cage,4,11/22/2013
"23259,711,""Sport-100 Helmet, Blue"",4,4/12/2014"
23259,871,Mountain Bottle Cage,4,4/12/2014
"23260,882,""Short-Sleeve Classic Jersey, M"",3,3/25/2014"
23260,870,Water Bottle - 30 oz.,4,3/25/2014
23260,871,Mountain Bottle Cage,4,3/25/2014
23261,880,Hydration Pack - 70 oz.,4,12/10/2013
23261,877,Bike Wash - Dissolver,4,12/10/2013
23261,871,Mountain Bottle Cage,4,12/10/2013
23262,871,Mountain Bottle Cage,4,3/15/2014
"23262,711,""Sport-100 Helmet, Blue"",4,3/15/2014"
23263,870,Water Bottle - 30 oz.,4,1/15/2014
23263,871,Mountain Bottle Cage,4,1/15/2014
23265,870,Water Bottle - 30 oz.,4,12/4/2013
23265,872,Road Bottle Cage,4,12/4/2013
23266,872,Road Bottle Cage,4,12/13/2013
23266,870,Water Bottle - 30 oz.,4,12/13/2013
23267,872,Road Bottle Cage,4,8/19/2013
23267,880,Hydration Pack - 70 oz.,4,8/19/2013
23268,922,Road Tire Tube,4,12/21/2013
23268,873,Patch Kit/8 Patches,4,12/21/2013
"23270,864,""Classic Vest, S"",3,1/2/2014"
23270,872,Road Bottle Cage,4,1/2/2014
"23271,711,""Sport-100 Helmet, Blue"",4,1/8/2014"
23271,871,Mountain Bottle Cage,4,1/8/2014
23272,870,Water Bottle - 30 oz.,4,8/22/2013
"23272,860,""Half-Finger Gloves, L"",3,8/22/2013"
"23273,860,""Half-Finger Gloves, L"",3,6/29/2014"
23273,871,Mountain Bottle Cage,4,6/29/2014
23274,871,Mountain Bottle Cage,4,7/30/2013
23274,870,Water Bottle - 30 oz.,4,7/30/2013
"23275,882,""Short-Sleeve Classic Jersey, M"",3,4/8/2014"
23275,871,Mountain Bottle Cage,4,4/8/2014
23277,871,Mountain Bottle Cage,4,7/7/2013
23277,877,Bike Wash - Dissolver,4,7/7/2013
23279,876,Hitch Rack - 4-Bike,4,3/30/2014
23280,870,Water Bottle - 30 oz.,4,10/7/2013
23282,873,Patch Kit/8 Patches,4,10/1/2013
23282,929,ML Mountain Tire,4,10/1/2013
23284,921,Mountain Tire Tube,4,12/23/2013
"23285,707,""Sport-100 Helmet, Red"",4,6/19/2014"
23285,929,ML Mountain Tire,4,6/19/2014
23287,880,Hydration Pack - 70 oz.,4,1/1/2014
23287,870,Water Bottle - 30 oz.,4,1/1/2014
"23288,874,""Racing Socks, M"",3,1/2/2014"
23289,921,Mountain Tire Tube,4,7/16/2013
23290,921,Mountain Tire Tube,4,6/13/2014
23291,929,ML Mountain Tire,4,6/24/2014
23291,921,Mountain Tire Tube,4,6/24/2014
23292,929,ML Mountain Tire,4,12/30/2013
23293,876,Hitch Rack - 4-Bike,4,2/1/2014
23293,929,ML Mountain Tire,4,2/1/2014
23294,921,Mountain Tire Tube,4,11/1/2013
23294,873,Patch Kit/8 Patches,4,11/1/2013
23295,929,ML Mountain Tire,4,2/13/2014
23296,712,AWC Logo Cap,3,1/22/2014
23297,873,Patch Kit/8 Patches,4,2/3/2014
23297,929,ML Mountain Tire,4,2/3/2014
23298,921,Mountain Tire Tube,4,2/16/2014
"23298,708,""Sport-100 Helmet, Black"",4,2/16/2014"
23300,929,ML Mountain Tire,4,9/18/2013
"23300,864,""Classic Vest, S"",3,9/18/2013"
23300,921,Mountain Tire Tube,4,9/18/2013
23301,929,ML Mountain Tire,4,5/18/2014
23301,921,Mountain Tire Tube,4,5/18/2014
23302,872,Road Bottle Cage,4,1/18/2014
23303,921,Mountain Tire Tube,4,3/26/2014
23303,873,Patch Kit/8 Patches,4,3/26/2014
23304,929,ML Mountain Tire,4,3/1/2014
23304,873,Patch Kit/8 Patches,4,3/1/2014
23305,873,Patch Kit/8 Patches,4,10/4/2013
23307,923,Touring Tire Tube,4,10/11/2013
23307,877,Bike Wash - Dissolver,4,10/11/2013
23309,880,Hydration Pack - 70 oz.,4,8/11/2013
23310,922,Road Tire Tube,4,6/9/2013
23310,932,ML Road Tire,4,6/9/2013
23312,923,Touring Tire Tube,4,2/6/2014
23313,922,Road Tire Tube,4,12/29/2013
23313,879,All-Purpose Bike Stand,4,12/29/2013
23314,870,Water Bottle - 30 oz.,4,12/17/2013
23314,712,AWC Logo Cap,3,12/17/2013
23315,923,Touring Tire Tube,4,3/29/2014
23315,877,Bike Wash - Dissolver,4,3/29/2014
"23316,707,""Sport-100 Helmet, Red"",4,12/29/2013"
"23316,858,""Half-Finger Gloves, S"",3,12/29/2013"
23317,923,Touring Tire Tube,4,2/20/2014
23321,870,Water Bottle - 30 oz.,4,12/15/2013
23321,872,Road Bottle Cage,4,12/15/2013
"23322,860,""Half-Finger Gloves, L"",3,12/28/2013"
23323,873,Patch Kit/8 Patches,4,12/28/2013
23325,872,Road Bottle Cage,4,12/23/2013
"23327,714,""Long-Sleeve Logo Jersey, M"",3,3/5/2014"
23327,871,Mountain Bottle Cage,4,3/5/2014
23327,870,Water Bottle - 30 oz.,4,3/5/2014
23328,934,Touring Tire,4,1/26/2014
23328,923,Touring Tire Tube,4,1/26/2014
"23329,707,""Sport-100 Helmet, Red"",4,1/23/2014"
23330,871,Mountain Bottle Cage,4,11/15/2013
"23333,708,""Sport-100 Helmet, Black"",4,12/12/2013"
23333,929,ML Mountain Tire,4,12/12/2013
23333,921,Mountain Tire Tube,4,12/12/2013
23334,872,Road Bottle Cage,4,12/31/2013
23335,929,ML Mountain Tire,4,3/21/2014
23336,873,Patch Kit/8 Patches,4,8/12/2013
23338,922,Road Tire Tube,4,1/17/2014
23338,873,Patch Kit/8 Patches,4,1/17/2014
23340,870,Water Bottle - 30 oz.,4,3/3/2014
23342,870,Water Bottle - 30 oz.,4,3/10/2014
23342,872,Road Bottle Cage,4,3/10/2014
23348,870,Water Bottle - 30 oz.,4,11/29/2013
23348,712,AWC Logo Cap,3,11/29/2013
23349,712,AWC Logo Cap,3,2/27/2014
23349,878,Fender Set - Mountain,4,2/27/2014
23349,921,Mountain Tire Tube,4,2/27/2014
23350,921,Mountain Tire Tube,4,6/5/2014
23353,921,Mountain Tire Tube,4,3/2/2014
23353,877,Bike Wash - Dissolver,4,3/2/2014
23353,873,Patch Kit/8 Patches,4,3/2/2014
23354,929,ML Mountain Tire,4,7/31/2013
23354,921,Mountain Tire Tube,4,7/31/2013
23356,870,Water Bottle - 30 oz.,4,1/7/2014
23356,872,Road Bottle Cage,4,1/7/2014
"23357,865,""Classic Vest, M"",3,9/15/2013"
23357,929,ML Mountain Tire,4,9/15/2013
23358,877,Bike Wash - Dissolver,4,1/16/2014
23358,872,Road Bottle Cage,4,1/16/2014
23361,873,Patch Kit/8 Patches,4,6/18/2014
23362,873,Patch Kit/8 Patches,4,4/9/2014
23364,873,Patch Kit/8 Patches,4,9/7/2013
23366,921,Mountain Tire Tube,4,9/7/2013
23366,873,Patch Kit/8 Patches,4,9/7/2013
23366,929,ML Mountain Tire,4,9/7/2013
23367,921,Mountain Tire Tube,4,11/16/2013
23367,929,ML Mountain Tire,4,11/16/2013
23369,870,Water Bottle - 30 oz.,4,2/10/2014
23369,880,Hydration Pack - 70 oz.,4,2/10/2014
23370,931,LL Road Tire,4,3/1/2014
23372,872,Road Bottle Cage,4,1/31/2014
23374,872,Road Bottle Cage,4,3/14/2014
23374,870,Water Bottle - 30 oz.,4,3/14/2014
23377,872,Road Bottle Cage,4,3/23/2014
23378,932,ML Road Tire,4,10/16/2013
"23378,874,""Racing Socks, M"",3,10/16/2013"
23379,870,Water Bottle - 30 oz.,4,10/27/2013
23380,921,Mountain Tire Tube,4,8/26/2013
"23380,708,""Sport-100 Helmet, Black"",4,8/26/2013"
23381,921,Mountain Tire Tube,4,6/30/2014
23381,929,ML Mountain Tire,4,6/30/2014
"23382,708,""Sport-100 Helmet, Black"",4,1/29/2014"
23382,931,LL Road Tire,4,1/29/2014
23383,922,Road Tire Tube,4,2/5/2014
"23383,708,""Sport-100 Helmet, Black"",4,2/5/2014"
23385,934,Touring Tire,4,10/11/2013
23385,923,Touring Tire Tube,4,10/11/2013
"23387,715,""Long-Sleeve Logo Jersey, L"",3,11/9/2013"
23387,921,Mountain Tire Tube,4,11/9/2013
23387,712,AWC Logo Cap,3,11/9/2013
23388,929,ML Mountain Tire,4,5/8/2014
"23388,708,""Sport-100 Helmet, Black"",4,5/8/2014"
23389,921,Mountain Tire Tube,4,9/29/2013
23389,873,Patch Kit/8 Patches,4,9/29/2013
23391,872,Road Bottle Cage,4,2/21/2014
"23391,711,""Sport-100 Helmet, Blue"",4,2/21/2014"
"23391,860,""Half-Finger Gloves, L"",3,2/21/2014"
23392,870,Water Bottle - 30 oz.,4,1/29/2014
"23393,881,""Short-Sleeve Classic Jersey, S"",3,2/5/2014"
23395,872,Road Bottle Cage,4,2/13/2014
"23396,708,""Sport-100 Helmet, Black"",4,10/20/2013"
23398,870,Water Bottle - 30 oz.,4,2/18/2014
23401,921,Mountain Tire Tube,4,2/12/2014
23403,870,Water Bottle - 30 oz.,4,2/21/2014
"23404,713,""Long-Sleeve Logo Jersey, S"",3,2/20/2014"
23405,921,Mountain Tire Tube,4,8/20/2013
"23405,711,""Sport-100 Helmet, Blue"",4,8/20/2013"
"23408,714,""Long-Sleeve Logo Jersey, M"",3,11/22/2013"
23410,872,Road Bottle Cage,4,11/6/2013
23410,870,Water Bottle - 30 oz.,4,11/6/2013
23411,872,Road Bottle Cage,4,7/3/2013
23412,870,Water Bottle - 30 oz.,4,7/22/2013
23412,712,AWC Logo Cap,3,7/22/2013
"23414,707,""Sport-100 Helmet, Red"",4,8/17/2013"
"23418,882,""Short-Sleeve Classic Jersey, M"",3,8/15/2013"
"23418,708,""Sport-100 Helmet, Black"",4,8/15/2013"
23419,870,Water Bottle - 30 oz.,4,3/31/2014
23421,932,ML Road Tire,4,12/27/2013
"23421,708,""Sport-100 Helmet, Black"",4,12/27/2013"
23422,932,ML Road Tire,4,12/21/2013
"23424,859,""Half-Finger Gloves, M"",3,9/18/2013"
23425,872,Road Bottle Cage,4,12/10/2013
23425,870,Water Bottle - 30 oz.,4,12/10/2013
23426,870,Water Bottle - 30 oz.,4,3/15/2014
23428,870,Water Bottle - 30 oz.,4,1/2/2014
23431,870,Water Bottle - 30 oz.,4,11/30/2013
23436,872,Road Bottle Cage,4,12/8/2013
"23436,882,""Short-Sleeve Classic Jersey, M"",3,12/8/2013"
23438,870,Water Bottle - 30 oz.,4,2/17/2014
23438,880,Hydration Pack - 70 oz.,4,2/17/2014
23439,870,Water Bottle - 30 oz.,4,8/15/2013
23439,880,Hydration Pack - 70 oz.,4,8/15/2013
23440,934,Touring Tire,4,12/20/2013
23441,934,Touring Tire,4,11/5/2013
23441,923,Touring Tire Tube,4,11/5/2013
23443,873,Patch Kit/8 Patches,4,3/20/2014
23443,879,All-Purpose Bike Stand,4,3/20/2014
23446,873,Patch Kit/8 Patches,4,10/8/2013
23447,922,Road Tire Tube,4,6/9/2014
23448,873,Patch Kit/8 Patches,4,4/18/2014
23449,921,Mountain Tire Tube,4,7/16/2013
"23450,859,""Half-Finger Gloves, M"",3,2/5/2014"
23450,872,Road Bottle Cage,4,2/5/2014
23451,921,Mountain Tire Tube,4,9/24/2013
23452,873,Patch Kit/8 Patches,4,7/7/2013
23453,870,Water Bottle - 30 oz.,4,3/11/2014
"23453,858,""Half-Finger Gloves, S"",3,3/11/2014"
"23453,884,""Short-Sleeve Classic Jersey, XL"",3,3/11/2014"
23454,922,Road Tire Tube,4,3/6/2014
23454,873,Patch Kit/8 Patches,4,3/6/2014
23455,877,Bike Wash - Dissolver,4,5/16/2014
23456,929,ML Mountain Tire,4,10/23/2013
23456,921,Mountain Tire Tube,4,10/23/2013
23456,873,Patch Kit/8 Patches,4,10/23/2013
"23457,711,""Sport-100 Helmet, Blue"",4,2/7/2014"
23457,921,Mountain Tire Tube,4,2/7/2014
23458,921,Mountain Tire Tube,4,1/10/2014
23458,871,Mountain Bottle Cage,4,1/10/2014
23458,878,Fender Set - Mountain,4,1/10/2014
23459,921,Mountain Tire Tube,4,2/20/2014
"23460,859,""Half-Finger Gloves, M"",3,3/25/2014"
"23460,711,""Sport-100 Helmet, Blue"",4,3/25/2014"
23461,929,ML Mountain Tire,4,6/9/2014
23462,873,Patch Kit/8 Patches,4,3/20/2014
23462,931,LL Road Tire,4,3/20/2014
23465,921,Mountain Tire Tube,4,8/26/2013
23468,929,ML Mountain Tire,4,5/26/2014
23468,921,Mountain Tire Tube,4,5/26/2014
23470,929,ML Mountain Tire,4,10/21/2013
23470,878,Fender Set - Mountain,4,10/21/2013
23470,921,Mountain Tire Tube,4,10/21/2013
23470,871,Mountain Bottle Cage,4,10/21/2013
"23471,708,""Sport-100 Helmet, Black"",4,3/20/2014"
23471,931,LL Road Tire,4,3/20/2014
23472,929,ML Mountain Tire,4,8/8/2013
"23473,707,""Sport-100 Helmet, Red"",4,7/31/2013"
"23473,883,""Short-Sleeve Classic Jersey, L"",3,7/31/2013"
23473,712,AWC Logo Cap,3,7/31/2013
23473,921,Mountain Tire Tube,4,7/31/2013
23474,922,Road Tire Tube,4,3/8/2014
"23474,707,""Sport-100 Helmet, Red"",4,3/8/2014"
23475,871,Mountain Bottle Cage,4,12/9/2013
23475,921,Mountain Tire Tube,4,12/9/2013
23475,878,Fender Set - Mountain,4,12/9/2013
23475,929,ML Mountain Tire,4,12/9/2013
23477,929,ML Mountain Tire,4,5/1/2014
"23477,707,""Sport-100 Helmet, Red"",4,5/1/2014"
23478,870,Water Bottle - 30 oz.,4,3/9/2014
"23478,708,""Sport-100 Helmet, Black"",4,3/9/2014"
23479,872,Road Bottle Cage,4,3/16/2014
23479,870,Water Bottle - 30 oz.,4,3/16/2014
23483,929,ML Mountain Tire,4,11/23/2013
23485,921,Mountain Tire Tube,4,6/1/2014
"23485,708,""Sport-100 Helmet, Black"",4,6/1/2014"
"23486,711,""Sport-100 Helmet, Blue"",4,11/9/2013"
23486,922,Road Tire Tube,4,11/9/2013
23487,921,Mountain Tire Tube,4,4/13/2014
"23487,708,""Sport-100 Helmet, Black"",4,4/13/2014"
23489,921,Mountain Tire Tube,4,5/27/2014
"23490,874,""Racing Socks, M"",3,10/13/2013"
23490,921,Mountain Tire Tube,4,10/13/2013
23491,921,Mountain Tire Tube,4,12/26/2013
23491,929,ML Mountain Tire,4,12/26/2013
23492,872,Road Bottle Cage,4,4/16/2014
23492,870,Water Bottle - 30 oz.,4,4/16/2014
23494,921,Mountain Tire Tube,4,5/19/2014
"23494,715,""Long-Sleeve Logo Jersey, L"",3,5/19/2014"
23495,929,ML Mountain Tire,4,3/14/2014
23495,921,Mountain Tire Tube,4,3/14/2014
23496,921,Mountain Tire Tube,4,9/10/2013
"23496,708,""Sport-100 Helmet, Black"",4,9/10/2013"
23500,921,Mountain Tire Tube,4,11/3/2013
23501,929,ML Mountain Tire,4,2/24/2014
23501,921,Mountain Tire Tube,4,2/24/2014
23502,929,ML Mountain Tire,4,7/15/2013
23503,921,Mountain Tire Tube,4,8/21/2013
23504,873,Patch Kit/8 Patches,4,10/28/2013
23505,712,AWC Logo Cap,3,4/3/2014
23505,870,Water Bottle - 30 oz.,4,4/3/2014
"23505,882,""Short-Sleeve Classic Jersey, M"",3,4/3/2014"
23509,931,LL Road Tire,4,4/3/2014
23509,922,Road Tire Tube,4,4/3/2014
23509,873,Patch Kit/8 Patches,4,4/3/2014
23510,872,Road Bottle Cage,4,2/1/2014
"23513,860,""Half-Finger Gloves, L"",3,5/30/2014"
"23513,711,""Sport-100 Helmet, Blue"",4,5/30/2014"
"23514,707,""Sport-100 Helmet, Red"",4,2/26/2014"
23514,921,Mountain Tire Tube,4,2/26/2014
"23516,708,""Sport-100 Helmet, Black"",4,2/26/2014"
23517,870,Water Bottle - 30 oz.,4,3/22/2014
23517,880,Hydration Pack - 70 oz.,4,3/22/2014
23517,712,AWC Logo Cap,3,3/22/2014
23519,870,Water Bottle - 30 oz.,4,3/25/2014
23519,712,AWC Logo Cap,3,3/25/2014
23522,878,Fender Set - Mountain,4,9/11/2013
"23522,864,""Classic Vest, S"",3,9/11/2013"
23527,878,Fender Set - Mountain,4,10/31/2013
23528,878,Fender Set - Mountain,4,2/16/2014
23530,870,Water Bottle - 30 oz.,4,6/7/2014
23531,877,Bike Wash - Dissolver,4,8/5/2013
23531,932,ML Road Tire,4,8/5/2013
"23536,707,""Sport-100 Helmet, Red"",4,11/11/2013"
23537,870,Water Bottle - 30 oz.,4,4/14/2014
23540,712,AWC Logo Cap,3,9/19/2013
23543,870,Water Bottle - 30 oz.,4,1/20/2014
23544,932,ML Road Tire,4,1/19/2014
"23544,711,""Sport-100 Helmet, Blue"",4,1/19/2014"
23544,922,Road Tire Tube,4,1/19/2014
"23548,708,""Sport-100 Helmet, Black"",4,5/23/2014"
23548,921,Mountain Tire Tube,4,5/23/2014
"23549,864,""Classic Vest, S"",3,10/29/2013"
23550,878,Fender Set - Mountain,4,4/1/2014
23550,921,Mountain Tire Tube,4,4/1/2014
23550,929,ML Mountain Tire,4,4/1/2014
23551,921,Mountain Tire Tube,4,2/19/2014
"23552,707,""Sport-100 Helmet, Red"",4,4/27/2014"
"23552,865,""Classic Vest, M"",3,4/27/2014"
23555,921,Mountain Tire Tube,4,8/25/2013
23557,873,Patch Kit/8 Patches,4,10/14/2013
23558,921,Mountain Tire Tube,4,3/14/2014
"23559,860,""Half-Finger Gloves, L"",3,7/3/2013"
"23559,711,""Sport-100 Helmet, Blue"",4,7/3/2013"
23560,872,Road Bottle Cage,4,3/24/2014
23563,878,Fender Set - Mountain,4,1/29/2014
23564,921,Mountain Tire Tube,4,2/15/2014
23565,921,Mountain Tire Tube,4,5/29/2014
23567,921,Mountain Tire Tube,4,11/13/2013
23568,873,Patch Kit/8 Patches,4,3/27/2014
23568,922,Road Tire Tube,4,3/27/2014
23569,923,Touring Tire Tube,4,12/19/2013
"23576,708,""Sport-100 Helmet, Black"",4,10/21/2013"
23577,921,Mountain Tire Tube,4,7/30/2013
"23577,859,""Half-Finger Gloves, M"",3,7/30/2013"
23577,929,ML Mountain Tire,4,7/30/2013
23578,921,Mountain Tire Tube,4,8/16/2013
23578,873,Patch Kit/8 Patches,4,8/16/2013
23579,929,ML Mountain Tire,4,4/4/2014
23580,921,Mountain Tire Tube,4,7/28/2013
"23580,707,""Sport-100 Helmet, Red"",4,7/28/2013"
23581,929,ML Mountain Tire,4,1/17/2014
23581,921,Mountain Tire Tube,4,1/17/2014
"23582,865,""Classic Vest, M"",3,3/2/2014"
23582,931,LL Road Tire,4,3/2/2014
23583,934,Touring Tire,4,11/13/2013
23583,923,Touring Tire Tube,4,11/13/2013
23585,922,Road Tire Tube,4,4/5/2014
23586,872,Road Bottle Cage,4,4/11/2014
23586,870,Water Bottle - 30 oz.,4,4/11/2014
23587,931,LL Road Tire,4,4/29/2014
23588,873,Patch Kit/8 Patches,4,10/1/2013
23588,929,ML Mountain Tire,4,10/1/2013
"23589,707,""Sport-100 Helmet, Red"",4,4/20/2014"
23589,870,Water Bottle - 30 oz.,4,4/20/2014
23590,921,Mountain Tire Tube,4,6/7/2014
23590,929,ML Mountain Tire,4,6/7/2014
23591,921,Mountain Tire Tube,4,8/29/2013
23593,922,Road Tire Tube,4,1/3/2014
"23593,882,""Short-Sleeve Classic Jersey, M"",3,1/3/2014"
"23593,858,""Half-Finger Gloves, S"",3,1/3/2014"
"23595,883,""Short-Sleeve Classic Jersey, L"",3,3/31/2014"
23595,712,AWC Logo Cap,3,3/31/2014
"23596,708,""Sport-100 Helmet, Black"",4,2/1/2014"
23597,922,Road Tire Tube,4,6/29/2013
23597,933,HL Road Tire,4,6/29/2013
23598,873,Patch Kit/8 Patches,4,2/10/2014
23599,877,Bike Wash - Dissolver,4,5/18/2014
23599,921,Mountain Tire Tube,4,5/18/2014
23600,922,Road Tire Tube,4,8/13/2013
23601,922,Road Tire Tube,4,11/24/2013
"23602,711,""Sport-100 Helmet, Blue"",4,7/18/2013"
23603,712,AWC Logo Cap,3,5/20/2014
"23603,881,""Short-Sleeve Classic Jersey, S"",3,5/20/2014"
23603,871,Mountain Bottle Cage,4,5/20/2014
"23605,711,""Sport-100 Helmet, Blue"",4,5/1/2014"
23605,871,Mountain Bottle Cage,4,5/1/2014
23606,922,Road Tire Tube,4,6/18/2013
23606,933,HL Road Tire,4,6/18/2013
23608,933,HL Road Tire,4,7/26/2013
23609,712,AWC Logo Cap,3,10/16/2013
"23610,711,""Sport-100 Helmet, Blue"",4,6/23/2014"
23612,878,Fender Set - Mountain,4,5/14/2014
23613,929,ML Mountain Tire,4,11/24/2013
23614,921,Mountain Tire Tube,4,10/18/2013
"23614,711,""Sport-100 Helmet, Blue"",4,10/18/2013"
"23614,858,""Half-Finger Gloves, S"",3,10/18/2013"
"23614,713,""Long-Sleeve Logo Jersey, S"",3,10/18/2013"
23615,929,ML Mountain Tire,4,3/3/2014
23617,921,Mountain Tire Tube,4,5/9/2014
"23618,859,""Half-Finger Gloves, M"",3,7/11/2013"
23618,872,Road Bottle Cage,4,7/11/2013
23619,921,Mountain Tire Tube,4,2/16/2014
23619,929,ML Mountain Tire,4,2/16/2014
23620,929,ML Mountain Tire,4,1/19/2014
23620,921,Mountain Tire Tube,4,1/19/2014
"23620,708,""Sport-100 Helmet, Black"",4,1/19/2014"
23621,871,Mountain Bottle Cage,4,5/19/2014
23622,873,Patch Kit/8 Patches,4,11/21/2013
23622,921,Mountain Tire Tube,4,11/21/2013
"23624,715,""Long-Sleeve Logo Jersey, L"",3,10/23/2013"
23624,712,AWC Logo Cap,3,10/23/2013
"23625,707,""Sport-100 Helmet, Red"",4,3/19/2014"
23625,929,ML Mountain Tire,4,3/19/2014
23625,712,AWC Logo Cap,3,3/19/2014
23626,922,Road Tire Tube,4,12/24/2013
"23627,708,""Sport-100 Helmet, Black"",4,2/8/2014"
23628,921,Mountain Tire Tube,4,10/18/2013
"23628,707,""Sport-100 Helmet, Red"",4,10/18/2013"
23629,872,Road Bottle Cage,4,7/10/2013
23629,870,Water Bottle - 30 oz.,4,7/10/2013
23630,870,Water Bottle - 30 oz.,4,7/17/2013
"23630,859,""Half-Finger Gloves, M"",3,7/17/2013"
23631,712,AWC Logo Cap,3,6/21/2014
23631,922,Road Tire Tube,4,6/21/2014
23632,879,All-Purpose Bike Stand,4,9/8/2013
"23633,708,""Sport-100 Helmet, Black"",4,4/26/2014"
23636,933,HL Road Tire,4,7/25/2013
"23637,859,""Half-Finger Gloves, M"",3,2/10/2014"
"23639,708,""Sport-100 Helmet, Black"",4,7/29/2013"
23639,921,Mountain Tire Tube,4,7/29/2013
"23641,707,""Sport-100 Helmet, Red"",4,11/7/2013"
23641,870,Water Bottle - 30 oz.,4,11/7/2013
23642,712,AWC Logo Cap,3,6/20/2014
23644,870,Water Bottle - 30 oz.,4,3/7/2014
23646,870,Water Bottle - 30 oz.,4,12/3/2013
23647,877,Bike Wash - Dissolver,4,2/21/2014
23649,712,AWC Logo Cap,3,1/26/2014
"23650,711,""Sport-100 Helmet, Blue"",4,10/27/2013"
23653,932,ML Road Tire,4,1/18/2014
23653,922,Road Tire Tube,4,1/18/2014
23654,880,Hydration Pack - 70 oz.,4,12/29/2013
"23661,881,""Short-Sleeve Classic Jersey, S"",3,2/11/2014"
"23664,716,""Long-Sleeve Logo Jersey, XL"",3,3/26/2014"
23665,712,AWC Logo Cap,3,3/18/2014
23666,934,Touring Tire,4,2/28/2014
"23666,711,""Sport-100 Helmet, Blue"",4,2/28/2014"
23667,870,Water Bottle - 30 oz.,4,5/24/2014
23670,877,Bike Wash - Dissolver,4,7/1/2013
23670,929,ML Mountain Tire,4,7/1/2013
23671,879,All-Purpose Bike Stand,4,2/26/2014
23671,921,Mountain Tire Tube,4,2/26/2014
23674,921,Mountain Tire Tube,4,5/24/2014
23674,929,ML Mountain Tire,4,5/24/2014
"23679,707,""Sport-100 Helmet, Red"",4,7/9/2013"
23681,712,AWC Logo Cap,3,5/1/2014
23682,870,Water Bottle - 30 oz.,4,7/13/2013
23683,870,Water Bottle - 30 oz.,4,3/3/2014
23684,929,ML Mountain Tire,4,6/25/2014
"23686,860,""Half-Finger Gloves, L"",3,4/30/2014"
"23686,707,""Sport-100 Helmet, Red"",4,4/30/2014"
23686,929,ML Mountain Tire,4,4/30/2014
23689,921,Mountain Tire Tube,4,12/4/2013
23689,929,ML Mountain Tire,4,12/4/2013
"23690,874,""Racing Socks, M"",3,7/4/2013"
23692,877,Bike Wash - Dissolver,4,12/10/2013
23692,929,ML Mountain Tire,4,12/10/2013
"23693,716,""Long-Sleeve Logo Jersey, XL"",3,12/13/2013"
"23693,711,""Sport-100 Helmet, Blue"",4,12/13/2013"
23693,929,ML Mountain Tire,4,12/13/2013
23694,929,ML Mountain Tire,4,11/30/2013
"23694,708,""Sport-100 Helmet, Black"",4,11/30/2013"
23695,878,Fender Set - Mountain,4,7/9/2013
23695,929,ML Mountain Tire,4,7/9/2013
"23695,713,""Long-Sleeve Logo Jersey, S"",3,7/9/2013"
23695,712,AWC Logo Cap,3,7/9/2013
23696,871,Mountain Bottle Cage,4,8/21/2013
23696,921,Mountain Tire Tube,4,8/21/2013
23696,873,Patch Kit/8 Patches,4,8/21/2013
23696,870,Water Bottle - 30 oz.,4,8/21/2013
23696,879,All-Purpose Bike Stand,4,8/21/2013
23697,929,ML Mountain Tire,4,9/14/2013
23697,921,Mountain Tire Tube,4,9/14/2013
"23699,858,""Half-Finger Gloves, S"",3,1/2/2014"
23701,872,Road Bottle Cage,4,3/1/2014
23701,870,Water Bottle - 30 oz.,4,3/1/2014
"23702,865,""Classic Vest, M"",3,6/24/2014"
23703,921,Mountain Tire Tube,4,3/14/2014
"23704,711,""Sport-100 Helmet, Blue"",4,3/3/2014"
23704,922,Road Tire Tube,4,3/3/2014
"23705,711,""Sport-100 Helmet, Blue"",4,4/18/2014"
23705,921,Mountain Tire Tube,4,4/18/2014
"23705,860,""Half-Finger Gloves, L"",3,4/18/2014"
23707,931,LL Road Tire,4,4/21/2014
23711,929,ML Mountain Tire,4,7/24/2013
"23712,874,""Racing Socks, M"",3,1/14/2014"
23713,929,ML Mountain Tire,4,5/21/2014
23714,877,Bike Wash - Dissolver,4,8/6/2013
23714,933,HL Road Tire,4,8/6/2013
23716,921,Mountain Tire Tube,4,9/16/2013
23718,922,Road Tire Tube,4,3/20/2014
23718,931,LL Road Tire,4,3/20/2014
23719,870,Water Bottle - 30 oz.,4,6/15/2014
23720,929,ML Mountain Tire,4,4/24/2014
"23721,708,""Sport-100 Helmet, Black"",4,3/19/2014"
23721,870,Water Bottle - 30 oz.,4,3/19/2014
23722,873,Patch Kit/8 Patches,4,8/19/2013
"23723,713,""Long-Sleeve Logo Jersey, S"",3,3/6/2014"
23723,870,Water Bottle - 30 oz.,4,3/6/2014
23723,872,Road Bottle Cage,4,3/6/2014
23724,872,Road Bottle Cage,4,4/19/2014
23724,870,Water Bottle - 30 oz.,4,4/19/2014
23726,870,Water Bottle - 30 oz.,4,3/27/2014
23726,712,AWC Logo Cap,3,3/27/2014
23727,929,ML Mountain Tire,4,11/26/2013
23728,921,Mountain Tire Tube,4,9/10/2013
23728,929,ML Mountain Tire,4,9/10/2013
23729,933,HL Road Tire,4,7/6/2013
23729,922,Road Tire Tube,4,7/6/2013
23732,871,Mountain Bottle Cage,4,9/5/2013
23732,921,Mountain Tire Tube,4,9/5/2013
23732,870,Water Bottle - 30 oz.,4,9/5/2013
"23732,858,""Half-Finger Gloves, S"",3,9/5/2013"
23733,922,Road Tire Tube,4,3/10/2014
23733,931,LL Road Tire,4,3/10/2014
23734,929,ML Mountain Tire,4,12/14/2013
23734,921,Mountain Tire Tube,4,12/14/2013
23735,921,Mountain Tire Tube,4,8/2/2013
23736,929,ML Mountain Tire,4,10/4/2013
23736,877,Bike Wash - Dissolver,4,10/4/2013
23737,921,Mountain Tire Tube,4,1/12/2014
23738,933,HL Road Tire,4,3/18/2014
23739,877,Bike Wash - Dissolver,4,4/1/2014
23739,931,LL Road Tire,4,4/1/2014
23740,933,HL Road Tire,4,1/3/2014
"23742,883,""Short-Sleeve Classic Jersey, L"",3,3/9/2014"
"23743,707,""Sport-100 Helmet, Red"",4,7/27/2013"
23744,931,LL Road Tire,4,3/23/2014
23744,922,Road Tire Tube,4,3/23/2014
23745,923,Touring Tire Tube,4,9/30/2013
23745,877,Bike Wash - Dissolver,4,9/30/2013
23745,873,Patch Kit/8 Patches,4,9/30/2013
23747,877,Bike Wash - Dissolver,4,9/25/2013
23747,872,Road Bottle Cage,4,9/25/2013
23748,934,Touring Tire,4,3/9/2014
23748,923,Touring Tire Tube,4,3/9/2014
23749,712,AWC Logo Cap,3,2/19/2014
23749,923,Touring Tire Tube,4,2/19/2014
"23749,711,""Sport-100 Helmet, Blue"",4,2/19/2014"
23752,712,AWC Logo Cap,3,9/6/2013
"23753,707,""Sport-100 Helmet, Red"",4,9/24/2013"
23753,932,ML Road Tire,4,9/24/2013
23753,712,AWC Logo Cap,3,9/24/2013
"23754,711,""Sport-100 Helmet, Blue"",4,3/23/2014"
23754,934,Touring Tire,4,3/23/2014
23755,873,Patch Kit/8 Patches,4,1/16/2014
23756,873,Patch Kit/8 Patches,4,9/1/2013
23756,876,Hitch Rack - 4-Bike,4,9/1/2013
"23757,708,""Sport-100 Helmet, Black"",4,9/29/2013"
23760,712,AWC Logo Cap,3,9/14/2013
23761,923,Touring Tire Tube,4,11/22/2013
23761,934,Touring Tire,4,11/22/2013
23762,712,AWC Logo Cap,3,9/21/2013
23764,870,Water Bottle - 30 oz.,4,7/24/2013
"23765,883,""Short-Sleeve Classic Jersey, L"",3,8/24/2013"
"23765,860,""Half-Finger Gloves, L"",3,8/24/2013"
23765,870,Water Bottle - 30 oz.,4,8/24/2013
23766,923,Touring Tire Tube,4,12/31/2013
23766,934,Touring Tire,4,12/31/2013
"23767,875,""Racing Socks, L"",3,6/19/2014"
"23768,859,""Half-Finger Gloves, M"",3,6/3/2014"
"23769,859,""Half-Finger Gloves, M"",3,8/14/2013"
23771,934,Touring Tire,4,10/13/2013
23771,870,Water Bottle - 30 oz.,4,10/13/2013
"23771,707,""Sport-100 Helmet, Red"",4,10/13/2013"
23771,923,Touring Tire Tube,4,10/13/2013
23772,922,Road Tire Tube,4,12/15/2013
23773,934,Touring Tire,4,8/31/2013
23773,923,Touring Tire Tube,4,8/31/2013
23774,922,Road Tire Tube,4,9/5/2013
23774,932,ML Road Tire,4,9/5/2013
"23774,716,""Long-Sleeve Logo Jersey, XL"",3,9/5/2013"
"23777,714,""Long-Sleeve Logo Jersey, M"",3,10/1/2013"
"23778,711,""Sport-100 Helmet, Blue"",4,3/25/2014"
23778,872,Road Bottle Cage,4,3/25/2014
23779,873,Patch Kit/8 Patches,4,10/27/2013
23781,873,Patch Kit/8 Patches,4,3/17/2014
23781,922,Road Tire Tube,4,3/17/2014
23782,921,Mountain Tire Tube,4,2/25/2014
"23782,711,""Sport-100 Helmet, Blue"",4,2/25/2014"
23783,870,Water Bottle - 30 oz.,4,8/3/2013
23784,929,ML Mountain Tire,4,7/9/2013
23785,921,Mountain Tire Tube,4,7/6/2013
23785,929,ML Mountain Tire,4,7/6/2013
23786,929,ML Mountain Tire,4,12/10/2013
"23787,707,""Sport-100 Helmet, Red"",4,8/25/2013"
23787,933,HL Road Tire,4,8/25/2013
23789,934,Touring Tire,4,2/24/2014
23789,923,Touring Tire Tube,4,2/24/2014
23790,933,HL Road Tire,4,12/7/2013
23790,877,Bike Wash - Dissolver,4,12/7/2013
23790,873,Patch Kit/8 Patches,4,12/7/2013
"23791,707,""Sport-100 Helmet, Red"",4,11/30/2013"
23791,933,HL Road Tire,4,11/30/2013
23793,873,Patch Kit/8 Patches,4,9/16/2013
23793,922,Road Tire Tube,4,9/16/2013
23795,922,Road Tire Tube,4,8/19/2013
23795,933,HL Road Tire,4,8/19/2013
23796,933,HL Road Tire,4,12/5/2013
"23797,707,""Sport-100 Helmet, Red"",4,9/12/2013"
23798,870,Water Bottle - 30 oz.,4,8/18/2013
23798,877,Bike Wash - Dissolver,4,8/18/2013
23799,872,Road Bottle Cage,4,5/14/2014
23800,922,Road Tire Tube,4,3/8/2014
"23800,707,""Sport-100 Helmet, Red"",4,3/8/2014"
23801,933,HL Road Tire,4,7/18/2013
"23803,864,""Classic Vest, S"",3,11/5/2013"
23804,922,Road Tire Tube,4,8/24/2013
23804,933,HL Road Tire,4,8/24/2013
23807,870,Water Bottle - 30 oz.,4,3/28/2014
"23807,884,""Short-Sleeve Classic Jersey, XL"",3,3/28/2014"
23810,929,ML Mountain Tire,4,10/22/2013
23812,921,Mountain Tire Tube,4,3/4/2014
"23812,711,""Sport-100 Helmet, Blue"",4,3/4/2014"
23815,922,Road Tire Tube,4,3/6/2014
23815,879,All-Purpose Bike Stand,4,3/6/2014
23816,931,LL Road Tire,4,3/3/2014
23818,872,Road Bottle Cage,4,3/8/2014
23820,929,ML Mountain Tire,4,5/17/2014
23820,873,Patch Kit/8 Patches,4,5/17/2014
23821,870,Water Bottle - 30 oz.,4,4/19/2014
"23821,715,""Long-Sleeve Logo Jersey, L"",3,4/19/2014"
"23821,711,""Sport-100 Helmet, Blue"",4,4/19/2014"
23822,873,Patch Kit/8 Patches,4,10/5/2013
23822,929,ML Mountain Tire,4,10/5/2013
"23823,858,""Half-Finger Gloves, S"",3,10/18/2013"
23823,870,Water Bottle - 30 oz.,4,10/18/2013
23824,921,Mountain Tire Tube,4,7/9/2013
23824,929,ML Mountain Tire,4,7/9/2013
23825,873,Patch Kit/8 Patches,4,3/19/2014
23826,929,ML Mountain Tire,4,9/11/2013
23827,712,AWC Logo Cap,3,5/6/2014
23831,929,ML Mountain Tire,4,7/4/2013
23831,921,Mountain Tire Tube,4,7/4/2013
23832,876,Hitch Rack - 4-Bike,4,4/4/2014
23832,931,LL Road Tire,4,4/4/2014
23832,873,Patch Kit/8 Patches,4,4/4/2014
23833,931,LL Road Tire,4,4/29/2014
23833,879,All-Purpose Bike Stand,4,4/29/2014
23834,872,Road Bottle Cage,4,4/11/2014
23834,877,Bike Wash - Dissolver,4,4/11/2014
"23835,713,""Long-Sleeve Logo Jersey, S"",3,4/8/2014"
23835,870,Water Bottle - 30 oz.,4,4/8/2014
"23836,860,""Half-Finger Gloves, L"",3,4/22/2014"
23841,931,LL Road Tire,4,4/24/2014
"23841,711,""Sport-100 Helmet, Blue"",4,4/24/2014"
23841,712,AWC Logo Cap,3,4/24/2014
"23841,714,""Long-Sleeve Logo Jersey, M"",3,4/24/2014"
23843,929,ML Mountain Tire,4,4/20/2014
23844,931,LL Road Tire,4,4/26/2014
23845,872,Road Bottle Cage,4,4/18/2014
"23845,884,""Short-Sleeve Classic Jersey, XL"",3,4/18/2014"
23847,931,LL Road Tire,4,4/4/2014
23847,879,All-Purpose Bike Stand,4,4/4/2014
23849,922,Road Tire Tube,4,4/11/2014
"23849,707,""Sport-100 Helmet, Red"",4,4/11/2014"
23852,872,Road Bottle Cage,4,4/15/2014
"23852,711,""Sport-100 Helmet, Blue"",4,4/15/2014"
"23853,707,""Sport-100 Helmet, Red"",4,4/19/2014"
23853,870,Water Bottle - 30 oz.,4,4/19/2014
"23854,711,""Sport-100 Helmet, Blue"",4,4/12/2014"
23855,712,AWC Logo Cap,3,4/22/2014
23855,931,LL Road Tire,4,4/22/2014
"23857,707,""Sport-100 Helmet, Red"",4,4/16/2014"
23857,931,LL Road Tire,4,4/16/2014
23858,872,Road Bottle Cage,4,7/24/2013
23861,876,Hitch Rack - 4-Bike,4,7/19/2013
"23862,711,""Sport-100 Helmet, Blue"",4,8/31/2013"
23862,921,Mountain Tire Tube,4,8/31/2013
23863,929,ML Mountain Tire,4,11/10/2013
23863,921,Mountain Tire Tube,4,11/10/2013
"23864,715,""Long-Sleeve Logo Jersey, L"",3,12/29/2013"
23864,921,Mountain Tire Tube,4,12/29/2013
"23865,866,""Classic Vest, L"",3,2/20/2014"
23868,873,Patch Kit/8 Patches,4,3/25/2014
23868,934,Touring Tire,4,3/25/2014
23869,921,Mountain Tire Tube,4,8/10/2013
23870,922,Road Tire Tube,4,5/23/2014
23870,931,LL Road Tire,4,5/23/2014
"23870,859,""Half-Finger Gloves, M"",3,5/23/2014"
23871,870,Water Bottle - 30 oz.,4,5/12/2014
23871,876,Hitch Rack - 4-Bike,4,5/12/2014
23872,873,Patch Kit/8 Patches,4,5/21/2014
23872,872,Road Bottle Cage,4,5/21/2014
23873,931,LL Road Tire,4,5/9/2014
"23873,866,""Classic Vest, L"",3,5/9/2014"
23875,929,ML Mountain Tire,4,4/26/2014
23875,873,Patch Kit/8 Patches,4,4/26/2014
23876,922,Road Tire Tube,4,3/5/2014
"23877,707,""Sport-100 Helmet, Red"",4,5/1/2014"
"23877,875,""Racing Socks, L"",3,5/1/2014"
23877,921,Mountain Tire Tube,4,5/1/2014
23878,870,Water Bottle - 30 oz.,4,5/9/2014
23878,872,Road Bottle Cage,4,5/9/2014
"23879,711,""Sport-100 Helmet, Blue"",4,8/29/2013"
"23879,860,""Half-Finger Gloves, L"",3,8/29/2013"
23880,870,Water Bottle - 30 oz.,4,5/6/2014
23883,877,Bike Wash - Dissolver,4,5/26/2014
23883,922,Road Tire Tube,4,5/26/2014
23883,931,LL Road Tire,4,5/26/2014
23886,872,Road Bottle Cage,4,5/6/2014
23886,712,AWC Logo Cap,3,5/6/2014
23888,929,ML Mountain Tire,4,8/6/2013
"23889,711,""Sport-100 Helmet, Blue"",4,5/24/2014"
23889,921,Mountain Tire Tube,4,5/24/2014
23890,873,Patch Kit/8 Patches,4,1/25/2014
"23893,884,""Short-Sleeve Classic Jersey, XL"",3,11/17/2013"
23894,929,ML Mountain Tire,4,8/17/2013
"23894,708,""Sport-100 Helmet, Black"",4,8/17/2013"
23897,922,Road Tire Tube,4,8/14/2013
"23899,875,""Racing Socks, L"",3,3/29/2014"
23899,922,Road Tire Tube,4,3/29/2014
"23904,858,""Half-Finger Gloves, S"",3,9/19/2013"
23910,922,Road Tire Tube,4,9/7/2013
23911,934,Touring Tire,4,2/8/2014
23911,873,Patch Kit/8 Patches,4,2/8/2014
23913,872,Road Bottle Cage,4,6/1/2014
23913,934,Touring Tire,4,6/1/2014
23913,870,Water Bottle - 30 oz.,4,6/1/2014
23914,873,Patch Kit/8 Patches,4,2/5/2014
23915,922,Road Tire Tube,4,5/2/2014
23917,872,Road Bottle Cage,4,1/8/2014
23918,923,Touring Tire Tube,4,8/19/2013
"23918,708,""Sport-100 Helmet, Black"",4,8/19/2013"
23919,923,Touring Tire Tube,4,12/1/2013
23919,934,Touring Tire,4,12/1/2013
23921,870,Water Bottle - 30 oz.,4,9/11/2013
23921,877,Bike Wash - Dissolver,4,9/11/2013
23922,872,Road Bottle Cage,4,9/29/2013
23922,870,Water Bottle - 30 oz.,4,9/29/2013
23925,870,Water Bottle - 30 oz.,4,10/2/2013
23927,934,Touring Tire,4,1/17/2014
23927,873,Patch Kit/8 Patches,4,1/17/2014
23928,934,Touring Tire,4,9/7/2013
23928,923,Touring Tire Tube,4,9/7/2013
23929,934,Touring Tire,4,2/18/2014
23929,923,Touring Tire Tube,4,2/18/2014
23930,712,AWC Logo Cap,3,11/11/2013
"23930,708,""Sport-100 Helmet, Black"",4,11/11/2013"
"23930,713,""Long-Sleeve Logo Jersey, S"",3,11/11/2013"
23930,932,ML Road Tire,4,11/11/2013
"23931,707,""Sport-100 Helmet, Red"",4,6/24/2014"
23931,923,Touring Tire Tube,4,6/24/2014
23932,870,Water Bottle - 30 oz.,4,4/29/2014
"23932,711,""Sport-100 Helmet, Blue"",4,4/29/2014"
23933,873,Patch Kit/8 Patches,4,1/9/2014
23934,873,Patch Kit/8 Patches,4,6/27/2014
23934,923,Touring Tire Tube,4,6/27/2014
23936,880,Hydration Pack - 70 oz.,4,11/1/2013
"23936,711,""Sport-100 Helmet, Blue"",4,11/1/2013"
23936,934,Touring Tire,4,11/1/2013
"23937,707,""Sport-100 Helmet, Red"",4,7/22/2013"
"23941,708,""Sport-100 Helmet, Black"",4,6/30/2013"
23942,922,Road Tire Tube,4,11/11/2013
"23943,708,""Sport-100 Helmet, Black"",4,4/30/2014"
"23946,714,""Long-Sleeve Logo Jersey, M"",3,3/22/2014"
23947,922,Road Tire Tube,4,4/28/2014
23948,870,Water Bottle - 30 oz.,4,4/17/2014
"23949,716,""Long-Sleeve Logo Jersey, XL"",3,9/23/2013"
23949,712,AWC Logo Cap,3,9/23/2013
23949,934,Touring Tire,4,9/23/2013
23950,934,Touring Tire,4,2/20/2014
23950,923,Touring Tire Tube,4,2/20/2014
23951,934,Touring Tire,4,3/25/2014
23951,923,Touring Tire Tube,4,3/25/2014
"23952,707,""Sport-100 Helmet, Red"",4,1/31/2014"
"23954,707,""Sport-100 Helmet, Red"",4,9/8/2013"
23954,872,Road Bottle Cage,4,9/8/2013
23954,712,AWC Logo Cap,3,9/8/2013
23955,934,Touring Tire,4,5/20/2014
23955,877,Bike Wash - Dissolver,4,5/20/2014
23955,873,Patch Kit/8 Patches,4,5/20/2014
23956,922,Road Tire Tube,4,12/11/2013
"23957,708,""Sport-100 Helmet, Black"",4,3/29/2014"
23958,870,Water Bottle - 30 oz.,4,4/21/2014
"23958,708,""Sport-100 Helmet, Black"",4,4/21/2014"
23958,872,Road Bottle Cage,4,4/21/2014
"23958,859,""Half-Finger Gloves, M"",3,4/21/2014"
"23959,707,""Sport-100 Helmet, Red"",4,7/27/2013"
23960,922,Road Tire Tube,4,1/15/2014
23960,931,LL Road Tire,4,1/15/2014
23961,931,LL Road Tire,4,1/27/2014
23961,922,Road Tire Tube,4,1/27/2014
"23963,707,""Sport-100 Helmet, Red"",4,1/20/2014"
23963,934,Touring Tire,4,1/20/2014
23964,873,Patch Kit/8 Patches,4,7/28/2013
23964,934,Touring Tire,4,7/28/2013
23965,922,Road Tire Tube,4,9/30/2013
"23966,859,""Half-Finger Gloves, M"",3,8/30/2013"
"23968,707,""Sport-100 Helmet, Red"",4,2/20/2014"
23969,923,Touring Tire Tube,4,12/14/2013
23969,934,Touring Tire,4,12/14/2013
23970,923,Touring Tire Tube,4,3/30/2014
23970,934,Touring Tire,4,3/30/2014
23971,712,AWC Logo Cap,3,5/9/2014
23971,870,Water Bottle - 30 oz.,4,5/9/2014
"23971,707,""Sport-100 Helmet, Red"",4,5/9/2014"
"23972,707,""Sport-100 Helmet, Red"",4,3/27/2014"
23972,923,Touring Tire Tube,4,3/27/2014
23973,923,Touring Tire Tube,4,4/27/2014
23974,873,Patch Kit/8 Patches,4,5/24/2014
23974,923,Touring Tire Tube,4,5/24/2014
"23975,708,""Sport-100 Helmet, Black"",4,4/24/2014"
"23977,711,""Sport-100 Helmet, Blue"",4,1/2/2014"
23977,934,Touring Tire,4,1/2/2014
23977,880,Hydration Pack - 70 oz.,4,1/2/2014
23978,870,Water Bottle - 30 oz.,4,6/7/2014
23979,873,Patch Kit/8 Patches,4,11/15/2013
"23980,708,""Sport-100 Helmet, Black"",4,2/24/2014"
23980,934,Touring Tire,4,2/24/2014
23981,934,Touring Tire,4,7/27/2013
"23983,714,""Long-Sleeve Logo Jersey, M"",3,10/19/2013"
23985,870,Water Bottle - 30 oz.,4,1/26/2014
"23986,711,""Sport-100 Helmet, Blue"",4,10/16/2013"
23986,922,Road Tire Tube,4,10/16/2013
23987,873,Patch Kit/8 Patches,4,10/24/2013
"23988,714,""Long-Sleeve Logo Jersey, M"",3,11/5/2013"
23989,870,Water Bottle - 30 oz.,4,7/14/2013
23992,922,Road Tire Tube,4,1/4/2014
23992,931,LL Road Tire,4,1/4/2014
"23993,881,""Short-Sleeve Classic Jersey, S"",3,1/6/2014"
23994,880,Hydration Pack - 70 oz.,4,1/20/2014
23994,870,Water Bottle - 30 oz.,4,1/20/2014
23996,712,AWC Logo Cap,3,1/11/2014
23996,870,Water Bottle - 30 oz.,4,1/11/2014
23997,923,Touring Tire Tube,4,9/17/2013
"24002,874,""Racing Socks, M"",3,1/14/2014"
24002,872,Road Bottle Cage,4,1/14/2014
"24003,711,""Sport-100 Helmet, Blue"",4,1/2/2014"
24004,872,Road Bottle Cage,4,1/7/2014
24004,870,Water Bottle - 30 oz.,4,1/7/2014
"24007,711,""Sport-100 Helmet, Blue"",4,1/20/2014"
24010,922,Road Tire Tube,4,4/20/2014
24011,712,AWC Logo Cap,3,11/17/2013
24012,934,Touring Tire,4,3/16/2014
24012,923,Touring Tire Tube,4,3/16/2014
24013,880,Hydration Pack - 70 oz.,4,10/13/2013
24013,934,Touring Tire,4,10/13/2013
"24014,711,""Sport-100 Helmet, Blue"",4,3/14/2014"
24016,873,Patch Kit/8 Patches,4,12/21/2013
24016,934,Touring Tire,4,12/21/2013
24016,923,Touring Tire Tube,4,12/21/2013
24017,870,Water Bottle - 30 oz.,4,2/8/2014
24020,712,AWC Logo Cap,3,1/18/2014
24021,873,Patch Kit/8 Patches,4,3/18/2014
24021,934,Touring Tire,4,3/18/2014
24021,876,Hitch Rack - 4-Bike,4,3/18/2014
24023,870,Water Bottle - 30 oz.,4,3/31/2014
"24023,708,""Sport-100 Helmet, Black"",4,3/31/2014"
"24025,858,""Half-Finger Gloves, S"",3,1/29/2014"
24025,870,Water Bottle - 30 oz.,4,1/29/2014
"24026,864,""Classic Vest, S"",3,11/10/2013"
24026,932,ML Road Tire,4,11/10/2013
24027,872,Road Bottle Cage,4,2/9/2014
24027,877,Bike Wash - Dissolver,4,2/9/2014
24028,872,Road Bottle Cage,4,5/25/2014
"24028,711,""Sport-100 Helmet, Blue"",4,5/25/2014"
24028,870,Water Bottle - 30 oz.,4,5/25/2014
24029,872,Road Bottle Cage,4,5/3/2014
"24029,874,""Racing Socks, M"",3,5/3/2014"
24032,873,Patch Kit/8 Patches,4,5/24/2014
24034,932,ML Road Tire,4,11/17/2013
24034,922,Road Tire Tube,4,11/17/2013
"24035,875,""Racing Socks, L"",3,9/6/2013"
"24036,881,""Short-Sleeve Classic Jersey, S"",3,2/20/2014"
24036,872,Road Bottle Cage,4,2/20/2014
24038,931,LL Road Tire,4,5/14/2014
24040,873,Patch Kit/8 Patches,4,12/7/2013
24040,922,Road Tire Tube,4,12/7/2013
"24041,711,""Sport-100 Helmet, Blue"",4,4/1/2014"
24041,922,Road Tire Tube,4,4/1/2014
"24042,874,""Racing Socks, M"",3,6/7/2014"
24043,873,Patch Kit/8 Patches,4,5/5/2014
24046,872,Road Bottle Cage,4,2/24/2014
24050,712,AWC Logo Cap,3,12/21/2013
24056,922,Road Tire Tube,4,5/3/2014
24056,931,LL Road Tire,4,5/3/2014
24058,712,AWC Logo Cap,3,1/23/2014
24059,712,AWC Logo Cap,3,2/3/2014
24063,872,Road Bottle Cage,4,7/1/2013
"24063,708,""Sport-100 Helmet, Black"",4,7/1/2013"
"24066,707,""Sport-100 Helmet, Red"",4,3/10/2014"
24066,922,Road Tire Tube,4,3/10/2014
24067,872,Road Bottle Cage,4,3/2/2014
24067,870,Water Bottle - 30 oz.,4,3/2/2014
24068,872,Road Bottle Cage,4,3/27/2014
24070,923,Touring Tire Tube,4,3/10/2014
24070,873,Patch Kit/8 Patches,4,3/10/2014
24071,877,Bike Wash - Dissolver,4,10/21/2013
24072,873,Patch Kit/8 Patches,4,10/30/2013
24073,870,Water Bottle - 30 oz.,4,2/17/2014
24074,922,Road Tire Tube,4,2/18/2014
"24075,707,""Sport-100 Helmet, Red"",4,3/23/2014"
24075,934,Touring Tire,4,3/23/2014
24076,934,Touring Tire,4,3/10/2014
24076,712,AWC Logo Cap,3,3/10/2014
24076,923,Touring Tire Tube,4,3/10/2014
"24077,708,""Sport-100 Helmet, Black"",4,2/12/2014"
24077,872,Road Bottle Cage,4,2/12/2014
"24079,707,""Sport-100 Helmet, Red"",4,10/21/2013"
"24080,713,""Long-Sleeve Logo Jersey, S"",3,12/28/2013"
24081,873,Patch Kit/8 Patches,4,2/7/2014
24082,923,Touring Tire Tube,4,2/3/2014
"24084,874,""Racing Socks, M"",3,8/8/2013"
24084,872,Road Bottle Cage,4,8/8/2013
24085,870,Water Bottle - 30 oz.,4,8/9/2013
24086,922,Road Tire Tube,4,2/25/2014
"24087,707,""Sport-100 Helmet, Red"",4,4/28/2014"
24088,922,Road Tire Tube,4,10/14/2013
24089,712,AWC Logo Cap,3,10/30/2013
"24092,859,""Half-Finger Gloves, M"",3,4/3/2014"
24092,872,Road Bottle Cage,4,4/3/2014
24093,872,Road Bottle Cage,4,7/5/2013
24093,712,AWC Logo Cap,3,7/5/2013
24094,870,Water Bottle - 30 oz.,4,7/1/2013
"24095,859,""Half-Finger Gloves, M"",3,11/25/2013"
24096,923,Touring Tire Tube,4,10/23/2013
24097,922,Road Tire Tube,4,6/2/2014
24098,931,LL Road Tire,4,3/16/2014
"24098,711,""Sport-100 Helmet, Blue"",4,3/16/2014"
24098,880,Hydration Pack - 70 oz.,4,3/16/2014
24099,873,Patch Kit/8 Patches,4,3/2/2014
"24100,707,""Sport-100 Helmet, Red"",4,12/4/2013"
24100,870,Water Bottle - 30 oz.,4,12/4/2013
"24102,858,""Half-Finger Gloves, S"",3,6/27/2013"
"24106,711,""Sport-100 Helmet, Blue"",4,2/7/2014"
24107,876,Hitch Rack - 4-Bike,4,4/4/2014
"24113,707,""Sport-100 Helmet, Red"",4,8/15/2013"
24114,712,AWC Logo Cap,3,12/31/2013
"24115,708,""Sport-100 Helmet, Black"",4,3/10/2014"
24117,922,Road Tire Tube,4,2/21/2014
24118,873,Patch Kit/8 Patches,4,6/27/2014
24119,923,Touring Tire Tube,4,2/12/2014
24123,923,Touring Tire Tube,4,12/7/2013
24124,880,Hydration Pack - 70 oz.,4,5/31/2014
24125,923,Touring Tire Tube,4,3/21/2014
24126,923,Touring Tire Tube,4,1/18/2014
24128,880,Hydration Pack - 70 oz.,4,12/24/2013
24128,922,Road Tire Tube,4,12/24/2013
"24130,707,""Sport-100 Helmet, Red"",4,11/9/2013"
24130,712,AWC Logo Cap,3,11/9/2013
24131,712,AWC Logo Cap,3,6/27/2014
"24133,708,""Sport-100 Helmet, Black"",4,10/12/2013"
24133,712,AWC Logo Cap,3,10/12/2013
24137,922,Road Tire Tube,4,10/30/2013
"24138,714,""Long-Sleeve Logo Jersey, M"",3,3/24/2014"
"24139,708,""Sport-100 Helmet, Black"",4,4/11/2014"
24141,923,Touring Tire Tube,4,7/12/2013
24141,873,Patch Kit/8 Patches,4,7/12/2013
24142,923,Touring Tire Tube,4,3/19/2014
24143,922,Road Tire Tube,4,5/27/2014
24144,870,Water Bottle - 30 oz.,4,3/16/2014
24145,712,AWC Logo Cap,3,6/4/2014
24146,880,Hydration Pack - 70 oz.,4,9/27/2013
"24147,707,""Sport-100 Helmet, Red"",4,5/21/2014"
24148,877,Bike Wash - Dissolver,4,9/3/2013
24149,873,Patch Kit/8 Patches,4,2/14/2014
24151,870,Water Bottle - 30 oz.,4,1/30/2014
24153,923,Touring Tire Tube,4,9/14/2013
"24154,858,""Half-Finger Gloves, S"",3,8/31/2013"
24156,873,Patch Kit/8 Patches,4,2/26/2014
24158,872,Road Bottle Cage,4,10/16/2013
"24164,859,""Half-Finger Gloves, M"",3,1/14/2014"
24164,870,Water Bottle - 30 oz.,4,1/14/2014
"24166,884,""Short-Sleeve Classic Jersey, XL"",3,2/5/2014"
24166,870,Water Bottle - 30 oz.,4,2/5/2014
24168,870,Water Bottle - 30 oz.,4,2/23/2014
24168,872,Road Bottle Cage,4,2/23/2014
24169,870,Water Bottle - 30 oz.,4,1/30/2014
24171,870,Water Bottle - 30 oz.,4,2/18/2014
24171,872,Road Bottle Cage,4,2/18/2014
24172,872,Road Bottle Cage,4,2/4/2014
"24173,859,""Half-Finger Gloves, M"",3,2/20/2014"
24173,931,LL Road Tire,4,2/20/2014
"24176,860,""Half-Finger Gloves, L"",3,2/8/2014"
"24178,711,""Sport-100 Helmet, Blue"",4,2/4/2014"
24179,872,Road Bottle Cage,4,2/5/2014
24179,880,Hydration Pack - 70 oz.,4,2/5/2014
"24180,711,""Sport-100 Helmet, Blue"",4,2/17/2014"
24181,922,Road Tire Tube,4,8/7/2013
24182,712,AWC Logo Cap,3,3/3/2014
24182,870,Water Bottle - 30 oz.,4,3/3/2014
24183,870,Water Bottle - 30 oz.,4,10/29/2013
24183,872,Road Bottle Cage,4,10/29/2013
24185,923,Touring Tire Tube,4,6/7/2014
24186,873,Patch Kit/8 Patches,4,1/5/2014
24188,877,Bike Wash - Dissolver,4,12/11/2013
"24190,707,""Sport-100 Helmet, Red"",4,11/17/2013"
"24193,716,""Long-Sleeve Logo Jersey, XL"",3,2/20/2014"
24193,922,Road Tire Tube,4,2/20/2014
24194,934,Touring Tire,4,11/25/2013
24195,923,Touring Tire Tube,4,10/14/2013
24196,923,Touring Tire Tube,4,12/18/2013
24198,870,Water Bottle - 30 oz.,4,11/12/2013
"24198,708,""Sport-100 Helmet, Black"",4,11/12/2013"
24201,712,AWC Logo Cap,3,12/12/2013
"24203,713,""Long-Sleeve Logo Jersey, S"",3,1/14/2014"
"24204,711,""Sport-100 Helmet, Blue"",4,3/25/2014"
24204,872,Road Bottle Cage,4,3/25/2014
24204,712,AWC Logo Cap,3,3/25/2014
24205,931,LL Road Tire,4,3/4/2014
24210,922,Road Tire Tube,4,8/25/2013
"24213,875,""Racing Socks, L"",3,2/19/2014"
"24213,711,""Sport-100 Helmet, Blue"",4,2/19/2014"
"24214,707,""Sport-100 Helmet, Red"",4,3/11/2014"
"24215,714,""Long-Sleeve Logo Jersey, M"",3,5/17/2014"
24215,922,Road Tire Tube,4,5/17/2014
24216,712,AWC Logo Cap,3,5/9/2014
24216,870,Water Bottle - 30 oz.,4,5/9/2014
"24217,884,""Short-Sleeve Classic Jersey, XL"",3,2/6/2014"
24219,870,Water Bottle - 30 oz.,4,1/1/2014
"24219,708,""Sport-100 Helmet, Black"",4,1/1/2014"
24220,880,Hydration Pack - 70 oz.,4,2/23/2014
24220,921,Mountain Tire Tube,4,2/23/2014
24221,870,Water Bottle - 30 oz.,4,5/7/2014
24222,873,Patch Kit/8 Patches,4,3/5/2014
24222,929,ML Mountain Tire,4,3/5/2014
24223,873,Patch Kit/8 Patches,4,9/6/2013
24225,929,ML Mountain Tire,4,1/4/2014
24226,929,ML Mountain Tire,4,1/12/2014
24226,921,Mountain Tire Tube,4,1/12/2014
24227,929,ML Mountain Tire,4,12/27/2013
24228,877,Bike Wash - Dissolver,4,4/13/2014
24228,923,Touring Tire Tube,4,4/13/2014
24229,873,Patch Kit/8 Patches,4,10/23/2013
24230,923,Touring Tire Tube,4,1/19/2014
24231,873,Patch Kit/8 Patches,4,5/27/2014
24232,870,Water Bottle - 30 oz.,4,5/20/2014
24233,870,Water Bottle - 30 oz.,4,5/2/2014
24234,931,LL Road Tire,4,5/13/2014
24235,934,Touring Tire,4,3/3/2014
24235,923,Touring Tire Tube,4,3/3/2014
24236,933,HL Road Tire,4,10/4/2013
24236,922,Road Tire Tube,4,10/4/2013
"24236,711,""Sport-100 Helmet, Blue"",4,10/4/2013"
24237,922,Road Tire Tube,4,5/17/2014
24237,933,HL Road Tire,4,5/17/2014
24238,880,Hydration Pack - 70 oz.,4,5/21/2014
24238,872,Road Bottle Cage,4,5/21/2014
"24239,711,""Sport-100 Helmet, Blue"",4,5/4/2014"
24239,870,Water Bottle - 30 oz.,4,5/4/2014
24241,870,Water Bottle - 30 oz.,4,1/30/2014
"24243,875,""Racing Socks, L"",3,11/15/2013"
"24243,711,""Sport-100 Helmet, Blue"",4,11/15/2013"
24245,871,Mountain Bottle Cage,4,5/20/2014
24245,873,Patch Kit/8 Patches,4,5/20/2014
24248,870,Water Bottle - 30 oz.,4,2/19/2014
"24248,707,""Sport-100 Helmet, Red"",4,2/19/2014"
24250,877,Bike Wash - Dissolver,4,2/22/2014
24252,872,Road Bottle Cage,4,3/3/2014
24252,712,AWC Logo Cap,3,3/3/2014
24255,712,AWC Logo Cap,3,6/1/2014
24256,870,Water Bottle - 30 oz.,4,8/25/2013
"24257,711,""Sport-100 Helmet, Blue"",4,3/9/2014"
24257,870,Water Bottle - 30 oz.,4,3/9/2014
24260,871,Mountain Bottle Cage,4,5/9/2014
24260,921,Mountain Tire Tube,4,5/9/2014
"24261,708,""Sport-100 Helmet, Black"",4,12/12/2013"
24261,922,Road Tire Tube,4,12/12/2013
24262,933,HL Road Tire,4,11/24/2013
24262,922,Road Tire Tube,4,11/24/2013
24263,933,HL Road Tire,4,12/12/2013
"24264,707,""Sport-100 Helmet, Red"",4,3/15/2014"
24264,933,HL Road Tire,4,3/15/2014
24265,922,Road Tire Tube,4,12/21/2013
24265,933,HL Road Tire,4,12/21/2013
"24265,860,""Half-Finger Gloves, L"",3,12/21/2013"
24266,873,Patch Kit/8 Patches,4,3/4/2014
24266,931,LL Road Tire,4,3/4/2014
24267,870,Water Bottle - 30 oz.,4,11/24/2013
24267,877,Bike Wash - Dissolver,4,11/24/2013
24268,870,Water Bottle - 30 oz.,4,10/27/2013
"24268,708,""Sport-100 Helmet, Black"",4,10/27/2013"
24269,871,Mountain Bottle Cage,4,2/13/2014
24270,872,Road Bottle Cage,4,3/12/2014
"24270,883,""Short-Sleeve Classic Jersey, L"",3,3/12/2014"
24270,880,Hydration Pack - 70 oz.,4,3/12/2014
24271,931,LL Road Tire,4,3/25/2014
24272,872,Road Bottle Cage,4,3/4/2014
"24275,884,""Short-Sleeve Classic Jersey, XL"",3,7/29/2013"
24276,712,AWC Logo Cap,3,8/8/2013
24276,870,Water Bottle - 30 oz.,4,8/8/2013
24278,931,LL Road Tire,4,11/1/2013
24278,922,Road Tire Tube,4,11/1/2013
24279,931,LL Road Tire,4,6/14/2014
24279,922,Road Tire Tube,4,6/14/2014
24280,931,LL Road Tire,4,12/17/2013
24280,873,Patch Kit/8 Patches,4,12/17/2013
24283,932,ML Road Tire,4,3/20/2014
24283,922,Road Tire Tube,4,3/20/2014
24284,873,Patch Kit/8 Patches,4,4/9/2014
24284,934,Touring Tire,4,4/9/2014
24284,923,Touring Tire Tube,4,4/9/2014
24286,873,Patch Kit/8 Patches,4,5/20/2014
24286,931,LL Road Tire,4,5/20/2014
24286,922,Road Tire Tube,4,5/20/2014
24287,933,HL Road Tire,4,5/17/2014
24287,922,Road Tire Tube,4,5/17/2014
24288,922,Road Tire Tube,4,3/8/2014
24288,933,HL Road Tire,4,3/8/2014
24292,933,HL Road Tire,4,7/16/2013
24292,922,Road Tire Tube,4,7/16/2013
24293,873,Patch Kit/8 Patches,4,6/30/2013
24294,922,Road Tire Tube,4,2/12/2014
24294,933,HL Road Tire,4,2/12/2014
24295,880,Hydration Pack - 70 oz.,4,5/11/2014
24295,872,Road Bottle Cage,4,5/11/2014
24297,873,Patch Kit/8 Patches,4,7/19/2013
24297,922,Road Tire Tube,4,7/19/2013
24298,933,HL Road Tire,4,8/12/2013
"24298,714,""Long-Sleeve Logo Jersey, M"",3,8/12/2013"
24299,873,Patch Kit/8 Patches,4,8/14/2013
24299,922,Road Tire Tube,4,8/14/2013
"24303,882,""Short-Sleeve Classic Jersey, M"",3,3/5/2014"
24304,922,Road Tire Tube,4,3/18/2014
"24304,708,""Sport-100 Helmet, Black"",4,3/18/2014"
24305,712,AWC Logo Cap,3,3/4/2014
24306,873,Patch Kit/8 Patches,4,6/28/2014
24307,870,Water Bottle - 30 oz.,4,3/27/2014
24308,712,AWC Logo Cap,3,5/28/2014
24308,872,Road Bottle Cage,4,5/28/2014
24308,870,Water Bottle - 30 oz.,4,5/28/2014
24310,934,Touring Tire,4,5/29/2014
24310,923,Touring Tire Tube,4,5/29/2014
"24311,714,""Long-Sleeve Logo Jersey, M"",3,5/17/2014"
24312,922,Road Tire Tube,4,12/26/2013
24313,922,Road Tire Tube,4,10/18/2013
24313,933,HL Road Tire,4,10/18/2013
24314,933,HL Road Tire,4,8/17/2013
24316,873,Patch Kit/8 Patches,4,4/3/2014
24316,922,Road Tire Tube,4,4/3/2014
24317,873,Patch Kit/8 Patches,4,7/23/2013
24318,922,Road Tire Tube,4,9/25/2013
"24318,708,""Sport-100 Helmet, Black"",4,9/25/2013"
24319,933,HL Road Tire,4,4/14/2014
24320,933,HL Road Tire,4,1/10/2014
24320,873,Patch Kit/8 Patches,4,1/10/2014
"24322,866,""Classic Vest, L"",3,2/2/2014"
24323,931,LL Road Tire,4,5/7/2014
"24323,711,""Sport-100 Helmet, Blue"",4,5/7/2014"
24324,922,Road Tire Tube,4,5/22/2014
"24324,707,""Sport-100 Helmet, Red"",4,5/22/2014"
24325,931,LL Road Tire,4,5/10/2014
24325,873,Patch Kit/8 Patches,4,5/10/2014
24326,872,Road Bottle Cage,4,5/19/2014
24326,870,Water Bottle - 30 oz.,4,5/19/2014
24332,712,AWC Logo Cap,3,5/7/2014
24332,870,Water Bottle - 30 oz.,4,5/7/2014
24333,712,AWC Logo Cap,3,5/4/2014
"24333,883,""Short-Sleeve Classic Jersey, L"",3,5/4/2014"
24333,872,Road Bottle Cage,4,5/4/2014
24337,931,LL Road Tire,4,5/18/2014
"24337,711,""Sport-100 Helmet, Blue"",4,5/18/2014"
24338,872,Road Bottle Cage,4,5/25/2014
24341,870,Water Bottle - 30 oz.,4,7/27/2013
24341,880,Hydration Pack - 70 oz.,4,7/27/2013
"24343,707,""Sport-100 Helmet, Red"",4,8/8/2013"
24345,872,Road Bottle Cage,4,8/14/2013
24346,934,Touring Tire,4,9/23/2013
24346,923,Touring Tire Tube,4,9/23/2013
"24348,859,""Half-Finger Gloves, M"",3,9/14/2013"
"24350,708,""Sport-100 Helmet, Black"",4,10/3/2013"
24350,922,Road Tire Tube,4,10/3/2013
24353,870,Water Bottle - 30 oz.,4,10/5/2013
24354,923,Touring Tire Tube,4,9/30/2013
24355,933,HL Road Tire,4,10/15/2013
"24356,884,""Short-Sleeve Classic Jersey, XL"",3,5/24/2014"
"24357,708,""Sport-100 Helmet, Black"",4,10/13/2013"
24358,923,Touring Tire Tube,4,10/24/2013
24359,873,Patch Kit/8 Patches,4,10/5/2013
24359,923,Touring Tire Tube,4,10/5/2013
24360,712,AWC Logo Cap,3,10/7/2013
"24361,882,""Short-Sleeve Classic Jersey, M"",3,10/18/2013"
24362,922,Road Tire Tube,4,10/2/2013
24362,877,Bike Wash - Dissolver,4,10/2/2013
24363,870,Water Bottle - 30 oz.,4,6/24/2014
24364,932,ML Road Tire,4,4/28/2014
"24364,882,""Short-Sleeve Classic Jersey, M"",3,4/28/2014"
24365,932,ML Road Tire,4,10/2/2013
24368,932,ML Road Tire,4,4/14/2014
24368,922,Road Tire Tube,4,4/14/2014
24370,880,Hydration Pack - 70 oz.,4,1/22/2014
24370,877,Bike Wash - Dissolver,4,1/22/2014
24371,932,ML Road Tire,4,4/2/2014
24373,931,LL Road Tire,4,12/30/2013
24373,873,Patch Kit/8 Patches,4,12/30/2013
24375,877,Bike Wash - Dissolver,4,9/8/2013
24375,931,LL Road Tire,4,9/8/2013
"24377,881,""Short-Sleeve Classic Jersey, S"",3,4/3/2014"
24378,922,Road Tire Tube,4,4/26/2014
24379,870,Water Bottle - 30 oz.,4,9/24/2013
24381,932,ML Road Tire,4,4/28/2014
"24381,882,""Short-Sleeve Classic Jersey, M"",3,4/28/2014"
24382,876,Hitch Rack - 4-Bike,4,12/26/2013
24382,931,LL Road Tire,4,12/26/2013
"24384,707,""Sport-100 Helmet, Red"",4,2/27/2014"
24385,712,AWC Logo Cap,3,5/24/2014
24385,870,Water Bottle - 30 oz.,4,5/24/2014
24386,922,Road Tire Tube,4,6/5/2013
24388,872,Road Bottle Cage,4,5/9/2014
"24388,711,""Sport-100 Helmet, Blue"",4,5/9/2014"
24389,933,HL Road Tire,4,7/17/2013
"24389,874,""Racing Socks, M"",3,7/17/2013"
24391,873,Patch Kit/8 Patches,4,10/30/2013
24391,877,Bike Wash - Dissolver,4,10/30/2013
24393,922,Road Tire Tube,4,7/10/2013
24394,922,Road Tire Tube,4,12/1/2013
24395,922,Road Tire Tube,4,8/31/2013
24396,922,Road Tire Tube,4,9/26/2013
24396,933,HL Road Tire,4,9/26/2013
24397,873,Patch Kit/8 Patches,4,8/2/2013
24397,922,Road Tire Tube,4,8/2/2013
24398,873,Patch Kit/8 Patches,4,9/18/2013
24398,877,Bike Wash - Dissolver,4,9/18/2013
24399,877,Bike Wash - Dissolver,4,8/28/2013
24399,876,Hitch Rack - 4-Bike,4,8/28/2013
24400,870,Water Bottle - 30 oz.,4,5/17/2014
24400,880,Hydration Pack - 70 oz.,4,5/17/2014
"24401,875,""Racing Socks, L"",3,12/30/2013"
24401,933,HL Road Tire,4,12/30/2013
24406,933,HL Road Tire,4,5/22/2014
24406,879,All-Purpose Bike Stand,4,5/22/2014
"24407,708,""Sport-100 Helmet, Black"",4,4/15/2014"
24407,933,HL Road Tire,4,4/15/2014
"24408,707,""Sport-100 Helmet, Red"",4,4/29/2014"
24408,933,HL Road Tire,4,4/29/2014
24408,922,Road Tire Tube,4,4/29/2014
"24409,708,""Sport-100 Helmet, Black"",4,5/23/2014"
24409,933,HL Road Tire,4,5/23/2014
24410,933,HL Road Tire,4,4/10/2014
24410,879,All-Purpose Bike Stand,4,4/10/2014
24411,922,Road Tire Tube,4,8/22/2013
"24411,711,""Sport-100 Helmet, Blue"",4,8/22/2013"
24412,933,HL Road Tire,4,10/6/2013
24412,922,Road Tire Tube,4,10/6/2013
24413,872,Road Bottle Cage,4,6/14/2013
24413,870,Water Bottle - 30 oz.,4,6/14/2013
24414,870,Water Bottle - 30 oz.,4,6/22/2013
"24416,711,""Sport-100 Helmet, Blue"",4,1/29/2014"
"24416,859,""Half-Finger Gloves, M"",3,1/29/2014"
24416,933,HL Road Tire,4,1/29/2014
24417,872,Road Bottle Cage,4,6/10/2013
24417,870,Water Bottle - 30 oz.,4,6/10/2013
24417,923,Touring Tire Tube,4,6/10/2013
24417,934,Touring Tire,4,6/10/2013
24419,922,Road Tire Tube,4,9/27/2013
24419,933,HL Road Tire,4,9/27/2013
"24421,882,""Short-Sleeve Classic Jersey, M"",3,6/28/2013"
24422,876,Hitch Rack - 4-Bike,4,9/21/2013
24424,879,All-Purpose Bike Stand,4,8/21/2013
24424,922,Road Tire Tube,4,8/21/2013
24424,933,HL Road Tire,4,8/21/2013
"24426,708,""Sport-100 Helmet, Black"",4,3/23/2014"
24426,922,Road Tire Tube,4,3/23/2014
24427,872,Road Bottle Cage,4,6/20/2013
24427,873,Patch Kit/8 Patches,4,6/20/2013
24428,876,Hitch Rack - 4-Bike,4,4/21/2014
"24429,860,""Half-Finger Gloves, L"",3,7/20/2013"
"24429,707,""Sport-100 Helmet, Red"",4,7/20/2013"
24429,922,Road Tire Tube,4,7/20/2013
24429,933,HL Road Tire,4,7/20/2013
24430,922,Road Tire Tube,4,10/29/2013
"24430,874,""Racing Socks, M"",3,10/29/2013"
24430,933,HL Road Tire,4,10/29/2013
"24430,715,""Long-Sleeve Logo Jersey, L"",3,10/29/2013"
24431,872,Road Bottle Cage,4,10/12/2013
"24433,860,""Half-Finger Gloves, L"",3,6/27/2013"
24433,923,Touring Tire Tube,4,6/27/2013
24434,870,Water Bottle - 30 oz.,4,6/10/2013
24435,877,Bike Wash - Dissolver,4,9/18/2013
24435,933,HL Road Tire,4,9/18/2013
24435,922,Road Tire Tube,4,9/18/2013
24437,934,Touring Tire,4,7/24/2013
24437,923,Touring Tire Tube,4,7/24/2013
24438,922,Road Tire Tube,4,6/18/2014
24438,933,HL Road Tire,4,6/18/2014
"24438,858,""Half-Finger Gloves, S"",3,6/18/2014"
24439,933,HL Road Tire,4,1/31/2014
"24439,707,""Sport-100 Helmet, Red"",4,1/31/2014"
"24440,858,""Half-Finger Gloves, S"",3,9/24/2013"
24440,922,Road Tire Tube,4,9/24/2013
24442,933,HL Road Tire,4,1/25/2014
24443,873,Patch Kit/8 Patches,4,6/8/2014
"24444,858,""Half-Finger Gloves, S"",3,11/6/2013"
24446,712,AWC Logo Cap,3,11/16/2013
"24448,711,""Sport-100 Helmet, Blue"",4,3/7/2014"
24448,933,HL Road Tire,4,3/7/2014
24449,873,Patch Kit/8 Patches,4,10/14/2013
24449,933,HL Road Tire,4,10/14/2013
"24450,708,""Sport-100 Helmet, Black"",4,8/17/2013"
24451,933,HL Road Tire,4,9/13/2013
24451,922,Road Tire Tube,4,9/13/2013
24453,922,Road Tire Tube,4,3/21/2014
"24453,711,""Sport-100 Helmet, Blue"",4,3/21/2014"
24455,922,Road Tire Tube,4,9/15/2013
24455,931,LL Road Tire,4,9/15/2013
"24459,881,""Short-Sleeve Classic Jersey, S"",3,4/18/2014"
24469,870,Water Bottle - 30 oz.,4,7/19/2013
"24469,708,""Sport-100 Helmet, Black"",4,7/19/2013"
"24470,707,""Sport-100 Helmet, Red"",4,10/1/2013"
24472,877,Bike Wash - Dissolver,4,5/18/2014
24473,870,Water Bottle - 30 oz.,4,1/29/2014
24475,712,AWC Logo Cap,3,5/24/2014
24479,873,Patch Kit/8 Patches,4,6/19/2014
24480,932,ML Road Tire,4,5/21/2014
24480,922,Road Tire Tube,4,5/21/2014
24483,870,Water Bottle - 30 oz.,4,2/16/2014
24483,712,AWC Logo Cap,3,2/16/2014
24486,933,HL Road Tire,4,7/4/2013
24488,870,Water Bottle - 30 oz.,4,5/24/2014
24490,933,HL Road Tire,4,2/18/2014
24492,872,Road Bottle Cage,4,8/3/2013
24492,870,Water Bottle - 30 oz.,4,8/3/2013
24495,871,Mountain Bottle Cage,4,6/16/2014
24497,922,Road Tire Tube,4,7/7/2013
24497,933,HL Road Tire,4,7/7/2013
24498,870,Water Bottle - 30 oz.,4,11/10/2013
24498,712,AWC Logo Cap,3,11/10/2013
"24500,711,""Sport-100 Helmet, Blue"",4,11/12/2013"
24500,933,HL Road Tire,4,11/12/2013
"24502,711,""Sport-100 Helmet, Blue"",4,12/17/2013"
24508,933,HL Road Tire,4,3/18/2014
24508,922,Road Tire Tube,4,3/18/2014
"24508,711,""Sport-100 Helmet, Blue"",4,3/18/2014"
24509,873,Patch Kit/8 Patches,4,4/9/2014
"24510,859,""Half-Finger Gloves, M"",3,3/5/2014"
24510,933,HL Road Tire,4,3/5/2014
24511,922,Road Tire Tube,4,1/28/2014
24513,873,Patch Kit/8 Patches,4,9/11/2013
24513,922,Road Tire Tube,4,9/11/2013
24514,933,HL Road Tire,4,12/18/2013
24515,933,HL Road Tire,4,5/22/2014
"24515,707,""Sport-100 Helmet, Red"",4,5/22/2014"
24516,873,Patch Kit/8 Patches,4,7/11/2013
24516,933,HL Road Tire,4,7/11/2013
24517,933,HL Road Tire,4,5/31/2014
24517,922,Road Tire Tube,4,5/31/2014
24518,933,HL Road Tire,4,12/7/2013
24519,933,HL Road Tire,4,3/8/2014
24519,922,Road Tire Tube,4,3/8/2014
"24520,882,""Short-Sleeve Classic Jersey, M"",3,11/28/2013"
"24522,707,""Sport-100 Helmet, Red"",4,7/7/2013"
"24523,708,""Sport-100 Helmet, Black"",4,7/10/2013"
24523,870,Water Bottle - 30 oz.,4,7/10/2013
"24523,874,""Racing Socks, M"",3,7/10/2013"
24523,872,Road Bottle Cage,4,7/10/2013
24524,873,Patch Kit/8 Patches,4,2/16/2014
24525,873,Patch Kit/8 Patches,4,8/11/2013
24528,934,Touring Tire,4,7/7/2013
24528,923,Touring Tire Tube,4,7/7/2013
24529,872,Road Bottle Cage,4,7/7/2013
24530,922,Road Tire Tube,4,10/1/2013
"24531,865,""Classic Vest, M"",3,12/19/2013"
"24532,708,""Sport-100 Helmet, Black"",4,4/5/2014"
24533,873,Patch Kit/8 Patches,4,6/1/2014
24534,922,Road Tire Tube,4,8/3/2013
24534,933,HL Road Tire,4,8/3/2013
"24537,882,""Short-Sleeve Classic Jersey, M"",3,8/1/2013"
24537,872,Road Bottle Cage,4,8/1/2013
"24539,708,""Sport-100 Helmet, Black"",4,9/21/2013"
24540,929,ML Mountain Tire,4,11/9/2013
"24540,711,""Sport-100 Helmet, Blue"",4,11/9/2013"
24541,873,Patch Kit/8 Patches,4,5/20/2014
24541,921,Mountain Tire Tube,4,5/20/2014
24542,922,Road Tire Tube,4,5/5/2014
"24543,713,""Long-Sleeve Logo Jersey, S"",3,11/23/2013"
24544,922,Road Tire Tube,4,8/8/2013
"24545,707,""Sport-100 Helmet, Red"",4,2/26/2014"
24545,921,Mountain Tire Tube,4,2/26/2014
24546,921,Mountain Tire Tube,4,9/15/2013
24546,929,ML Mountain Tire,4,9/15/2013
"24547,707,""Sport-100 Helmet, Red"",4,11/24/2013"
"24548,711,""Sport-100 Helmet, Blue"",4,10/19/2013"
24549,922,Road Tire Tube,4,9/25/2013
24549,933,HL Road Tire,4,9/25/2013
24550,873,Patch Kit/8 Patches,4,7/7/2013
24550,921,Mountain Tire Tube,4,7/7/2013
"24551,882,""Short-Sleeve Classic Jersey, M"",3,7/28/2013"
24551,922,Road Tire Tube,4,7/28/2013
"24551,708,""Sport-100 Helmet, Black"",4,7/28/2013"
"24551,860,""Half-Finger Gloves, L"",3,7/28/2013"
"24552,711,""Sport-100 Helmet, Blue"",4,5/5/2014"
"24554,711,""Sport-100 Helmet, Blue"",4,1/12/2014"
24554,921,Mountain Tire Tube,4,1/12/2014
24555,921,Mountain Tire Tube,4,1/11/2014
24555,871,Mountain Bottle Cage,4,1/11/2014
24555,712,AWC Logo Cap,3,1/11/2014
24555,870,Water Bottle - 30 oz.,4,1/11/2014
24556,922,Road Tire Tube,4,11/23/2013
24557,921,Mountain Tire Tube,4,10/29/2013
"24557,708,""Sport-100 Helmet, Black"",4,10/29/2013"
24558,712,AWC Logo Cap,3,9/28/2013
24559,873,Patch Kit/8 Patches,4,3/2/2014
"24560,713,""Long-Sleeve Logo Jersey, S"",3,5/22/2014"
24563,873,Patch Kit/8 Patches,4,12/26/2013
24564,922,Road Tire Tube,4,3/4/2014
24567,922,Road Tire Tube,4,8/20/2013
24568,712,AWC Logo Cap,3,12/10/2013
24569,933,HL Road Tire,4,10/28/2013
24570,922,Road Tire Tube,4,4/26/2014
24571,922,Road Tire Tube,4,5/30/2014
24571,931,LL Road Tire,4,5/30/2014
"24574,716,""Long-Sleeve Logo Jersey, XL"",3,1/7/2014"
24574,870,Water Bottle - 30 oz.,4,1/7/2014
24574,712,AWC Logo Cap,3,1/7/2014
"24576,715,""Long-Sleeve Logo Jersey, L"",3,12/11/2013"
24576,870,Water Bottle - 30 oz.,4,12/11/2013
24577,712,AWC Logo Cap,3,10/21/2013
24578,922,Road Tire Tube,4,4/8/2014
24578,931,LL Road Tire,4,4/8/2014
24579,922,Road Tire Tube,4,5/18/2014
"24580,711,""Sport-100 Helmet, Blue"",4,1/23/2014"
24581,870,Water Bottle - 30 oz.,4,3/30/2014
24582,712,AWC Logo Cap,3,11/12/2013
24582,870,Water Bottle - 30 oz.,4,11/12/2013
"24583,711,""Sport-100 Helmet, Blue"",4,11/16/2013"
24584,931,LL Road Tire,4,11/6/2013
24585,922,Road Tire Tube,4,12/2/2013
24585,932,ML Road Tire,4,12/2/2013
24588,712,AWC Logo Cap,3,12/20/2013
24589,712,AWC Logo Cap,3,8/20/2013
24589,870,Water Bottle - 30 oz.,4,8/20/2013
24590,932,ML Road Tire,4,5/25/2014
"24591,884,""Short-Sleeve Classic Jersey, XL"",3,1/5/2014"
24592,872,Road Bottle Cage,4,5/9/2014
24594,921,Mountain Tire Tube,4,7/30/2013
24595,878,Fender Set - Mountain,4,9/4/2013
24595,921,Mountain Tire Tube,4,9/4/2013
"24597,883,""Short-Sleeve Classic Jersey, L"",3,5/13/2014"
"24597,707,""Sport-100 Helmet, Red"",4,5/13/2014"
24597,922,Road Tire Tube,4,5/13/2014
24597,712,AWC Logo Cap,3,5/13/2014
24598,932,ML Road Tire,4,5/11/2014
24598,880,Hydration Pack - 70 oz.,4,5/11/2014
24599,878,Fender Set - Mountain,4,1/13/2014
24603,921,Mountain Tire Tube,4,3/18/2014
"24604,881,""Short-Sleeve Classic Jersey, S"",3,6/1/2013"
"24604,707,""Sport-100 Helmet, Red"",4,6/1/2013"
24604,922,Road Tire Tube,4,6/1/2013
"24605,711,""Sport-100 Helmet, Blue"",4,6/22/2013"
24605,932,ML Road Tire,4,6/22/2013
24610,921,Mountain Tire Tube,4,2/10/2014
"24611,864,""Classic Vest, S"",3,7/1/2013"
24612,932,ML Road Tire,4,7/19/2013
24612,922,Road Tire Tube,4,7/19/2013
24613,873,Patch Kit/8 Patches,4,7/6/2013
"24616,708,""Sport-100 Helmet, Black"",4,1/8/2014"
24616,933,HL Road Tire,4,1/8/2014
24617,873,Patch Kit/8 Patches,4,10/3/2013
24620,933,HL Road Tire,4,3/29/2014
24620,879,All-Purpose Bike Stand,4,3/29/2014
24621,870,Water Bottle - 30 oz.,4,10/22/2013
24622,933,HL Road Tire,4,10/23/2013
"24622,860,""Half-Finger Gloves, L"",3,10/23/2013"
24622,922,Road Tire Tube,4,10/23/2013
24624,873,Patch Kit/8 Patches,4,12/13/2013
24624,933,HL Road Tire,4,12/13/2013
24625,870,Water Bottle - 30 oz.,4,3/6/2014
24626,873,Patch Kit/8 Patches,4,1/16/2014
24626,933,HL Road Tire,4,1/16/2014
24627,870,Water Bottle - 30 oz.,4,12/14/2013
24629,933,HL Road Tire,4,10/2/2013
24629,922,Road Tire Tube,4,10/2/2013
"24631,860,""Half-Finger Gloves, L"",3,4/21/2014"
"24631,714,""Long-Sleeve Logo Jersey, M"",3,4/21/2014"
24631,922,Road Tire Tube,4,4/21/2014
24631,933,HL Road Tire,4,4/21/2014
24632,870,Water Bottle - 30 oz.,4,11/28/2013
"24632,707,""Sport-100 Helmet, Red"",4,11/28/2013"
"24632,714,""Long-Sleeve Logo Jersey, M"",3,11/28/2013"
"24633,883,""Short-Sleeve Classic Jersey, L"",3,11/4/2013"
"24634,713,""Long-Sleeve Logo Jersey, S"",3,3/12/2014"
"24634,711,""Sport-100 Helmet, Blue"",4,3/12/2014"
24634,933,HL Road Tire,4,3/12/2014
"24634,875,""Racing Socks, L"",3,3/12/2014"
24635,933,HL Road Tire,4,6/27/2014
24635,922,Road Tire Tube,4,6/27/2014
24637,870,Water Bottle - 30 oz.,4,4/11/2014
"24638,859,""Half-Finger Gloves, M"",3,4/6/2014"
"24639,711,""Sport-100 Helmet, Blue"",4,5/3/2014"
24642,873,Patch Kit/8 Patches,4,1/29/2014
24642,933,HL Road Tire,4,1/29/2014
24643,873,Patch Kit/8 Patches,4,12/7/2013
"24647,707,""Sport-100 Helmet, Red"",4,4/3/2014"
"24648,708,""Sport-100 Helmet, Black"",4,10/16/2013"
24648,870,Water Bottle - 30 oz.,4,10/16/2013
24650,922,Road Tire Tube,4,2/3/2014
24651,922,Road Tire Tube,4,11/6/2013
24651,933,HL Road Tire,4,11/6/2013
24652,922,Road Tire Tube,4,7/4/2013
24652,880,Hydration Pack - 70 oz.,4,7/4/2013
24654,934,Touring Tire,4,12/10/2013
"24654,707,""Sport-100 Helmet, Red"",4,12/10/2013"
24656,873,Patch Kit/8 Patches,4,10/20/2013
"24657,866,""Classic Vest, L"",3,4/29/2014"
24657,922,Road Tire Tube,4,4/29/2014
24658,873,Patch Kit/8 Patches,4,10/22/2013
24658,922,Road Tire Tube,4,10/22/2013
24659,873,Patch Kit/8 Patches,4,2/27/2014
24659,877,Bike Wash - Dissolver,4,2/27/2014
"24662,711,""Sport-100 Helmet, Blue"",4,7/16/2013"
"24662,714,""Long-Sleeve Logo Jersey, M"",3,7/16/2013"
"24663,882,""Short-Sleeve Classic Jersey, M"",3,6/7/2014"
24664,872,Road Bottle Cage,4,1/19/2014
24664,934,Touring Tire,4,1/19/2014
24664,870,Water Bottle - 30 oz.,4,1/19/2014
24665,880,Hydration Pack - 70 oz.,4,12/31/2013
"24665,713,""Long-Sleeve Logo Jersey, S"",3,12/31/2013"
24667,922,Road Tire Tube,4,6/10/2014
24668,923,Touring Tire Tube,4,12/30/2013
24668,934,Touring Tire,4,12/30/2013
24671,923,Touring Tire Tube,4,5/13/2014
24672,922,Road Tire Tube,4,6/29/2014
"24672,711,""Sport-100 Helmet, Blue"",4,6/29/2014"
"24673,707,""Sport-100 Helmet, Red"",4,8/27/2013"
"24676,866,""Classic Vest, L"",3,12/6/2013"
24676,872,Road Bottle Cage,4,12/6/2013
"24678,866,""Classic Vest, L"",3,1/12/2014"
24678,922,Road Tire Tube,4,1/12/2014
24679,922,Road Tire Tube,4,4/19/2014
24679,933,HL Road Tire,4,4/19/2014
24680,934,Touring Tire,4,8/21/2013
24681,880,Hydration Pack - 70 oz.,4,8/6/2013
24681,872,Road Bottle Cage,4,8/6/2013
24682,880,Hydration Pack - 70 oz.,4,3/26/2014
24686,933,HL Road Tire,4,6/25/2014
24686,922,Road Tire Tube,4,6/25/2014
"24687,713,""Long-Sleeve Logo Jersey, S"",3,11/9/2013"
24687,933,HL Road Tire,4,11/9/2013
24690,922,Road Tire Tube,4,3/25/2014
"24690,711,""Sport-100 Helmet, Blue"",4,3/25/2014"
24690,931,LL Road Tire,4,3/25/2014
24692,922,Road Tire Tube,4,5/22/2014
24693,873,Patch Kit/8 Patches,4,9/12/2013
24694,922,Road Tire Tube,4,10/8/2013
24695,879,All-Purpose Bike Stand,4,8/10/2013
24695,923,Touring Tire Tube,4,8/10/2013
24696,931,LL Road Tire,4,2/1/2014
24699,870,Water Bottle - 30 oz.,4,5/12/2014
24700,870,Water Bottle - 30 oz.,4,3/4/2014
"24700,883,""Short-Sleeve Classic Jersey, L"",3,3/4/2014"
24701,712,AWC Logo Cap,3,1/19/2014
"24706,858,""Half-Finger Gloves, S"",3,3/27/2014"
24706,872,Road Bottle Cage,4,3/27/2014
24710,922,Road Tire Tube,4,8/13/2013
24710,932,ML Road Tire,4,8/13/2013
24713,873,Patch Kit/8 Patches,4,7/30/2013
24714,712,AWC Logo Cap,3,6/22/2014
24714,870,Water Bottle - 30 oz.,4,6/22/2014
"24715,860,""Half-Finger Gloves, L"",3,3/7/2014"
24716,870,Water Bottle - 30 oz.,4,3/1/2014
24716,877,Bike Wash - Dissolver,4,3/1/2014
24719,923,Touring Tire Tube,4,3/22/2014
24719,934,Touring Tire,4,3/22/2014
24720,923,Touring Tire Tube,4,11/4/2013
24720,873,Patch Kit/8 Patches,4,11/4/2013
24721,923,Touring Tire Tube,4,2/19/2014
"24721,714,""Long-Sleeve Logo Jersey, M"",3,2/19/2014"
24722,923,Touring Tire Tube,4,2/17/2014
"24723,866,""Classic Vest, L"",3,9/23/2013"
24723,932,ML Road Tire,4,9/23/2013
24724,932,ML Road Tire,4,3/1/2014
24725,873,Patch Kit/8 Patches,4,10/5/2013
24725,933,HL Road Tire,4,10/5/2013
24726,922,Road Tire Tube,4,2/2/2014
24726,933,HL Road Tire,4,2/2/2014
"24727,707,""Sport-100 Helmet, Red"",4,5/30/2014"
24727,922,Road Tire Tube,4,5/30/2014
24728,933,HL Road Tire,4,1/24/2014
"24729,882,""Short-Sleeve Classic Jersey, M"",3,10/19/2013"
24730,870,Water Bottle - 30 oz.,4,10/17/2013
"24732,881,""Short-Sleeve Classic Jersey, S"",3,1/5/2014"
24732,712,AWC Logo Cap,3,1/5/2014
24732,933,HL Road Tire,4,1/5/2014
24733,873,Patch Kit/8 Patches,4,5/6/2014
24734,712,AWC Logo Cap,3,8/17/2013
"24734,708,""Sport-100 Helmet, Black"",4,8/17/2013"
"24734,715,""Long-Sleeve Logo Jersey, L"",3,8/17/2013"
24734,870,Water Bottle - 30 oz.,4,8/17/2013
"24735,715,""Long-Sleeve Logo Jersey, L"",3,8/14/2013"
24735,712,AWC Logo Cap,3,8/14/2013
"24736,708,""Sport-100 Helmet, Black"",4,10/31/2013"
24736,922,Road Tire Tube,4,10/31/2013
24737,877,Bike Wash - Dissolver,4,9/2/2013
24737,933,HL Road Tire,4,9/2/2013
24737,922,Road Tire Tube,4,9/2/2013
"24738,707,""Sport-100 Helmet, Red"",4,1/5/2014"
24738,872,Road Bottle Cage,4,1/5/2014
"24739,711,""Sport-100 Helmet, Blue"",4,1/7/2014"
24739,934,Touring Tire,4,1/7/2014
24740,933,HL Road Tire,4,10/3/2013
24740,922,Road Tire Tube,4,10/3/2013
"24740,708,""Sport-100 Helmet, Black"",4,10/3/2013"
24742,933,HL Road Tire,4,8/28/2013
24743,928,LL Mountain Tire,4,1/15/2014
24743,877,Bike Wash - Dissolver,4,1/15/2014
24745,928,LL Mountain Tire,4,12/25/2013
24746,870,Water Bottle - 30 oz.,4,7/6/2013
"24747,707,""Sport-100 Helmet, Red"",4,6/15/2014"
24747,921,Mountain Tire Tube,4,6/15/2014
24748,870,Water Bottle - 30 oz.,4,7/26/2013
"24749,707,""Sport-100 Helmet, Red"",4,2/24/2014"
24749,928,LL Mountain Tire,4,2/24/2014
24750,928,LL Mountain Tire,4,3/10/2014
24751,873,Patch Kit/8 Patches,4,11/28/2013
24751,928,LL Mountain Tire,4,11/28/2013
24752,870,Water Bottle - 30 oz.,4,10/22/2013
"24753,708,""Sport-100 Helmet, Black"",4,11/6/2013"
24753,872,Road Bottle Cage,4,11/6/2013
24754,872,Road Bottle Cage,4,1/11/2014
24754,934,Touring Tire,4,1/11/2014
24754,923,Touring Tire Tube,4,1/11/2014
24754,870,Water Bottle - 30 oz.,4,1/11/2014
24755,870,Water Bottle - 30 oz.,4,1/10/2014
24756,872,Road Bottle Cage,4,1/19/2014
24757,870,Water Bottle - 30 oz.,4,5/30/2014
24757,712,AWC Logo Cap,3,5/30/2014
24758,933,HL Road Tire,4,3/8/2014
"24759,708,""Sport-100 Helmet, Black"",4,5/4/2014"
24759,870,Water Bottle - 30 oz.,4,5/4/2014
24764,870,Water Bottle - 30 oz.,4,1/14/2014
"24765,883,""Short-Sleeve Classic Jersey, L"",3,3/8/2014"
24765,922,Road Tire Tube,4,3/8/2014
24765,933,HL Road Tire,4,3/8/2014
"24766,708,""Sport-100 Helmet, Black"",4,12/25/2013"
24766,922,Road Tire Tube,4,12/25/2013
"24767,714,""Long-Sleeve Logo Jersey, M"",3,1/31/2014"
24767,922,Road Tire Tube,4,1/31/2014
24769,933,HL Road Tire,4,3/25/2014
24770,872,Road Bottle Cage,4,1/2/2014
24771,880,Hydration Pack - 70 oz.,4,8/2/2013
24772,933,HL Road Tire,4,9/10/2013
24772,922,Road Tire Tube,4,9/10/2013
24773,921,Mountain Tire Tube,4,9/16/2013
24775,922,Road Tire Tube,4,6/29/2014
24776,880,Hydration Pack - 70 oz.,4,7/23/2013
24776,922,Road Tire Tube,4,7/23/2013
"24777,707,""Sport-100 Helmet, Red"",4,7/15/2013"
24777,922,Road Tire Tube,4,7/15/2013
24778,877,Bike Wash - Dissolver,4,7/24/2013
24778,872,Road Bottle Cage,4,7/24/2013
24782,923,Touring Tire Tube,4,1/4/2014
24782,873,Patch Kit/8 Patches,4,1/4/2014
24783,873,Patch Kit/8 Patches,4,2/17/2014
24783,923,Touring Tire Tube,4,2/17/2014
24785,870,Water Bottle - 30 oz.,4,2/18/2014
24785,877,Bike Wash - Dissolver,4,2/18/2014
24788,934,Touring Tire,4,2/15/2014
"24790,711,""Sport-100 Helmet, Blue"",4,2/12/2014"
24790,872,Road Bottle Cage,4,2/12/2014
24794,872,Road Bottle Cage,4,3/19/2014
"24794,715,""Long-Sleeve Logo Jersey, L"",3,3/19/2014"
"24795,881,""Short-Sleeve Classic Jersey, S"",3,3/19/2014"
24795,872,Road Bottle Cage,4,3/19/2014
24795,880,Hydration Pack - 70 oz.,4,3/19/2014
24796,872,Road Bottle Cage,4,3/5/2014
24798,870,Water Bottle - 30 oz.,4,3/12/2014
24798,872,Road Bottle Cage,4,3/12/2014
24799,872,Road Bottle Cage,4,3/27/2014
"24799,884,""Short-Sleeve Classic Jersey, XL"",3,3/27/2014"
24802,712,AWC Logo Cap,3,9/2/2013
24802,870,Water Bottle - 30 oz.,4,9/2/2013
"24807,715,""Long-Sleeve Logo Jersey, L"",3,9/12/2013"
24808,870,Water Bottle - 30 oz.,4,9/7/2013
24808,872,Road Bottle Cage,4,9/7/2013
24812,933,HL Road Tire,4,11/3/2013
24813,933,HL Road Tire,4,9/13/2013
"24813,708,""Sport-100 Helmet, Black"",4,9/13/2013"
24820,933,HL Road Tire,4,7/7/2013
24820,873,Patch Kit/8 Patches,4,7/7/2013
24821,933,HL Road Tire,4,12/22/2013
24821,877,Bike Wash - Dissolver,4,12/22/2013
24822,922,Road Tire Tube,4,1/7/2014
24822,933,HL Road Tire,4,1/7/2014
24823,922,Road Tire Tube,4,6/20/2014
24823,933,HL Road Tire,4,6/20/2014
24823,712,AWC Logo Cap,3,6/20/2014
24826,933,HL Road Tire,4,12/10/2013
24826,922,Road Tire Tube,4,12/10/2013
"24826,708,""Sport-100 Helmet, Black"",4,12/10/2013"
24827,873,Patch Kit/8 Patches,4,9/7/2013
24829,873,Patch Kit/8 Patches,4,7/11/2013
"24830,711,""Sport-100 Helmet, Blue"",4,9/13/2013"
24830,922,Road Tire Tube,4,9/13/2013
24830,933,HL Road Tire,4,9/13/2013
24831,872,Road Bottle Cage,4,4/14/2014
24834,712,AWC Logo Cap,3,9/27/2013
24836,923,Touring Tire Tube,4,3/26/2014
24837,870,Water Bottle - 30 oz.,4,1/17/2014
24837,877,Bike Wash - Dissolver,4,1/17/2014
24838,873,Patch Kit/8 Patches,4,2/19/2014
24839,877,Bike Wash - Dissolver,4,7/1/2013
24839,931,LL Road Tire,4,7/1/2013
"24840,858,""Half-Finger Gloves, S"",3,5/13/2014"
24841,873,Patch Kit/8 Patches,4,5/19/2014
24842,873,Patch Kit/8 Patches,4,11/16/2013
24843,931,LL Road Tire,4,2/21/2014
"24843,865,""Classic Vest, M"",3,2/21/2014"
24844,922,Road Tire Tube,4,5/13/2014
24845,922,Road Tire Tube,4,3/5/2014
24845,712,AWC Logo Cap,3,3/5/2014
"24845,711,""Sport-100 Helmet, Blue"",4,3/5/2014"
24846,931,LL Road Tire,4,11/7/2013
"24847,714,""Long-Sleeve Logo Jersey, M"",3,11/17/2013"
"24847,711,""Sport-100 Helmet, Blue"",4,11/17/2013"
24849,873,Patch Kit/8 Patches,4,4/6/2014
24849,931,LL Road Tire,4,4/6/2014
"24850,711,""Sport-100 Helmet, Blue"",4,2/7/2014"
24851,870,Water Bottle - 30 oz.,4,12/10/2013
24852,870,Water Bottle - 30 oz.,4,11/24/2013
24853,870,Water Bottle - 30 oz.,4,1/17/2014
24854,931,LL Road Tire,4,12/6/2013
24855,931,LL Road Tire,4,7/20/2013
24856,931,LL Road Tire,4,3/11/2014
24856,873,Patch Kit/8 Patches,4,3/11/2014
24858,870,Water Bottle - 30 oz.,4,9/12/2013
24859,870,Water Bottle - 30 oz.,4,6/27/2014
"24860,884,""Short-Sleeve Classic Jersey, XL"",3,11/16/2013"
24860,712,AWC Logo Cap,3,11/16/2013
24860,872,Road Bottle Cage,4,11/16/2013
24861,931,LL Road Tire,4,3/30/2014
"24862,882,""Short-Sleeve Classic Jersey, M"",3,11/9/2013"
24863,931,LL Road Tire,4,8/9/2013
24863,922,Road Tire Tube,4,8/9/2013
24864,922,Road Tire Tube,4,12/19/2013
24864,931,LL Road Tire,4,12/19/2013
24864,877,Bike Wash - Dissolver,4,12/19/2013
24864,876,Hitch Rack - 4-Bike,4,12/19/2013
24866,873,Patch Kit/8 Patches,4,8/9/2013
24866,931,LL Road Tire,4,8/9/2013
24868,870,Water Bottle - 30 oz.,4,12/17/2013
"24868,707,""Sport-100 Helmet, Red"",4,12/17/2013"
24868,712,AWC Logo Cap,3,12/17/2013
24869,870,Water Bottle - 30 oz.,4,2/23/2014
24870,870,Water Bottle - 30 oz.,4,12/12/2013
24871,877,Bike Wash - Dissolver,4,12/14/2013
24871,922,Road Tire Tube,4,12/14/2013
24871,873,Patch Kit/8 Patches,4,12/14/2013
24872,873,Patch Kit/8 Patches,4,8/15/2013
24875,931,LL Road Tire,4,11/27/2013
24875,873,Patch Kit/8 Patches,4,11/27/2013
"24876,858,""Half-Finger Gloves, S"",3,9/20/2013"
24876,922,Road Tire Tube,4,9/20/2013
24877,931,LL Road Tire,4,6/4/2014
"24877,874,""Racing Socks, M"",3,6/4/2014"
24878,873,Patch Kit/8 Patches,4,10/19/2013
"24880,708,""Sport-100 Helmet, Black"",4,5/20/2014"
24882,931,LL Road Tire,4,8/11/2013
24883,712,AWC Logo Cap,3,6/6/2013
24884,931,LL Road Tire,4,3/2/2014
24885,877,Bike Wash - Dissolver,4,6/13/2014
24885,873,Patch Kit/8 Patches,4,6/13/2014
24886,931,LL Road Tire,4,11/29/2013
24886,922,Road Tire Tube,4,11/29/2013
24887,712,AWC Logo Cap,3,8/11/2013
"24887,881,""Short-Sleeve Classic Jersey, S"",3,8/11/2013"
24889,922,Road Tire Tube,4,8/18/2013
24889,932,ML Road Tire,4,8/18/2013
24890,921,Mountain Tire Tube,4,7/10/2013
24892,873,Patch Kit/8 Patches,4,5/21/2014
24893,873,Patch Kit/8 Patches,4,10/20/2013
24896,921,Mountain Tire Tube,4,4/20/2014
24896,877,Bike Wash - Dissolver,4,4/20/2014
24898,921,Mountain Tire Tube,4,9/24/2013
"24899,864,""Classic Vest, S"",3,7/23/2013"
24899,878,Fender Set - Mountain,4,7/23/2013
24899,871,Mountain Bottle Cage,4,7/23/2013
24899,921,Mountain Tire Tube,4,7/23/2013
"24903,874,""Racing Socks, M"",3,8/9/2013"
24904,922,Road Tire Tube,4,8/20/2013
"24904,715,""Long-Sleeve Logo Jersey, L"",3,8/20/2013"
24905,932,ML Road Tire,4,9/1/2013
24906,878,Fender Set - Mountain,4,9/4/2013
"24906,711,""Sport-100 Helmet, Blue"",4,9/4/2013"
24907,712,AWC Logo Cap,3,9/6/2013
24909,932,ML Road Tire,4,9/25/2013
24910,712,AWC Logo Cap,3,9/11/2013
"24911,708,""Sport-100 Helmet, Black"",4,12/31/2013"
24911,712,AWC Logo Cap,3,12/31/2013
24911,921,Mountain Tire Tube,4,12/31/2013
24914,922,Road Tire Tube,4,10/2/2013
24916,870,Water Bottle - 30 oz.,4,10/2/2013
"24916,708,""Sport-100 Helmet, Black"",4,10/2/2013"
"24917,875,""Racing Socks, L"",3,10/13/2013"
24919,922,Road Tire Tube,4,10/2/2013
"24919,884,""Short-Sleeve Classic Jersey, XL"",3,10/2/2013"
24919,932,ML Road Tire,4,10/2/2013
"24921,711,""Sport-100 Helmet, Blue"",4,10/12/2013"
"24923,859,""Half-Finger Gloves, M"",3,10/19/2013"
24923,870,Water Bottle - 30 oz.,4,10/19/2013
24924,872,Road Bottle Cage,4,11/2/2013
24924,870,Water Bottle - 30 oz.,4,11/2/2013
24925,928,LL Mountain Tire,4,5/17/2014
24925,921,Mountain Tire Tube,4,5/17/2014
"24926,707,""Sport-100 Helmet, Red"",4,5/26/2014"
24926,928,LL Mountain Tire,4,5/26/2014
24927,921,Mountain Tire Tube,4,9/4/2013
24927,879,All-Purpose Bike Stand,4,9/4/2013
24927,873,Patch Kit/8 Patches,4,9/4/2013
24928,928,LL Mountain Tire,4,9/13/2013
24929,928,LL Mountain Tire,4,11/16/2013
24929,921,Mountain Tire Tube,4,11/16/2013
24930,921,Mountain Tire Tube,4,7/15/2013
"24930,711,""Sport-100 Helmet, Blue"",4,7/15/2013"
24931,933,HL Road Tire,4,12/7/2013
24932,933,HL Road Tire,4,10/29/2013
"24932,711,""Sport-100 Helmet, Blue"",4,10/29/2013"
24935,873,Patch Kit/8 Patches,4,2/6/2014
24935,922,Road Tire Tube,4,2/6/2014
24936,873,Patch Kit/8 Patches,4,4/12/2014
24936,922,Road Tire Tube,4,4/12/2014
24938,933,HL Road Tire,4,11/28/2013
24938,873,Patch Kit/8 Patches,4,11/28/2013
24939,870,Water Bottle - 30 oz.,4,1/18/2014
24940,933,HL Road Tire,4,6/30/2013
"24943,711,""Sport-100 Helmet, Blue"",4,4/28/2014"
24943,922,Road Tire Tube,4,4/28/2014
24944,933,HL Road Tire,4,8/30/2013
"24944,708,""Sport-100 Helmet, Black"",4,8/30/2013"
24944,922,Road Tire Tube,4,8/30/2013
24945,933,HL Road Tire,4,10/12/2013
24946,933,HL Road Tire,4,9/21/2013
24946,922,Road Tire Tube,4,9/21/2013
"24947,708,""Sport-100 Helmet, Black"",4,11/2/2013"
24948,922,Road Tire Tube,4,2/23/2014
24950,873,Patch Kit/8 Patches,4,2/14/2014
24950,933,HL Road Tire,4,2/14/2014
"24952,711,""Sport-100 Helmet, Blue"",4,7/16/2013"
24952,933,HL Road Tire,4,7/16/2013
24953,928,LL Mountain Tire,4,11/13/2013
"24954,708,""Sport-100 Helmet, Black"",4,3/9/2014"
24954,933,HL Road Tire,4,3/9/2014
24960,922,Road Tire Tube,4,8/20/2013
"24961,708,""Sport-100 Helmet, Black"",4,12/4/2013"
24961,922,Road Tire Tube,4,12/4/2013
24964,933,HL Road Tire,4,6/19/2014
"24964,708,""Sport-100 Helmet, Black"",4,6/19/2014"
24964,922,Road Tire Tube,4,6/19/2014
24965,922,Road Tire Tube,4,11/22/2013
24965,933,HL Road Tire,4,11/22/2013
24968,877,Bike Wash - Dissolver,4,11/27/2013
24968,933,HL Road Tire,4,11/27/2013
24969,933,HL Road Tire,4,7/27/2013
24970,922,Road Tire Tube,4,11/15/2013
24970,873,Patch Kit/8 Patches,4,11/15/2013
24971,876,Hitch Rack - 4-Bike,4,4/2/2014
24972,872,Road Bottle Cage,4,4/5/2014
24973,933,HL Road Tire,4,11/4/2013
24973,922,Road Tire Tube,4,11/4/2013
24974,933,HL Road Tire,4,2/8/2014
24974,922,Road Tire Tube,4,2/8/2014
24975,880,Hydration Pack - 70 oz.,4,3/20/2014
24975,877,Bike Wash - Dissolver,4,3/20/2014
24978,880,Hydration Pack - 70 oz.,4,12/14/2013
24978,933,HL Road Tire,4,12/14/2013
24978,922,Road Tire Tube,4,12/14/2013
24982,873,Patch Kit/8 Patches,4,9/28/2013
24983,922,Road Tire Tube,4,4/1/2014
24983,933,HL Road Tire,4,4/1/2014
24984,933,HL Road Tire,4,1/2/2014
"24985,860,""Half-Finger Gloves, L"",3,2/6/2014"
24985,922,Road Tire Tube,4,2/6/2014
24985,933,HL Road Tire,4,2/6/2014
24989,922,Road Tire Tube,4,7/6/2013
24990,923,Touring Tire Tube,4,9/25/2013
"24990,716,""Long-Sleeve Logo Jersey, XL"",3,9/25/2013"
24991,873,Patch Kit/8 Patches,4,9/13/2013
24992,873,Patch Kit/8 Patches,4,11/5/2013
24992,933,HL Road Tire,4,11/5/2013
"24993,858,""Half-Finger Gloves, S"",3,5/11/2014"
24993,922,Road Tire Tube,4,5/11/2014
24994,933,HL Road Tire,4,6/30/2013
24996,934,Touring Tire,4,4/2/2014
25000,934,Touring Tire,4,5/15/2014
25001,870,Water Bottle - 30 oz.,4,12/7/2013
25001,871,Mountain Bottle Cage,4,12/7/2013
25003,928,LL Mountain Tire,4,11/16/2013
25005,928,LL Mountain Tire,4,8/30/2013
25005,921,Mountain Tire Tube,4,8/30/2013
25006,921,Mountain Tire Tube,4,11/29/2013
25007,928,LL Mountain Tire,4,9/25/2013
25009,871,Mountain Bottle Cage,4,3/10/2014
"25011,711,""Sport-100 Helmet, Blue"",4,3/10/2014"
25011,870,Water Bottle - 30 oz.,4,3/10/2014
25012,871,Mountain Bottle Cage,4,9/13/2013
25012,870,Water Bottle - 30 oz.,4,9/13/2013
"25012,707,""Sport-100 Helmet, Red"",4,9/13/2013"
25013,871,Mountain Bottle Cage,4,4/12/2014
25013,870,Water Bottle - 30 oz.,4,4/12/2014
"25015,866,""Classic Vest, L"",3,9/7/2013"
25015,872,Road Bottle Cage,4,9/7/2013
25017,870,Water Bottle - 30 oz.,4,1/26/2014
25018,873,Patch Kit/8 Patches,4,10/30/2013
25018,879,All-Purpose Bike Stand,4,10/30/2013
25018,933,HL Road Tire,4,10/30/2013
25019,870,Water Bottle - 30 oz.,4,4/24/2014
25019,712,AWC Logo Cap,3,4/24/2014
25021,870,Water Bottle - 30 oz.,4,3/10/2014
25023,933,HL Road Tire,4,9/17/2013
25023,922,Road Tire Tube,4,9/17/2013
"25025,707,""Sport-100 Helmet, Red"",4,9/4/2013"
25026,922,Road Tire Tube,4,7/30/2013
25027,931,LL Road Tire,4,6/9/2014
"25027,711,""Sport-100 Helmet, Blue"",4,6/9/2014"
25028,931,LL Road Tire,4,6/8/2014
25029,873,Patch Kit/8 Patches,4,12/30/2013
25029,922,Road Tire Tube,4,12/30/2013
25029,876,Hitch Rack - 4-Bike,4,12/30/2013
"25030,860,""Half-Finger Gloves, L"",3,1/21/2014"
25031,922,Road Tire Tube,4,10/2/2013
"25032,711,""Sport-100 Helmet, Blue"",4,1/2/2014"
25032,932,ML Road Tire,4,1/2/2014
"25034,708,""Sport-100 Helmet, Black"",4,11/20/2013"
25035,712,AWC Logo Cap,3,11/17/2013
25040,923,Touring Tire Tube,4,5/4/2014
25040,873,Patch Kit/8 Patches,4,5/4/2014
25043,712,AWC Logo Cap,3,1/23/2014
25043,876,Hitch Rack - 4-Bike,4,1/23/2014
25044,922,Road Tire Tube,4,10/20/2013
25045,922,Road Tire Tube,4,7/4/2013
25045,873,Patch Kit/8 Patches,4,7/4/2013
"25047,716,""Long-Sleeve Logo Jersey, XL"",3,5/3/2014"
25047,872,Road Bottle Cage,4,5/3/2014
25053,712,AWC Logo Cap,3,11/1/2013
25054,921,Mountain Tire Tube,4,12/23/2013
"25054,865,""Classic Vest, M"",3,12/23/2013"
25055,921,Mountain Tire Tube,4,2/20/2014
25056,921,Mountain Tire Tube,4,1/20/2014
25058,873,Patch Kit/8 Patches,4,3/29/2014
"25059,884,""Short-Sleeve Classic Jersey, XL"",3,10/1/2013"
25062,870,Water Bottle - 30 oz.,4,9/12/2013
"25064,882,""Short-Sleeve Classic Jersey, M"",3,10/3/2013"
25065,922,Road Tire Tube,4,8/30/2013
25065,933,HL Road Tire,4,8/30/2013
25066,921,Mountain Tire Tube,4,6/28/2014
25066,877,Bike Wash - Dissolver,4,6/28/2014
25067,933,HL Road Tire,4,5/25/2014
25067,922,Road Tire Tube,4,5/25/2014
25069,922,Road Tire Tube,4,11/24/2013
25069,933,HL Road Tire,4,11/24/2013
25070,870,Water Bottle - 30 oz.,4,2/18/2014
25071,922,Road Tire Tube,4,6/14/2014
25071,933,HL Road Tire,4,6/14/2014
"25072,708,""Sport-100 Helmet, Black"",4,5/20/2014"
"25073,882,""Short-Sleeve Classic Jersey, M"",3,5/25/2014"
"25075,711,""Sport-100 Helmet, Blue"",4,10/3/2013"
"25076,714,""Long-Sleeve Logo Jersey, M"",3,5/21/2014"
25078,880,Hydration Pack - 70 oz.,4,5/5/2014
25078,923,Touring Tire Tube,4,5/5/2014
25080,872,Road Bottle Cage,4,10/9/2013
25080,870,Water Bottle - 30 oz.,4,10/9/2013
25082,933,HL Road Tire,4,3/13/2014
25083,922,Road Tire Tube,4,4/10/2014
25085,870,Water Bottle - 30 oz.,4,6/22/2013
25086,923,Touring Tire Tube,4,6/1/2013
25086,934,Touring Tire,4,6/1/2013
"25086,708,""Sport-100 Helmet, Black"",4,6/1/2013"
25089,933,HL Road Tire,4,2/21/2014
25090,880,Hydration Pack - 70 oz.,4,5/12/2014
25090,877,Bike Wash - Dissolver,4,5/12/2014
25091,933,HL Road Tire,4,9/7/2013
25092,712,AWC Logo Cap,3,6/9/2013
25092,923,Touring Tire Tube,4,6/9/2013
25096,877,Bike Wash - Dissolver,4,7/15/2013
25096,872,Road Bottle Cage,4,7/15/2013
25098,934,Touring Tire,4,7/25/2013
25098,923,Touring Tire Tube,4,7/25/2013
25101,870,Water Bottle - 30 oz.,4,6/4/2014
"25102,711,""Sport-100 Helmet, Blue"",4,7/22/2013"
25102,933,HL Road Tire,4,7/22/2013
25103,933,HL Road Tire,4,1/4/2014
25103,922,Road Tire Tube,4,1/4/2014
25105,870,Water Bottle - 30 oz.,4,10/4/2013
"25105,708,""Sport-100 Helmet, Black"",4,10/4/2013"
25107,712,AWC Logo Cap,3,10/30/2013
25107,870,Water Bottle - 30 oz.,4,10/30/2013
"25108,884,""Short-Sleeve Classic Jersey, XL"",3,1/6/2014"
25110,921,Mountain Tire Tube,4,12/26/2013
"25113,708,""Sport-100 Helmet, Black"",4,1/19/2014"
25116,921,Mountain Tire Tube,4,10/30/2013
25117,873,Patch Kit/8 Patches,4,6/1/2014
25118,921,Mountain Tire Tube,4,1/20/2014
25119,932,ML Road Tire,4,11/18/2013
25122,921,Mountain Tire Tube,4,4/29/2014
"25123,708,""Sport-100 Helmet, Black"",4,2/11/2014"
"25124,858,""Half-Finger Gloves, S"",3,10/26/2013"
"25124,708,""Sport-100 Helmet, Black"",4,10/26/2013"
25125,921,Mountain Tire Tube,4,2/25/2014
"25128,708,""Sport-100 Helmet, Black"",4,1/24/2014"
25128,922,Road Tire Tube,4,1/24/2014
"25129,708,""Sport-100 Helmet, Black"",4,7/24/2013"
25129,922,Road Tire Tube,4,7/24/2013
25130,921,Mountain Tire Tube,4,10/9/2013
"25134,707,""Sport-100 Helmet, Red"",4,5/15/2014"
25135,873,Patch Kit/8 Patches,4,5/4/2014
25136,921,Mountain Tire Tube,4,9/5/2013
25137,921,Mountain Tire Tube,4,6/23/2014
25139,931,LL Road Tire,4,3/20/2014
25139,922,Road Tire Tube,4,3/20/2014
25142,923,Touring Tire Tube,4,9/4/2013
25143,923,Touring Tire Tube,4,5/7/2014
25144,922,Road Tire Tube,4,2/17/2014
25145,873,Patch Kit/8 Patches,4,11/21/2013
"25147,711,""Sport-100 Helmet, Blue"",4,12/31/2013"
25149,922,Road Tire Tube,4,5/2/2014
25149,933,HL Road Tire,4,5/2/2014
25151,933,HL Road Tire,4,4/4/2014
25152,873,Patch Kit/8 Patches,4,8/17/2013
25153,933,HL Road Tire,4,3/4/2014
25153,922,Road Tire Tube,4,3/4/2014
"25153,858,""Half-Finger Gloves, S"",3,3/4/2014"
25154,933,HL Road Tire,4,5/25/2014
25154,922,Road Tire Tube,4,5/25/2014
25156,933,HL Road Tire,4,7/14/2013
25157,873,Patch Kit/8 Patches,4,12/3/2013
25158,922,Road Tire Tube,4,2/4/2014
25158,933,HL Road Tire,4,2/4/2014
"25159,708,""Sport-100 Helmet, Black"",4,2/24/2014"
25159,933,HL Road Tire,4,2/24/2014
25160,922,Road Tire Tube,4,11/15/2013
25160,877,Bike Wash - Dissolver,4,11/15/2013
25160,873,Patch Kit/8 Patches,4,11/15/2013
"25163,708,""Sport-100 Helmet, Black"",4,10/17/2013"
25163,872,Road Bottle Cage,4,10/17/2013
25164,933,HL Road Tire,4,10/18/2013
25165,933,HL Road Tire,4,5/18/2014
"25165,715,""Long-Sleeve Logo Jersey, L"",3,5/18/2014"
"25166,707,""Sport-100 Helmet, Red"",4,2/25/2014"
25166,712,AWC Logo Cap,3,2/25/2014
25166,933,HL Road Tire,4,2/25/2014
25166,922,Road Tire Tube,4,2/25/2014
25167,922,Road Tire Tube,4,4/22/2014
25167,933,HL Road Tire,4,4/22/2014
25168,873,Patch Kit/8 Patches,4,1/23/2014
25168,933,HL Road Tire,4,1/23/2014
25171,933,HL Road Tire,4,9/26/2013
25172,933,HL Road Tire,4,11/19/2013
25172,922,Road Tire Tube,4,11/19/2013
"25172,859,""Half-Finger Gloves, M"",3,11/19/2013"
25173,871,Mountain Bottle Cage,4,11/18/2013
25173,921,Mountain Tire Tube,4,11/18/2013
25174,933,HL Road Tire,4,10/24/2013
"25174,711,""Sport-100 Helmet, Blue"",4,10/24/2013"
25176,922,Road Tire Tube,4,2/24/2014
25177,871,Mountain Bottle Cage,4,6/27/2014
25177,921,Mountain Tire Tube,4,6/27/2014
25178,933,HL Road Tire,4,6/7/2014
"25179,708,""Sport-100 Helmet, Black"",4,2/25/2014"
25179,922,Road Tire Tube,4,2/25/2014
25180,712,AWC Logo Cap,3,10/21/2013
"25182,711,""Sport-100 Helmet, Blue"",4,11/20/2013"
"25183,713,""Long-Sleeve Logo Jersey, S"",3,11/14/2013"
25185,923,Touring Tire Tube,4,10/14/2013
"25185,708,""Sport-100 Helmet, Black"",4,10/14/2013"
"25186,881,""Short-Sleeve Classic Jersey, S"",3,10/15/2013"
25187,933,HL Road Tire,4,6/23/2014
"25187,708,""Sport-100 Helmet, Black"",4,6/23/2014"
25188,712,AWC Logo Cap,3,10/2/2013
25189,933,HL Road Tire,4,6/3/2014
25190,933,HL Road Tire,4,2/13/2014
25192,877,Bike Wash - Dissolver,4,10/12/2013
25192,880,Hydration Pack - 70 oz.,4,10/12/2013
25192,923,Touring Tire Tube,4,10/12/2013
25195,922,Road Tire Tube,4,1/12/2014
"25196,714,""Long-Sleeve Logo Jersey, M"",3,4/8/2014"
25197,922,Road Tire Tube,4,10/12/2013
"25200,866,""Classic Vest, L"",3,5/27/2014"
25200,933,HL Road Tire,4,5/27/2014
25201,933,HL Road Tire,4,3/23/2014
25201,922,Road Tire Tube,4,3/23/2014
"25201,859,""Half-Finger Gloves, M"",3,3/23/2014"
25202,922,Road Tire Tube,4,4/17/2014
25205,928,LL Mountain Tire,4,4/2/2014
25205,921,Mountain Tire Tube,4,4/2/2014
25207,921,Mountain Tire Tube,4,10/7/2013
25207,928,LL Mountain Tire,4,10/7/2013
"25207,707,""Sport-100 Helmet, Red"",4,10/7/2013"
25208,873,Patch Kit/8 Patches,4,10/21/2013
25209,712,AWC Logo Cap,3,12/25/2013
"25209,711,""Sport-100 Helmet, Blue"",4,12/25/2013"
25209,870,Water Bottle - 30 oz.,4,12/25/2013
25210,873,Patch Kit/8 Patches,4,11/8/2013
25211,931,LL Road Tire,4,3/23/2014
"25211,881,""Short-Sleeve Classic Jersey, S"",3,3/23/2014"
25212,922,Road Tire Tube,4,4/17/2014
25212,873,Patch Kit/8 Patches,4,4/17/2014
25213,922,Road Tire Tube,4,12/4/2013
"25213,711,""Sport-100 Helmet, Blue"",4,12/4/2013"
25214,932,ML Road Tire,4,12/23/2013
"25216,715,""Long-Sleeve Logo Jersey, L"",3,2/5/2014"
25216,921,Mountain Tire Tube,4,2/5/2014
"25217,711,""Sport-100 Helmet, Blue"",4,9/25/2013"
25218,932,ML Road Tire,4,12/11/2013
"25218,708,""Sport-100 Helmet, Black"",4,12/11/2013"
25219,921,Mountain Tire Tube,4,9/6/2013
25220,873,Patch Kit/8 Patches,4,8/10/2013
25221,870,Water Bottle - 30 oz.,4,1/1/2014
25221,872,Road Bottle Cage,4,1/1/2014
25223,712,AWC Logo Cap,3,8/27/2013
25223,921,Mountain Tire Tube,4,8/27/2013
"25223,711,""Sport-100 Helmet, Blue"",4,8/27/2013"
25224,873,Patch Kit/8 Patches,4,9/2/2013
25226,922,Road Tire Tube,4,12/20/2013
25226,932,ML Road Tire,4,12/20/2013
"25227,708,""Sport-100 Helmet, Black"",4,3/10/2014"
25230,878,Fender Set - Mountain,4,10/13/2013
25230,921,Mountain Tire Tube,4,10/13/2013
25231,872,Road Bottle Cage,4,12/11/2013
25231,880,Hydration Pack - 70 oz.,4,12/11/2013
25232,877,Bike Wash - Dissolver,4,6/25/2014
25233,873,Patch Kit/8 Patches,4,12/11/2013
25236,921,Mountain Tire Tube,4,2/23/2014
25237,921,Mountain Tire Tube,4,6/19/2014
"25237,859,""Half-Finger Gloves, M"",3,6/19/2014"
"25237,882,""Short-Sleeve Classic Jersey, M"",3,6/19/2014"
25238,921,Mountain Tire Tube,4,11/6/2013
25239,921,Mountain Tire Tube,4,2/27/2014
25244,877,Bike Wash - Dissolver,4,8/3/2013
25244,712,AWC Logo Cap,3,8/3/2013
25245,880,Hydration Pack - 70 oz.,4,1/15/2014
25246,922,Road Tire Tube,4,4/11/2014
25246,873,Patch Kit/8 Patches,4,4/11/2014
25248,921,Mountain Tire Tube,4,4/23/2014
"25249,711,""Sport-100 Helmet, Blue"",4,1/23/2014"
25249,872,Road Bottle Cage,4,1/23/2014
"25250,711,""Sport-100 Helmet, Blue"",4,1/28/2014"
25250,932,ML Road Tire,4,1/28/2014
"25251,707,""Sport-100 Helmet, Red"",4,5/5/2014"
25252,870,Water Bottle - 30 oz.,4,1/22/2014
"25252,859,""Half-Finger Gloves, M"",3,1/22/2014"
"25252,707,""Sport-100 Helmet, Red"",4,1/22/2014"
25253,921,Mountain Tire Tube,4,8/19/2013
25253,928,LL Mountain Tire,4,8/19/2013
"25253,874,""Racing Socks, M"",3,8/19/2013"
25254,928,LL Mountain Tire,4,12/31/2013
25254,921,Mountain Tire Tube,4,12/31/2013
25256,880,Hydration Pack - 70 oz.,4,7/30/2013
25256,870,Water Bottle - 30 oz.,4,7/30/2013
25257,876,Hitch Rack - 4-Bike,4,12/6/2013
25257,928,LL Mountain Tire,4,12/6/2013
"25258,860,""Half-Finger Gloves, L"",3,1/21/2014"
25259,928,LL Mountain Tire,4,9/13/2013
25259,921,Mountain Tire Tube,4,9/13/2013
25260,873,Patch Kit/8 Patches,4,1/31/2014
"25261,711,""Sport-100 Helmet, Blue"",4,8/25/2013"
25261,933,HL Road Tire,4,8/25/2013
25262,922,Road Tire Tube,4,5/15/2014
25262,877,Bike Wash - Dissolver,4,5/15/2014
25262,873,Patch Kit/8 Patches,4,5/15/2014
"25263,708,""Sport-100 Helmet, Black"",4,2/8/2014"
25263,922,Road Tire Tube,4,2/8/2014
"25264,875,""Racing Socks, L"",3,3/24/2014"
"25264,711,""Sport-100 Helmet, Blue"",4,3/24/2014"
25264,933,HL Road Tire,4,3/24/2014
"25265,716,""Long-Sleeve Logo Jersey, XL"",3,8/19/2013"
"25266,881,""Short-Sleeve Classic Jersey, S"",3,12/5/2013"
25267,931,LL Road Tire,4,8/23/2013
"25268,711,""Sport-100 Helmet, Blue"",4,2/21/2014"
25268,931,LL Road Tire,4,2/21/2014
25269,873,Patch Kit/8 Patches,4,2/10/2014
"25273,860,""Half-Finger Gloves, L"",3,1/17/2014"
25274,933,HL Road Tire,4,3/4/2014
"25274,711,""Sport-100 Helmet, Blue"",4,3/4/2014"
25275,933,HL Road Tire,4,1/15/2014
25276,873,Patch Kit/8 Patches,4,1/9/2014
25276,922,Road Tire Tube,4,1/9/2014
"25277,859,""Half-Finger Gloves, M"",3,3/17/2014"
"25277,711,""Sport-100 Helmet, Blue"",4,3/17/2014"
25277,922,Road Tire Tube,4,3/17/2014
25278,922,Road Tire Tube,4,3/4/2014
25280,933,HL Road Tire,4,5/25/2014
25280,922,Road Tire Tube,4,5/25/2014
25283,873,Patch Kit/8 Patches,4,12/22/2013
25283,922,Road Tire Tube,4,12/22/2013
25289,880,Hydration Pack - 70 oz.,4,11/24/2013
25289,870,Water Bottle - 30 oz.,4,11/24/2013
25291,922,Road Tire Tube,4,5/22/2014
25291,933,HL Road Tire,4,5/22/2014
25292,922,Road Tire Tube,4,10/14/2013
25292,873,Patch Kit/8 Patches,4,10/14/2013
25292,933,HL Road Tire,4,10/14/2013
"25293,707,""Sport-100 Helmet, Red"",4,2/27/2014"
25294,712,AWC Logo Cap,3,1/26/2014
"25295,711,""Sport-100 Helmet, Blue"",4,6/16/2014"
25296,922,Road Tire Tube,4,6/22/2014
25297,873,Patch Kit/8 Patches,4,4/27/2014
25300,931,LL Road Tire,4,11/6/2013
25302,712,AWC Logo Cap,3,5/10/2014
"25302,708,""Sport-100 Helmet, Black"",4,5/10/2014"
25302,931,LL Road Tire,4,5/10/2014
25304,922,Road Tire Tube,4,10/10/2013
25306,872,Road Bottle Cage,4,10/16/2013
25306,880,Hydration Pack - 70 oz.,4,10/16/2013
25307,712,AWC Logo Cap,3,11/24/2013
25309,712,AWC Logo Cap,3,4/27/2014
25309,870,Water Bottle - 30 oz.,4,4/27/2014
25310,922,Road Tire Tube,4,7/1/2013
25310,931,LL Road Tire,4,7/1/2013
"25312,860,""Half-Finger Gloves, L"",3,4/11/2014"
25314,923,Touring Tire Tube,4,8/26/2013
25315,922,Road Tire Tube,4,5/8/2014
25317,922,Road Tire Tube,4,12/19/2013
"25317,864,""Classic Vest, S"",3,12/19/2013"
25318,931,LL Road Tire,4,3/15/2014
25319,873,Patch Kit/8 Patches,4,4/23/2014
25319,934,Touring Tire,4,4/23/2014
25322,923,Touring Tire Tube,4,11/13/2013
25323,870,Water Bottle - 30 oz.,4,11/21/2013
25324,923,Touring Tire Tube,4,7/28/2013
25325,873,Patch Kit/8 Patches,4,10/24/2013
25326,932,ML Road Tire,4,12/6/2013
25326,922,Road Tire Tube,4,12/6/2013
25328,870,Water Bottle - 30 oz.,4,12/2/2013
"25328,716,""Long-Sleeve Logo Jersey, XL"",3,12/2/2013"
"25329,865,""Classic Vest, M"",3,8/13/2013"
25329,922,Road Tire Tube,4,8/13/2013
25330,922,Road Tire Tube,4,5/31/2014
"25330,864,""Classic Vest, S"",3,5/31/2014"
25331,921,Mountain Tire Tube,4,11/6/2013
25332,921,Mountain Tire Tube,4,10/30/2013
"25333,864,""Classic Vest, S"",3,2/12/2014"
25333,922,Road Tire Tube,4,2/12/2014
25334,870,Water Bottle - 30 oz.,4,11/4/2013
25335,870,Water Bottle - 30 oz.,4,7/8/2013
25337,928,LL Mountain Tire,4,7/3/2013
25338,928,LL Mountain Tire,4,10/1/2013
25341,921,Mountain Tire Tube,4,11/26/2013
25341,928,LL Mountain Tire,4,11/26/2013
"25344,711,""Sport-100 Helmet, Blue"",4,3/20/2014"
25346,921,Mountain Tire Tube,4,6/13/2014
25346,928,LL Mountain Tire,4,6/13/2014
"25346,716,""Long-Sleeve Logo Jersey, XL"",3,6/13/2014"
25347,870,Water Bottle - 30 oz.,4,9/14/2013
25348,928,LL Mountain Tire,4,10/4/2013
25348,921,Mountain Tire Tube,4,10/4/2013
25350,921,Mountain Tire Tube,4,2/12/2014
25350,928,LL Mountain Tire,4,2/12/2014
"25351,858,""Half-Finger Gloves, S"",3,9/5/2013"
25352,928,LL Mountain Tire,4,2/3/2014
25353,873,Patch Kit/8 Patches,4,2/6/2014
"25355,708,""Sport-100 Helmet, Black"",4,1/3/2014"
25356,928,LL Mountain Tire,4,9/18/2013
25357,928,LL Mountain Tire,4,3/10/2014
25357,876,Hitch Rack - 4-Bike,4,3/10/2014
25358,873,Patch Kit/8 Patches,4,12/17/2013
25360,873,Patch Kit/8 Patches,4,3/15/2014
25360,928,LL Mountain Tire,4,3/15/2014
25365,872,Road Bottle Cage,4,5/6/2014
"25365,860,""Half-Finger Gloves, L"",3,5/6/2014"
25368,923,Touring Tire Tube,4,9/4/2013
"25368,707,""Sport-100 Helmet, Red"",4,9/4/2013"
25369,933,HL Road Tire,4,2/6/2014
25369,922,Road Tire Tube,4,2/6/2014
"25370,708,""Sport-100 Helmet, Black"",4,9/20/2013"
25370,870,Water Bottle - 30 oz.,4,9/20/2013
25373,933,HL Road Tire,4,2/23/2014
"25373,711,""Sport-100 Helmet, Blue"",4,2/23/2014"
25374,933,HL Road Tire,4,11/29/2013
25374,922,Road Tire Tube,4,11/29/2013
25378,922,Road Tire Tube,4,7/24/2013
25378,873,Patch Kit/8 Patches,4,7/24/2013
25381,872,Road Bottle Cage,4,9/12/2013
25382,934,Touring Tire,4,8/30/2013
25382,923,Touring Tire Tube,4,8/30/2013
25383,872,Road Bottle Cage,4,9/10/2013
"25389,711,""Sport-100 Helmet, Blue"",4,10/16/2013"
"25390,858,""Half-Finger Gloves, S"",3,10/5/2013"
25391,934,Touring Tire,4,10/29/2013
25391,877,Bike Wash - Dissolver,4,10/29/2013
25396,872,Road Bottle Cage,4,11/28/2013
25397,934,Touring Tire,4,11/24/2013
25397,712,AWC Logo Cap,3,11/24/2013
"25400,715,""Long-Sleeve Logo Jersey, L"",3,11/17/2013"
"25403,711,""Sport-100 Helmet, Blue"",4,11/2/2013"
25403,934,Touring Tire,4,11/2/2013
"25404,707,""Sport-100 Helmet, Red"",4,11/1/2013"
25404,870,Water Bottle - 30 oz.,4,11/1/2013
25405,870,Water Bottle - 30 oz.,4,11/16/2013
25405,872,Road Bottle Cage,4,11/16/2013
"25406,708,""Sport-100 Helmet, Black"",4,11/5/2013"
25406,872,Road Bottle Cage,4,11/5/2013
25407,870,Water Bottle - 30 oz.,4,11/9/2013
25408,872,Road Bottle Cage,4,10/28/2013
25413,872,Road Bottle Cage,4,11/26/2013
25414,880,Hydration Pack - 70 oz.,4,11/6/2013
25414,872,Road Bottle Cage,4,11/6/2013
25415,872,Road Bottle Cage,4,11/11/2013
"25415,707,""Sport-100 Helmet, Red"",4,11/11/2013"
25416,928,LL Mountain Tire,4,12/19/2013
25416,921,Mountain Tire Tube,4,12/19/2013
25416,877,Bike Wash - Dissolver,4,12/19/2013
"25417,711,""Sport-100 Helmet, Blue"",4,11/26/2013"
"25417,858,""Half-Finger Gloves, S"",3,11/26/2013"
25417,934,Touring Tire,4,11/26/2013
25422,922,Road Tire Tube,4,11/22/2013
25422,933,HL Road Tire,4,11/22/2013
25423,712,AWC Logo Cap,3,11/5/2013
"25423,715,""Long-Sleeve Logo Jersey, L"",3,11/5/2013"
25424,933,HL Road Tire,4,3/31/2014
"25424,707,""Sport-100 Helmet, Red"",4,3/31/2014"
25428,922,Road Tire Tube,4,11/7/2013
"25431,707,""Sport-100 Helmet, Red"",4,4/5/2014"
25431,933,HL Road Tire,4,4/5/2014
25434,873,Patch Kit/8 Patches,4,9/16/2013
25434,922,Road Tire Tube,4,9/16/2013
25435,922,Road Tire Tube,4,7/22/2013
25437,712,AWC Logo Cap,3,5/26/2014
"25438,874,""Racing Socks, M"",3,3/18/2014"
25438,922,Road Tire Tube,4,3/18/2014
25438,933,HL Road Tire,4,3/18/2014
25439,933,HL Road Tire,4,7/4/2013
25439,922,Road Tire Tube,4,7/4/2013
"25440,858,""Half-Finger Gloves, S"",3,5/29/2014"
25441,933,HL Road Tire,4,9/18/2013
"25441,711,""Sport-100 Helmet, Blue"",4,9/18/2013"
25446,932,ML Road Tire,4,4/25/2014
25446,922,Road Tire Tube,4,4/25/2014
25447,712,AWC Logo Cap,3,4/1/2014
25449,872,Road Bottle Cage,4,3/31/2014
25449,880,Hydration Pack - 70 oz.,4,3/31/2014
25450,873,Patch Kit/8 Patches,4,4/17/2014
25450,931,LL Road Tire,4,4/17/2014
25455,922,Road Tire Tube,4,4/15/2014
25457,934,Touring Tire,4,5/12/2014
25457,923,Touring Tire Tube,4,5/12/2014
25459,870,Water Bottle - 30 oz.,4,4/19/2014
25460,872,Road Bottle Cage,4,4/17/2014
25461,932,ML Road Tire,4,3/23/2014
25462,932,ML Road Tire,4,12/9/2013
25462,922,Road Tire Tube,4,12/9/2013
25464,923,Touring Tire Tube,4,5/21/2014
25464,934,Touring Tire,4,5/21/2014
25467,922,Road Tire Tube,4,4/7/2014
25467,873,Patch Kit/8 Patches,4,4/7/2014
"25469,707,""Sport-100 Helmet, Red"",4,9/20/2013"
25470,879,All-Purpose Bike Stand,4,10/8/2013
25471,923,Touring Tire Tube,4,4/20/2014
25472,922,Road Tire Tube,4,1/5/2014
25472,873,Patch Kit/8 Patches,4,1/5/2014
"25474,707,""Sport-100 Helmet, Red"",4,12/25/2013"
"25475,708,""Sport-100 Helmet, Black"",4,5/12/2014"
25479,870,Water Bottle - 30 oz.,4,3/19/2014
"25479,707,""Sport-100 Helmet, Red"",4,3/19/2014"
"25479,715,""Long-Sleeve Logo Jersey, L"",3,3/19/2014"
25482,922,Road Tire Tube,4,3/28/2014
25483,873,Patch Kit/8 Patches,4,6/14/2014
"25484,711,""Sport-100 Helmet, Blue"",4,5/7/2014"
25487,877,Bike Wash - Dissolver,4,2/6/2014
25487,931,LL Road Tire,4,2/6/2014
25489,932,ML Road Tire,4,5/28/2014
25490,923,Touring Tire Tube,4,12/22/2013
25491,923,Touring Tire Tube,4,12/18/2013
25492,922,Road Tire Tube,4,12/23/2013
"25492,708,""Sport-100 Helmet, Black"",4,12/23/2013"
25493,932,ML Road Tire,4,5/14/2014
"25493,708,""Sport-100 Helmet, Black"",4,5/14/2014"
25493,712,AWC Logo Cap,3,5/14/2014
25493,922,Road Tire Tube,4,5/14/2014
"25494,707,""Sport-100 Helmet, Red"",4,12/16/2013"
"25495,708,""Sport-100 Helmet, Black"",4,11/18/2013"
25496,712,AWC Logo Cap,3,1/11/2014
"25498,714,""Long-Sleeve Logo Jersey, M"",3,1/15/2014"
"25499,707,""Sport-100 Helmet, Red"",4,5/5/2014"
25503,712,AWC Logo Cap,3,12/7/2013
"25503,708,""Sport-100 Helmet, Black"",4,12/7/2013"
25504,870,Water Bottle - 30 oz.,4,4/12/2014
"25504,859,""Half-Finger Gloves, M"",3,4/12/2014"
25505,922,Road Tire Tube,4,2/15/2014
"25510,884,""Short-Sleeve Classic Jersey, XL"",3,4/18/2014"
25510,872,Road Bottle Cage,4,4/18/2014
25510,870,Water Bottle - 30 oz.,4,4/18/2014
25511,870,Water Bottle - 30 oz.,4,4/24/2014
25512,922,Road Tire Tube,4,8/15/2013
25513,873,Patch Kit/8 Patches,4,8/26/2013
25514,923,Touring Tire Tube,4,11/15/2013
"25515,711,""Sport-100 Helmet, Blue"",4,4/11/2014"
"25517,711,""Sport-100 Helmet, Blue"",4,3/12/2014"
25518,923,Touring Tire Tube,4,1/27/2014
25519,923,Touring Tire Tube,4,4/6/2014
25520,923,Touring Tire Tube,4,11/19/2013
"25520,715,""Long-Sleeve Logo Jersey, L"",3,11/19/2013"
"25520,707,""Sport-100 Helmet, Red"",4,11/19/2013"
25521,712,AWC Logo Cap,3,7/18/2013
25522,922,Road Tire Tube,4,4/3/2014
25522,931,LL Road Tire,4,4/3/2014
25523,922,Road Tire Tube,4,1/17/2014
25524,922,Road Tire Tube,4,9/6/2013
"25525,711,""Sport-100 Helmet, Blue"",4,4/27/2014"
25525,870,Water Bottle - 30 oz.,4,4/27/2014
25525,872,Road Bottle Cage,4,4/27/2014
"25525,714,""Long-Sleeve Logo Jersey, M"",3,4/27/2014"
25526,922,Road Tire Tube,4,8/16/2013
"25526,707,""Sport-100 Helmet, Red"",4,8/16/2013"
25527,923,Touring Tire Tube,4,2/26/2014
25528,922,Road Tire Tube,4,4/14/2014
25530,931,LL Road Tire,4,1/15/2014
"25531,882,""Short-Sleeve Classic Jersey, M"",3,4/5/2014"
25531,872,Road Bottle Cage,4,4/5/2014
25533,922,Road Tire Tube,4,12/29/2013
25533,931,LL Road Tire,4,12/29/2013
"25535,707,""Sport-100 Helmet, Red"",4,2/2/2014"
25537,922,Road Tire Tube,4,3/24/2014
25538,870,Water Bottle - 30 oz.,4,8/26/2013
25539,712,AWC Logo Cap,3,10/13/2013
25542,712,AWC Logo Cap,3,4/24/2014
25543,931,LL Road Tire,4,4/26/2014
25543,922,Road Tire Tube,4,4/26/2014
"25545,707,""Sport-100 Helmet, Red"",4,5/28/2014"
"25546,714,""Long-Sleeve Logo Jersey, M"",3,3/31/2014"
25549,923,Touring Tire Tube,4,12/7/2013
25551,931,LL Road Tire,4,5/16/2014
25551,873,Patch Kit/8 Patches,4,5/16/2014
25552,870,Water Bottle - 30 oz.,4,5/8/2014
25554,873,Patch Kit/8 Patches,4,9/27/2013
25555,870,Water Bottle - 30 oz.,4,3/25/2014
"25555,859,""Half-Finger Gloves, M"",3,3/25/2014"
25556,872,Road Bottle Cage,4,3/8/2014
25557,931,LL Road Tire,4,3/26/2014
25558,872,Road Bottle Cage,4,3/3/2014
"25558,881,""Short-Sleeve Classic Jersey, S"",3,3/3/2014"
25559,870,Water Bottle - 30 oz.,4,3/17/2014
25560,872,Road Bottle Cage,4,3/20/2014
25560,870,Water Bottle - 30 oz.,4,3/20/2014
"25561,711,""Sport-100 Helmet, Blue"",4,3/25/2014"
25561,870,Water Bottle - 30 oz.,4,3/25/2014
25564,872,Road Bottle Cage,4,3/29/2014
25566,870,Water Bottle - 30 oz.,4,3/18/2014
25568,870,Water Bottle - 30 oz.,4,3/18/2014
"25569,713,""Long-Sleeve Logo Jersey, S"",3,11/9/2013"
"25569,707,""Sport-100 Helmet, Red"",4,11/9/2013"
25570,923,Touring Tire Tube,4,6/3/2014
25571,872,Road Bottle Cage,4,5/19/2014
25571,870,Water Bottle - 30 oz.,4,5/19/2014
"25572,711,""Sport-100 Helmet, Blue"",4,4/27/2014"
25572,872,Road Bottle Cage,4,4/27/2014
"25574,716,""Long-Sleeve Logo Jersey, XL"",3,11/26/2013"
"25579,707,""Sport-100 Helmet, Red"",4,8/27/2013"
25580,923,Touring Tire Tube,4,11/20/2013
25581,931,LL Road Tire,4,2/27/2014
25581,922,Road Tire Tube,4,2/27/2014
25582,712,AWC Logo Cap,3,5/8/2014
"25583,711,""Sport-100 Helmet, Blue"",4,5/15/2014"
"25584,711,""Sport-100 Helmet, Blue"",4,5/14/2014"
25584,870,Water Bottle - 30 oz.,4,5/14/2014
25585,870,Water Bottle - 30 oz.,4,5/28/2014
"25585,883,""Short-Sleeve Classic Jersey, L"",3,5/28/2014"
"25590,711,""Sport-100 Helmet, Blue"",4,5/14/2014"
25592,922,Road Tire Tube,4,10/4/2013
25595,870,Water Bottle - 30 oz.,4,5/23/2014
25598,932,ML Road Tire,4,5/6/2014
25598,922,Road Tire Tube,4,5/6/2014
"25601,707,""Sport-100 Helmet, Red"",4,5/3/2014"
"25602,881,""Short-Sleeve Classic Jersey, S"",3,1/13/2014"
25603,872,Road Bottle Cage,4,5/19/2014
"25603,707,""Sport-100 Helmet, Red"",4,5/19/2014"
25605,922,Road Tire Tube,4,6/15/2013
25605,931,LL Road Tire,4,6/15/2013
"25607,859,""Half-Finger Gloves, M"",3,1/16/2014"
25607,870,Water Bottle - 30 oz.,4,1/16/2014
25609,931,LL Road Tire,4,6/2/2013
25614,872,Road Bottle Cage,4,1/22/2014
25618,870,Water Bottle - 30 oz.,4,6/3/2013
"25619,716,""Long-Sleeve Logo Jersey, XL"",3,1/30/2014"
25620,921,Mountain Tire Tube,4,9/10/2013
"25621,713,""Long-Sleeve Logo Jersey, S"",3,3/1/2014"
25621,921,Mountain Tire Tube,4,3/1/2014
25622,870,Water Bottle - 30 oz.,4,11/15/2013
25623,870,Water Bottle - 30 oz.,4,11/23/2013
25624,873,Patch Kit/8 Patches,4,10/14/2013
25624,933,HL Road Tire,4,10/14/2013
25625,872,Road Bottle Cage,4,6/2/2013
"25625,707,""Sport-100 Helmet, Red"",4,6/2/2013"
"25627,711,""Sport-100 Helmet, Blue"",4,7/12/2013"
25627,712,AWC Logo Cap,3,7/12/2013
25628,922,Road Tire Tube,4,9/3/2013
25629,873,Patch Kit/8 Patches,4,9/22/2013
25630,923,Touring Tire Tube,4,9/2/2013
"25631,708,""Sport-100 Helmet, Black"",4,2/8/2014"
"25632,714,""Long-Sleeve Logo Jersey, M"",3,8/6/2013"
25633,922,Road Tire Tube,4,12/17/2013
"25633,711,""Sport-100 Helmet, Blue"",4,12/17/2013"
25633,931,LL Road Tire,4,12/17/2013
25637,933,HL Road Tire,4,1/2/2014
"25638,707,""Sport-100 Helmet, Red"",4,8/30/2013"
25639,870,Water Bottle - 30 oz.,4,3/19/2014
"25640,707,""Sport-100 Helmet, Red"",4,7/20/2013"
25642,712,AWC Logo Cap,3,7/27/2013
25643,923,Touring Tire Tube,4,10/29/2013
25644,872,Road Bottle Cage,4,3/3/2014
25644,870,Water Bottle - 30 oz.,4,3/3/2014
25647,931,LL Road Tire,4,8/24/2013
25650,931,LL Road Tire,4,2/23/2014
25650,922,Road Tire Tube,4,2/23/2014
"25651,716,""Long-Sleeve Logo Jersey, XL"",3,2/20/2014"
"25652,711,""Sport-100 Helmet, Blue"",4,2/2/2014"
25653,712,AWC Logo Cap,3,10/14/2013
"25654,711,""Sport-100 Helmet, Blue"",4,6/19/2014"
25655,877,Bike Wash - Dissolver,4,8/21/2013
25655,931,LL Road Tire,4,8/21/2013
25657,931,LL Road Tire,4,9/21/2013
"25657,711,""Sport-100 Helmet, Blue"",4,9/21/2013"
25657,922,Road Tire Tube,4,9/21/2013
25659,873,Patch Kit/8 Patches,4,9/17/2013
25659,931,LL Road Tire,4,9/17/2013
"25662,708,""Sport-100 Helmet, Black"",4,2/15/2014"
25662,880,Hydration Pack - 70 oz.,4,2/15/2014
25663,923,Touring Tire Tube,4,1/13/2014
"25663,707,""Sport-100 Helmet, Red"",4,1/13/2014"
25664,922,Road Tire Tube,4,3/21/2014
25664,931,LL Road Tire,4,3/21/2014
25666,923,Touring Tire Tube,4,11/3/2013
25667,873,Patch Kit/8 Patches,4,9/28/2013
"25668,707,""Sport-100 Helmet, Red"",4,1/22/2014"
"25668,714,""Long-Sleeve Logo Jersey, M"",3,1/22/2014"
25669,922,Road Tire Tube,4,9/2/2013
25670,712,AWC Logo Cap,3,4/26/2014
25670,923,Touring Tire Tube,4,4/26/2014
25671,712,AWC Logo Cap,3,8/13/2013
25672,873,Patch Kit/8 Patches,4,7/18/2013
25673,923,Touring Tire Tube,4,2/22/2014
"25676,883,""Short-Sleeve Classic Jersey, L"",3,10/13/2013"
25676,922,Road Tire Tube,4,10/13/2013
25677,923,Touring Tire Tube,4,11/21/2013
25678,922,Road Tire Tube,4,6/21/2014
"25678,707,""Sport-100 Helmet, Red"",4,6/21/2014"
"25679,707,""Sport-100 Helmet, Red"",4,2/6/2014"
25680,922,Road Tire Tube,4,11/15/2013
25680,873,Patch Kit/8 Patches,4,11/15/2013
25681,872,Road Bottle Cage,4,7/31/2013
25682,922,Road Tire Tube,4,10/27/2013
25683,923,Touring Tire Tube,4,4/17/2014
25683,873,Patch Kit/8 Patches,4,4/17/2014
25684,931,LL Road Tire,4,3/12/2014
25686,873,Patch Kit/8 Patches,4,8/20/2013
25687,922,Road Tire Tube,4,5/8/2014
25688,923,Touring Tire Tube,4,1/29/2014
"25688,707,""Sport-100 Helmet, Red"",4,1/29/2014"
25689,922,Road Tire Tube,4,12/10/2013
"25690,708,""Sport-100 Helmet, Black"",4,10/6/2013"
25691,931,LL Road Tire,4,8/2/2013
25691,922,Road Tire Tube,4,8/2/2013
"25692,882,""Short-Sleeve Classic Jersey, M"",3,8/9/2013"
25692,922,Road Tire Tube,4,8/9/2013
25693,870,Water Bottle - 30 oz.,4,5/15/2014
25693,877,Bike Wash - Dissolver,4,5/15/2014
25695,934,Touring Tire,4,11/6/2013
25696,712,AWC Logo Cap,3,2/28/2014
25696,923,Touring Tire Tube,4,2/28/2014
25697,934,Touring Tire,4,7/7/2013
25697,923,Touring Tire Tube,4,7/7/2013
25698,934,Touring Tire,4,2/5/2014
"25698,711,""Sport-100 Helmet, Blue"",4,2/5/2014"
"25699,711,""Sport-100 Helmet, Blue"",4,11/6/2013"
25699,712,AWC Logo Cap,3,11/6/2013
25701,931,LL Road Tire,4,7/14/2013
25701,922,Road Tire Tube,4,7/14/2013
25703,872,Road Bottle Cage,4,7/29/2013
25703,870,Water Bottle - 30 oz.,4,7/29/2013
25707,872,Road Bottle Cage,4,3/31/2014
25707,870,Water Bottle - 30 oz.,4,3/31/2014
25708,872,Road Bottle Cage,4,4/28/2014
25709,872,Road Bottle Cage,4,4/23/2014
25709,870,Water Bottle - 30 oz.,4,4/23/2014
25712,872,Road Bottle Cage,4,4/30/2014
25712,870,Water Bottle - 30 oz.,4,4/30/2014
"25713,711,""Sport-100 Helmet, Blue"",4,4/10/2014"
25713,870,Water Bottle - 30 oz.,4,4/10/2014
25714,872,Road Bottle Cage,4,4/29/2014
25714,880,Hydration Pack - 70 oz.,4,4/29/2014
25719,931,LL Road Tire,4,7/16/2013
25719,922,Road Tire Tube,4,7/16/2013
"25720,711,""Sport-100 Helmet, Blue"",4,9/1/2013"
25720,870,Water Bottle - 30 oz.,4,9/1/2013
"25721,708,""Sport-100 Helmet, Black"",4,8/23/2013"
25724,872,Road Bottle Cage,4,9/7/2013
25724,712,AWC Logo Cap,3,9/7/2013
"25724,711,""Sport-100 Helmet, Blue"",4,9/7/2013"
25726,872,Road Bottle Cage,4,8/5/2013
"25726,714,""Long-Sleeve Logo Jersey, M"",3,8/5/2013"
"25726,858,""Half-Finger Gloves, S"",3,8/5/2013"
"25726,708,""Sport-100 Helmet, Black"",4,8/5/2013"
"25729,707,""Sport-100 Helmet, Red"",4,10/20/2013"
25729,870,Water Bottle - 30 oz.,4,10/20/2013
"25730,716,""Long-Sleeve Logo Jersey, XL"",3,10/5/2013"
"25732,713,""Long-Sleeve Logo Jersey, S"",3,8/7/2013"
25732,872,Road Bottle Cage,4,8/7/2013
25732,870,Water Bottle - 30 oz.,4,8/7/2013
25733,872,Road Bottle Cage,4,12/31/2013
"25733,884,""Short-Sleeve Classic Jersey, XL"",3,12/31/2013"
25733,712,AWC Logo Cap,3,12/31/2013
25735,872,Road Bottle Cage,4,11/2/2013
25735,870,Water Bottle - 30 oz.,4,11/2/2013
"25736,707,""Sport-100 Helmet, Red"",4,11/4/2013"
25736,923,Touring Tire Tube,4,11/4/2013
25737,922,Road Tire Tube,4,2/10/2014
"25737,708,""Sport-100 Helmet, Black"",4,2/10/2014"
25738,870,Water Bottle - 30 oz.,4,11/24/2013
25741,922,Road Tire Tube,4,8/4/2013
25741,931,LL Road Tire,4,8/4/2013
25742,923,Touring Tire Tube,4,12/29/2013
25742,934,Touring Tire,4,12/29/2013
"25742,707,""Sport-100 Helmet, Red"",4,12/29/2013"
"25743,707,""Sport-100 Helmet, Red"",4,7/15/2013"
25744,873,Patch Kit/8 Patches,4,12/27/2013
25744,877,Bike Wash - Dissolver,4,12/27/2013
25744,923,Touring Tire Tube,4,12/27/2013
25745,923,Touring Tire Tube,4,12/28/2013
25745,934,Touring Tire,4,12/28/2013
25750,870,Water Bottle - 30 oz.,4,10/25/2013
25751,712,AWC Logo Cap,3,3/12/2014
25752,870,Water Bottle - 30 oz.,4,7/7/2013
25754,931,LL Road Tire,4,2/7/2014
25755,922,Road Tire Tube,4,1/29/2014
"25756,716,""Long-Sleeve Logo Jersey, XL"",3,12/21/2013"
"25756,858,""Half-Finger Gloves, S"",3,12/21/2013"
25757,931,LL Road Tire,4,9/6/2013
25757,922,Road Tire Tube,4,9/6/2013
"25758,707,""Sport-100 Helmet, Red"",4,12/11/2013"
25760,931,LL Road Tire,4,9/3/2013
25760,873,Patch Kit/8 Patches,4,9/3/2013
25761,712,AWC Logo Cap,3,9/2/2013
25761,870,Water Bottle - 30 oz.,4,9/2/2013
25762,880,Hydration Pack - 70 oz.,4,2/4/2014
25762,712,AWC Logo Cap,3,2/4/2014
25762,934,Touring Tire,4,2/4/2014
25762,923,Touring Tire Tube,4,2/4/2014
25763,873,Patch Kit/8 Patches,4,6/21/2014
25763,922,Road Tire Tube,4,6/21/2014
25764,922,Road Tire Tube,4,11/14/2013
25764,933,HL Road Tire,4,11/14/2013
"25767,711,""Sport-100 Helmet, Blue"",4,11/18/2013"
25767,934,Touring Tire,4,11/18/2013
25768,931,LL Road Tire,4,9/18/2013
25768,922,Road Tire Tube,4,9/18/2013
25769,922,Road Tire Tube,4,6/24/2013
25769,933,HL Road Tire,4,6/24/2013
25771,922,Road Tire Tube,4,3/15/2014
25772,931,LL Road Tire,4,1/5/2014
"25773,708,""Sport-100 Helmet, Black"",4,1/22/2014"
25773,922,Road Tire Tube,4,1/22/2014
"25774,708,""Sport-100 Helmet, Black"",4,2/4/2014"
"25774,715,""Long-Sleeve Logo Jersey, L"",3,2/4/2014"
25776,872,Road Bottle Cage,4,3/19/2014
25776,880,Hydration Pack - 70 oz.,4,3/19/2014
25776,873,Patch Kit/8 Patches,4,3/19/2014
25777,871,Mountain Bottle Cage,4,5/7/2014
25779,922,Road Tire Tube,4,6/5/2013
25780,933,HL Road Tire,4,6/24/2013
"25781,708,""Sport-100 Helmet, Black"",4,12/26/2013"
25782,870,Water Bottle - 30 oz.,4,10/28/2013
25787,873,Patch Kit/8 Patches,4,12/8/2013
25787,922,Road Tire Tube,4,12/8/2013
25788,931,LL Road Tire,4,7/20/2013
"25788,708,""Sport-100 Helmet, Black"",4,7/20/2013"
25789,922,Road Tire Tube,4,5/12/2014
25790,712,AWC Logo Cap,3,6/7/2014
25790,922,Road Tire Tube,4,6/7/2014
"25790,711,""Sport-100 Helmet, Blue"",4,6/7/2014"
25791,922,Road Tire Tube,4,4/29/2014
25791,931,LL Road Tire,4,4/29/2014
"25792,884,""Short-Sleeve Classic Jersey, XL"",3,5/11/2014"
25793,933,HL Road Tire,4,6/2/2013
25794,931,LL Road Tire,4,4/5/2014
25795,873,Patch Kit/8 Patches,4,6/10/2013
25795,933,HL Road Tire,4,6/10/2013
25799,712,AWC Logo Cap,3,7/2/2013
25800,870,Water Bottle - 30 oz.,4,10/13/2013
25802,931,LL Road Tire,4,6/28/2014
"25802,708,""Sport-100 Helmet, Black"",4,6/28/2014"
25803,931,LL Road Tire,4,7/14/2013
25805,872,Road Bottle Cage,4,4/27/2014
25805,712,AWC Logo Cap,3,4/27/2014
25805,870,Water Bottle - 30 oz.,4,4/27/2014
25806,873,Patch Kit/8 Patches,4,1/31/2014
25807,931,LL Road Tire,4,5/31/2014
25807,922,Road Tire Tube,4,5/31/2014
25808,923,Touring Tire Tube,4,2/19/2014
"25808,708,""Sport-100 Helmet, Black"",4,2/19/2014"
25808,934,Touring Tire,4,2/19/2014
25810,931,LL Road Tire,4,11/12/2013
"25810,883,""Short-Sleeve Classic Jersey, L"",3,11/12/2013"
25810,922,Road Tire Tube,4,11/12/2013
"25811,711,""Sport-100 Helmet, Blue"",4,7/1/2013"
"25811,859,""Half-Finger Gloves, M"",3,7/1/2013"
25811,878,Fender Set - Mountain,4,7/1/2013
25812,880,Hydration Pack - 70 oz.,4,5/2/2014
"25812,883,""Short-Sleeve Classic Jersey, L"",3,5/2/2014"
25813,878,Fender Set - Mountain,4,8/25/2013
25814,878,Fender Set - Mountain,4,2/1/2014
25814,921,Mountain Tire Tube,4,2/1/2014
"25815,707,""Sport-100 Helmet, Red"",4,7/17/2013"
25816,921,Mountain Tire Tube,4,12/30/2013
25817,873,Patch Kit/8 Patches,4,6/28/2014
25818,921,Mountain Tire Tube,4,9/23/2013
25818,712,AWC Logo Cap,3,9/23/2013
"25820,874,""Racing Socks, M"",3,7/14/2013"
25820,921,Mountain Tire Tube,4,7/14/2013
"25821,860,""Half-Finger Gloves, L"",3,1/24/2014"
25823,872,Road Bottle Cage,4,1/12/2014
25823,870,Water Bottle - 30 oz.,4,1/12/2014
"25824,707,""Sport-100 Helmet, Red"",4,3/4/2014"
"25829,716,""Long-Sleeve Logo Jersey, XL"",3,1/30/2014"
25830,872,Road Bottle Cage,4,2/21/2014
"25831,882,""Short-Sleeve Classic Jersey, M"",3,2/13/2014"
25832,922,Road Tire Tube,4,2/26/2014
25832,932,ML Road Tire,4,2/26/2014
25833,933,HL Road Tire,4,2/26/2014
25834,928,LL Mountain Tire,4,2/22/2014
25835,873,Patch Kit/8 Patches,4,7/19/2013
25836,873,Patch Kit/8 Patches,4,3/11/2014
25838,921,Mountain Tire Tube,4,6/1/2014
25838,928,LL Mountain Tire,4,6/1/2014
25839,928,LL Mountain Tire,4,7/8/2013
"25839,884,""Short-Sleeve Classic Jersey, XL"",3,7/8/2013"
25839,870,Water Bottle - 30 oz.,4,7/8/2013
25839,921,Mountain Tire Tube,4,7/8/2013
25841,921,Mountain Tire Tube,4,1/27/2014
"25841,711,""Sport-100 Helmet, Blue"",4,1/27/2014"
25842,873,Patch Kit/8 Patches,4,10/1/2013
25843,928,LL Mountain Tire,4,11/23/2013
25845,712,AWC Logo Cap,3,5/26/2014
"25846,708,""Sport-100 Helmet, Black"",4,2/16/2014"
25846,921,Mountain Tire Tube,4,2/16/2014
25848,928,LL Mountain Tire,4,9/8/2013
25849,928,LL Mountain Tire,4,7/9/2013
25849,873,Patch Kit/8 Patches,4,7/9/2013
"25850,708,""Sport-100 Helmet, Black"",4,10/25/2013"
25850,870,Water Bottle - 30 oz.,4,10/25/2013
25852,921,Mountain Tire Tube,4,10/25/2013
25853,873,Patch Kit/8 Patches,4,5/27/2014
25854,873,Patch Kit/8 Patches,4,11/2/2013
25855,877,Bike Wash - Dissolver,4,7/28/2013
25855,928,LL Mountain Tire,4,7/28/2013
25855,921,Mountain Tire Tube,4,7/28/2013
25858,921,Mountain Tire Tube,4,6/29/2014
25858,873,Patch Kit/8 Patches,4,6/29/2014
25859,921,Mountain Tire Tube,4,11/14/2013
25859,928,LL Mountain Tire,4,11/14/2013
25860,873,Patch Kit/8 Patches,4,2/26/2014
25862,921,Mountain Tire Tube,4,1/25/2014
"25862,708,""Sport-100 Helmet, Black"",4,1/25/2014"
25863,873,Patch Kit/8 Patches,4,12/26/2013
25863,870,Water Bottle - 30 oz.,4,12/26/2013
25866,872,Road Bottle Cage,4,1/6/2014
25868,870,Water Bottle - 30 oz.,4,11/5/2013
"25869,716,""Long-Sleeve Logo Jersey, XL"",3,1/19/2014"
25869,928,LL Mountain Tire,4,1/19/2014
25870,928,LL Mountain Tire,4,11/4/2013
25870,877,Bike Wash - Dissolver,4,11/4/2013
25871,928,LL Mountain Tire,4,2/6/2014
25871,921,Mountain Tire Tube,4,2/6/2014
25873,921,Mountain Tire Tube,4,4/5/2014
25874,873,Patch Kit/8 Patches,4,4/7/2014
25876,877,Bike Wash - Dissolver,4,1/18/2014
25876,873,Patch Kit/8 Patches,4,1/18/2014
25877,928,LL Mountain Tire,4,6/26/2014
25877,921,Mountain Tire Tube,4,6/26/2014
"25879,707,""Sport-100 Helmet, Red"",4,1/17/2014"
25880,928,LL Mountain Tire,4,2/23/2014
25880,921,Mountain Tire Tube,4,2/23/2014
25882,928,LL Mountain Tire,4,10/29/2013
25882,921,Mountain Tire Tube,4,10/29/2013
25884,870,Water Bottle - 30 oz.,4,11/10/2013
25885,880,Hydration Pack - 70 oz.,4,1/24/2014
25886,934,Touring Tire,4,1/16/2014
25886,923,Touring Tire Tube,4,1/16/2014
"25887,860,""Half-Finger Gloves, L"",3,1/20/2014"
25887,934,Touring Tire,4,1/20/2014
25888,934,Touring Tire,4,12/31/2013
25889,923,Touring Tire Tube,4,1/18/2014
25889,934,Touring Tire,4,1/18/2014
"25894,859,""Half-Finger Gloves, M"",3,12/26/2013"
25896,933,HL Road Tire,4,11/25/2013
25896,922,Road Tire Tube,4,11/25/2013
"25896,708,""Sport-100 Helmet, Black"",4,11/25/2013"
25898,933,HL Road Tire,4,12/7/2013
25898,922,Road Tire Tube,4,12/7/2013
"25899,711,""Sport-100 Helmet, Blue"",4,8/11/2013"
25899,933,HL Road Tire,4,8/11/2013
25900,712,AWC Logo Cap,3,10/18/2013
25902,921,Mountain Tire Tube,4,7/25/2013
"25902,711,""Sport-100 Helmet, Blue"",4,7/25/2013"
25903,872,Road Bottle Cage,4,11/5/2013
25904,928,LL Mountain Tire,4,5/4/2014
25904,921,Mountain Tire Tube,4,5/4/2014
"25904,708,""Sport-100 Helmet, Black"",4,5/4/2014"
25906,873,Patch Kit/8 Patches,4,4/15/2014
25907,922,Road Tire Tube,4,6/16/2014
25908,873,Patch Kit/8 Patches,4,6/28/2014
"25909,711,""Sport-100 Helmet, Blue"",4,2/9/2014"
25909,923,Touring Tire Tube,4,2/9/2014
"25912,707,""Sport-100 Helmet, Red"",4,11/27/2013"
25912,922,Road Tire Tube,4,11/27/2013
25913,873,Patch Kit/8 Patches,4,4/16/2014
25914,928,LL Mountain Tire,4,1/27/2014
25914,877,Bike Wash - Dissolver,4,1/27/2014
25915,923,Touring Tire Tube,4,3/29/2014
25915,934,Touring Tire,4,3/29/2014
"25917,716,""Long-Sleeve Logo Jersey, XL"",3,2/18/2014"
25921,870,Water Bottle - 30 oz.,4,4/2/2014
25923,922,Road Tire Tube,4,7/5/2013
25925,870,Water Bottle - 30 oz.,4,9/29/2013
25926,880,Hydration Pack - 70 oz.,4,4/19/2014
25926,872,Road Bottle Cage,4,4/19/2014
25927,877,Bike Wash - Dissolver,4,4/17/2014
25927,931,LL Road Tire,4,4/17/2014
"25928,881,""Short-Sleeve Classic Jersey, S"",3,4/6/2014"
25928,870,Water Bottle - 30 oz.,4,4/6/2014
25928,872,Road Bottle Cage,4,4/6/2014
25929,873,Patch Kit/8 Patches,4,9/10/2013
25930,928,LL Mountain Tire,4,11/5/2013
25931,928,LL Mountain Tire,4,12/24/2013
25932,928,LL Mountain Tire,4,6/23/2014
25933,928,LL Mountain Tire,4,1/28/2014
25934,921,Mountain Tire Tube,4,6/1/2014
"25934,711,""Sport-100 Helmet, Blue"",4,6/1/2014"
25935,872,Road Bottle Cage,4,4/30/2014
"25937,707,""Sport-100 Helmet, Red"",4,4/8/2014"
25937,922,Road Tire Tube,4,4/8/2014
25938,870,Water Bottle - 30 oz.,4,4/4/2014
25938,872,Road Bottle Cage,4,4/4/2014
25939,922,Road Tire Tube,4,4/9/2014
"25940,859,""Half-Finger Gloves, M"",3,4/24/2014"
25940,872,Road Bottle Cage,4,4/24/2014
25941,870,Water Bottle - 30 oz.,4,4/27/2014
25941,872,Road Bottle Cage,4,4/27/2014
"25943,708,""Sport-100 Helmet, Black"",4,12/12/2013"
25943,870,Water Bottle - 30 oz.,4,12/12/2013
25949,712,AWC Logo Cap,3,2/23/2014
25950,928,LL Mountain Tire,4,5/20/2014
25950,921,Mountain Tire Tube,4,5/20/2014
25950,873,Patch Kit/8 Patches,4,5/20/2014
"25951,884,""Short-Sleeve Classic Jersey, XL"",3,2/27/2014"
"25951,860,""Half-Finger Gloves, L"",3,2/27/2014"
"25953,708,""Sport-100 Helmet, Black"",4,8/28/2013"
25954,928,LL Mountain Tire,4,10/27/2013
"25957,860,""Half-Finger Gloves, L"",3,11/14/2013"
25957,921,Mountain Tire Tube,4,11/14/2013
25957,928,LL Mountain Tire,4,11/14/2013
25959,928,LL Mountain Tire,4,9/8/2013
25965,928,LL Mountain Tire,4,10/14/2013
25965,873,Patch Kit/8 Patches,4,10/14/2013
25966,928,LL Mountain Tire,4,12/7/2013
25967,921,Mountain Tire Tube,4,12/1/2013
25970,870,Water Bottle - 30 oz.,4,3/26/2014
25971,922,Road Tire Tube,4,10/16/2013
25971,873,Patch Kit/8 Patches,4,10/16/2013
25972,870,Water Bottle - 30 oz.,4,12/21/2013
25972,872,Road Bottle Cage,4,12/21/2013
25975,870,Water Bottle - 30 oz.,4,12/16/2013
25975,872,Road Bottle Cage,4,12/16/2013
25983,928,LL Mountain Tire,4,1/11/2014
25985,934,Touring Tire,4,3/26/2014
"25985,707,""Sport-100 Helmet, Red"",4,3/26/2014"
25988,921,Mountain Tire Tube,4,1/22/2014
25988,928,LL Mountain Tire,4,1/22/2014
25989,712,AWC Logo Cap,3,10/31/2013
25989,870,Water Bottle - 30 oz.,4,10/31/2013
25990,712,AWC Logo Cap,3,12/11/2013
25991,922,Road Tire Tube,4,11/7/2013
25991,931,LL Road Tire,4,11/7/2013
"25991,864,""Classic Vest, S"",3,11/7/2013"
25993,923,Touring Tire Tube,4,3/5/2014
25993,934,Touring Tire,4,3/5/2014
25994,873,Patch Kit/8 Patches,4,3/8/2014
25994,923,Touring Tire Tube,4,3/8/2014
26000,928,LL Mountain Tire,4,11/1/2013
26000,921,Mountain Tire Tube,4,11/1/2013
26001,923,Touring Tire Tube,4,4/9/2014
26001,934,Touring Tire,4,4/9/2014
"26002,711,""Sport-100 Helmet, Blue"",4,4/5/2014"
"26002,716,""Long-Sleeve Logo Jersey, XL"",3,4/5/2014"
"26003,858,""Half-Finger Gloves, S"",3,4/6/2014"
26003,934,Touring Tire,4,4/6/2014
26004,934,Touring Tire,4,4/5/2014
26004,923,Touring Tire Tube,4,4/5/2014
26008,928,LL Mountain Tire,4,6/22/2014
26009,928,LL Mountain Tire,4,5/30/2014
26009,877,Bike Wash - Dissolver,4,5/30/2014
26009,921,Mountain Tire Tube,4,5/30/2014
"26014,864,""Classic Vest, S"",3,4/14/2014"
26016,923,Touring Tire Tube,4,4/13/2014
26016,934,Touring Tire,4,4/13/2014
"26016,860,""Half-Finger Gloves, L"",3,4/13/2014"
26017,921,Mountain Tire Tube,4,7/6/2013
"26017,860,""Half-Finger Gloves, L"",3,7/6/2013"
26017,928,LL Mountain Tire,4,7/6/2013
"26018,711,""Sport-100 Helmet, Blue"",4,12/6/2013"
26020,932,ML Road Tire,4,3/18/2014
26021,870,Water Bottle - 30 oz.,4,3/22/2014
26023,870,Water Bottle - 30 oz.,4,2/26/2014
"26024,708,""Sport-100 Helmet, Black"",4,3/8/2014"
26024,872,Road Bottle Cage,4,3/8/2014
26025,870,Water Bottle - 30 oz.,4,3/24/2014
26029,873,Patch Kit/8 Patches,4,3/23/2014
26031,931,LL Road Tire,4,6/27/2014
26032,921,Mountain Tire Tube,4,7/8/2013
26035,922,Road Tire Tube,4,12/19/2013
26035,931,LL Road Tire,4,12/19/2013
26036,931,LL Road Tire,4,4/6/2014
"26036,866,""Classic Vest, L"",3,4/6/2014"
26037,922,Road Tire Tube,4,7/24/2013
26038,870,Water Bottle - 30 oz.,4,1/29/2014
26038,872,Road Bottle Cage,4,1/29/2014
26038,880,Hydration Pack - 70 oz.,4,1/29/2014
26039,928,LL Mountain Tire,4,4/7/2014
26041,870,Water Bottle - 30 oz.,4,12/18/2013
26041,880,Hydration Pack - 70 oz.,4,12/18/2013
26041,872,Road Bottle Cage,4,12/18/2013
26043,879,All-Purpose Bike Stand,4,3/31/2014
26043,928,LL Mountain Tire,4,3/31/2014
26043,921,Mountain Tire Tube,4,3/31/2014
"26044,711,""Sport-100 Helmet, Blue"",4,9/20/2013"
26044,878,Fender Set - Mountain,4,9/20/2013
26044,928,LL Mountain Tire,4,9/20/2013
26045,873,Patch Kit/8 Patches,4,3/1/2014
"26046,864,""Classic Vest, S"",3,3/6/2014"
26046,928,LL Mountain Tire,4,3/6/2014
26047,921,Mountain Tire Tube,4,10/20/2013
26047,928,LL Mountain Tire,4,10/20/2013
26048,928,LL Mountain Tire,4,12/25/2013
26048,921,Mountain Tire Tube,4,12/25/2013
26048,873,Patch Kit/8 Patches,4,12/25/2013
26053,873,Patch Kit/8 Patches,4,8/19/2013
26057,923,Touring Tire Tube,4,12/23/2013
26057,934,Touring Tire,4,12/23/2013
"26057,715,""Long-Sleeve Logo Jersey, L"",3,12/23/2013"
"26057,859,""Half-Finger Gloves, M"",3,12/23/2013"
26059,928,LL Mountain Tire,4,10/14/2013
26059,921,Mountain Tire Tube,4,10/14/2013
"26059,881,""Short-Sleeve Classic Jersey, S"",3,10/14/2013"
"26062,858,""Half-Finger Gloves, S"",3,10/18/2013"
26063,928,LL Mountain Tire,4,3/31/2014
"26064,858,""Half-Finger Gloves, S"",3,11/28/2013"
"26065,858,""Half-Finger Gloves, S"",3,3/19/2014"
26066,872,Road Bottle Cage,4,12/18/2013
26066,870,Water Bottle - 30 oz.,4,12/18/2013
26066,712,AWC Logo Cap,3,12/18/2013
26067,921,Mountain Tire Tube,4,4/20/2014
"26067,708,""Sport-100 Helmet, Black"",4,4/20/2014"
26069,878,Fender Set - Mountain,4,8/5/2013
"26069,859,""Half-Finger Gloves, M"",3,8/5/2013"
"26071,860,""Half-Finger Gloves, L"",3,9/22/2013"
"26071,707,""Sport-100 Helmet, Red"",4,9/22/2013"
26071,928,LL Mountain Tire,4,9/22/2013
26073,880,Hydration Pack - 70 oz.,4,4/29/2014
26074,921,Mountain Tire Tube,4,1/25/2014
"26076,714,""Long-Sleeve Logo Jersey, M"",3,11/21/2013"
26076,878,Fender Set - Mountain,4,11/21/2013
26077,873,Patch Kit/8 Patches,4,4/26/2014
26078,928,LL Mountain Tire,4,7/27/2013
26078,921,Mountain Tire Tube,4,7/27/2013
26079,928,LL Mountain Tire,4,12/14/2013
26079,921,Mountain Tire Tube,4,12/14/2013
26081,921,Mountain Tire Tube,4,8/12/2013
"26081,711,""Sport-100 Helmet, Blue"",4,8/12/2013"
"26085,707,""Sport-100 Helmet, Red"",4,11/17/2013"
"26085,858,""Half-Finger Gloves, S"",3,11/17/2013"
26086,921,Mountain Tire Tube,4,3/23/2014
26086,876,Hitch Rack - 4-Bike,4,3/23/2014
"26087,707,""Sport-100 Helmet, Red"",4,3/13/2014"
26087,921,Mountain Tire Tube,4,3/13/2014
"26088,859,""Half-Finger Gloves, M"",3,2/13/2014"
26089,870,Water Bottle - 30 oz.,4,1/21/2014
26091,870,Water Bottle - 30 oz.,4,12/31/2013
26091,880,Hydration Pack - 70 oz.,4,12/31/2013
"26092,707,""Sport-100 Helmet, Red"",4,5/17/2014"
26092,921,Mountain Tire Tube,4,5/17/2014
26093,870,Water Bottle - 30 oz.,4,4/22/2014
"26093,881,""Short-Sleeve Classic Jersey, S"",3,4/22/2014"
"26094,860,""Half-Finger Gloves, L"",3,4/4/2014"
26094,934,Touring Tire,4,4/4/2014
26095,873,Patch Kit/8 Patches,4,1/12/2014
26095,921,Mountain Tire Tube,4,1/12/2014
"26096,860,""Half-Finger Gloves, L"",3,1/14/2014"
26097,870,Water Bottle - 30 oz.,4,1/22/2014
"26099,707,""Sport-100 Helmet, Red"",4,10/16/2013"
26100,870,Water Bottle - 30 oz.,4,6/17/2014
26102,873,Patch Kit/8 Patches,4,8/31/2013
26102,876,Hitch Rack - 4-Bike,4,8/31/2013
26103,873,Patch Kit/8 Patches,4,6/9/2014
26103,928,LL Mountain Tire,4,6/9/2014
26104,928,LL Mountain Tire,4,1/21/2014
26104,921,Mountain Tire Tube,4,1/21/2014
"26104,716,""Long-Sleeve Logo Jersey, XL"",3,1/21/2014"
26105,873,Patch Kit/8 Patches,4,11/12/2013
26105,921,Mountain Tire Tube,4,11/12/2013
26105,928,LL Mountain Tire,4,11/12/2013
26107,870,Water Bottle - 30 oz.,4,1/20/2014
26107,872,Road Bottle Cage,4,1/20/2014
26108,921,Mountain Tire Tube,4,6/7/2014
26108,928,LL Mountain Tire,4,6/7/2014
26109,928,LL Mountain Tire,4,3/24/2014
26109,921,Mountain Tire Tube,4,3/24/2014
26114,872,Road Bottle Cage,4,1/6/2014
26114,880,Hydration Pack - 70 oz.,4,1/6/2014
"26115,707,""Sport-100 Helmet, Red"",4,12/17/2013"
26115,931,LL Road Tire,4,12/17/2013
26115,922,Road Tire Tube,4,12/17/2013
26117,873,Patch Kit/8 Patches,4,10/23/2013
26117,921,Mountain Tire Tube,4,10/23/2013
26118,928,LL Mountain Tire,4,11/18/2013
26118,873,Patch Kit/8 Patches,4,11/18/2013
"26119,711,""Sport-100 Helmet, Blue"",4,5/17/2014"
26119,928,LL Mountain Tire,4,5/17/2014
"26120,708,""Sport-100 Helmet, Black"",4,4/30/2014"
26120,870,Water Bottle - 30 oz.,4,4/30/2014
26121,870,Water Bottle - 30 oz.,4,4/24/2014
26122,921,Mountain Tire Tube,4,5/21/2014
"26122,708,""Sport-100 Helmet, Black"",4,5/21/2014"
"26123,708,""Sport-100 Helmet, Black"",4,7/13/2013"
26123,921,Mountain Tire Tube,4,7/13/2013
26124,921,Mountain Tire Tube,4,11/11/2013
26124,928,LL Mountain Tire,4,11/11/2013
26125,921,Mountain Tire Tube,4,11/3/2013
26128,923,Touring Tire Tube,4,12/7/2013
"26128,711,""Sport-100 Helmet, Blue"",4,12/7/2013"
"26131,711,""Sport-100 Helmet, Blue"",4,2/9/2014"
26131,870,Water Bottle - 30 oz.,4,2/9/2014
26132,921,Mountain Tire Tube,4,7/3/2013
26134,712,AWC Logo Cap,3,3/18/2014
26134,872,Road Bottle Cage,4,3/18/2014
"26135,707,""Sport-100 Helmet, Red"",4,3/1/2014"
26135,922,Road Tire Tube,4,3/1/2014
"26136,707,""Sport-100 Helmet, Red"",4,1/10/2014"
"26139,875,""Racing Socks, L"",3,8/2/2013"
26139,922,Road Tire Tube,4,8/2/2013
26140,870,Water Bottle - 30 oz.,4,3/20/2014
"26141,869,""Women's Mountain Shorts, L"",3,7/10/2013"
"26142,707,""Sport-100 Helmet, Red"",4,2/12/2014"
26142,872,Road Bottle Cage,4,2/12/2014
"26143,884,""Short-Sleeve Classic Jersey, XL"",3,12/4/2013"
26144,931,LL Road Tire,4,10/5/2013
26144,873,Patch Kit/8 Patches,4,10/5/2013
"26145,869,""Women's Mountain Shorts, L"",3,12/7/2013"
"26147,867,""Women's Mountain Shorts, S"",3,5/24/2014"
26148,872,Road Bottle Cage,4,4/13/2014
"26149,869,""Women's Mountain Shorts, L"",3,3/6/2014"
"26150,883,""Short-Sleeve Classic Jersey, L"",3,4/30/2014"
"26155,716,""Long-Sleeve Logo Jersey, XL"",3,2/25/2014"
"26155,869,""Women's Mountain Shorts, L"",3,2/25/2014"
"26156,868,""Women's Mountain Shorts, M"",3,1/17/2014"
"26158,868,""Women's Mountain Shorts, M"",3,10/2/2013"
"26163,884,""Short-Sleeve Classic Jersey, XL"",3,8/24/2013"
"26166,716,""Long-Sleeve Logo Jersey, XL"",3,5/26/2014"
"26166,869,""Women's Mountain Shorts, L"",3,5/26/2014"
26168,934,Touring Tire,4,4/20/2014
26169,873,Patch Kit/8 Patches,4,4/21/2014
26169,923,Touring Tire Tube,4,4/21/2014
26171,873,Patch Kit/8 Patches,4,11/5/2013
26172,873,Patch Kit/8 Patches,4,6/26/2014
26175,923,Touring Tire Tube,4,8/17/2013
26175,934,Touring Tire,4,8/17/2013
"26177,859,""Half-Finger Gloves, M"",3,2/7/2014"
26178,878,Fender Set - Mountain,4,3/14/2014
"26178,716,""Long-Sleeve Logo Jersey, XL"",3,3/14/2014"
26178,921,Mountain Tire Tube,4,3/14/2014
"26179,711,""Sport-100 Helmet, Blue"",4,8/26/2013"
26181,921,Mountain Tire Tube,4,9/11/2013
26181,928,LL Mountain Tire,4,9/11/2013
26182,922,Road Tire Tube,4,4/2/2014
26184,923,Touring Tire Tube,4,9/7/2013
26184,934,Touring Tire,4,9/7/2013
"26185,884,""Short-Sleeve Classic Jersey, XL"",3,11/2/2013"
26185,712,AWC Logo Cap,3,11/2/2013
26186,922,Road Tire Tube,4,4/22/2014
26187,922,Road Tire Tube,4,2/20/2014
26189,870,Water Bottle - 30 oz.,4,3/3/2014
26189,712,AWC Logo Cap,3,3/3/2014
26190,922,Road Tire Tube,4,3/17/2014
26193,877,Bike Wash - Dissolver,4,6/4/2014
26193,928,LL Mountain Tire,4,6/4/2014
26194,878,Fender Set - Mountain,4,5/8/2014
26194,921,Mountain Tire Tube,4,5/8/2014
26194,871,Mountain Bottle Cage,4,5/8/2014
26194,870,Water Bottle - 30 oz.,4,5/8/2014
26195,928,LL Mountain Tire,4,7/5/2013
26196,921,Mountain Tire Tube,4,1/22/2014
26197,921,Mountain Tire Tube,4,6/12/2014
26197,928,LL Mountain Tire,4,6/12/2014
26198,928,LL Mountain Tire,4,2/2/2014
26201,934,Touring Tire,4,1/7/2014
26201,923,Touring Tire Tube,4,1/7/2014
26202,873,Patch Kit/8 Patches,4,12/9/2013
26202,931,LL Road Tire,4,12/9/2013
26203,879,All-Purpose Bike Stand,4,3/23/2014
26203,928,LL Mountain Tire,4,3/23/2014
26204,932,ML Road Tire,4,4/21/2014
"26204,707,""Sport-100 Helmet, Red"",4,4/21/2014"
26208,712,AWC Logo Cap,3,11/25/2013
"26208,707,""Sport-100 Helmet, Red"",4,11/25/2013"
26210,872,Road Bottle Cage,4,9/2/2013
26211,931,LL Road Tire,4,9/10/2013
26212,931,LL Road Tire,4,3/7/2014
26213,712,AWC Logo Cap,3,4/15/2014
26214,872,Road Bottle Cage,4,10/28/2013
26215,712,AWC Logo Cap,3,5/28/2014
26216,922,Road Tire Tube,4,12/15/2013
"26216,884,""Short-Sleeve Classic Jersey, XL"",3,12/15/2013"
"26217,707,""Sport-100 Helmet, Red"",4,4/27/2014"
26218,922,Road Tire Tube,4,9/12/2013
26219,931,LL Road Tire,4,10/17/2013
26223,870,Water Bottle - 30 oz.,4,2/25/2014
26223,872,Road Bottle Cage,4,2/25/2014
26230,872,Road Bottle Cage,4,3/11/2014
"26231,707,""Sport-100 Helmet, Red"",4,4/17/2014"
26231,932,ML Road Tire,4,4/17/2014
"26233,707,""Sport-100 Helmet, Red"",4,7/7/2013"
26233,712,AWC Logo Cap,3,7/7/2013
"26236,707,""Sport-100 Helmet, Red"",4,6/18/2014"
26237,873,Patch Kit/8 Patches,4,7/25/2013
26239,921,Mountain Tire Tube,4,4/11/2014
26239,928,LL Mountain Tire,4,4/11/2014
26240,921,Mountain Tire Tube,4,9/27/2013
26241,934,Touring Tire,4,4/8/2014
26242,880,Hydration Pack - 70 oz.,4,9/21/2013
26242,870,Water Bottle - 30 oz.,4,9/21/2013
26243,928,LL Mountain Tire,4,5/9/2014
"26244,860,""Half-Finger Gloves, L"",3,1/29/2014"
26246,873,Patch Kit/8 Patches,4,3/6/2014
26248,923,Touring Tire Tube,4,12/6/2013
"26248,707,""Sport-100 Helmet, Red"",4,12/6/2013"
26250,934,Touring Tire,4,7/17/2013
26250,876,Hitch Rack - 4-Bike,4,7/17/2013
26250,923,Touring Tire Tube,4,7/17/2013
"26251,711,""Sport-100 Helmet, Blue"",4,5/14/2014"
26251,923,Touring Tire Tube,4,5/14/2014
26252,923,Touring Tire Tube,4,4/22/2014
26252,934,Touring Tire,4,4/22/2014
26253,923,Touring Tire Tube,4,11/11/2013
26254,934,Touring Tire,4,12/14/2013
26255,873,Patch Kit/8 Patches,4,3/7/2014
26255,934,Touring Tire,4,3/7/2014
"26256,711,""Sport-100 Helmet, Blue"",4,3/11/2014"
26256,923,Touring Tire Tube,4,3/11/2014
"26256,858,""Half-Finger Gloves, S"",3,3/11/2014"
26257,870,Water Bottle - 30 oz.,4,2/3/2014
26257,923,Touring Tire Tube,4,2/3/2014
26257,934,Touring Tire,4,2/3/2014
"26257,708,""Sport-100 Helmet, Black"",4,2/3/2014"
26258,873,Patch Kit/8 Patches,4,3/8/2014
26258,923,Touring Tire Tube,4,3/8/2014
26259,923,Touring Tire Tube,4,9/1/2013
26259,934,Touring Tire,4,9/1/2013
26260,923,Touring Tire Tube,4,10/20/2013
26260,934,Touring Tire,4,10/20/2013
"26260,708,""Sport-100 Helmet, Black"",4,10/20/2013"
26261,879,All-Purpose Bike Stand,4,9/20/2013
26261,934,Touring Tire,4,9/20/2013
26261,923,Touring Tire Tube,4,9/20/2013
"26262,711,""Sport-100 Helmet, Blue"",4,11/17/2013"
26262,934,Touring Tire,4,11/17/2013
26264,873,Patch Kit/8 Patches,4,8/21/2013
26265,873,Patch Kit/8 Patches,4,4/3/2014
26265,923,Touring Tire Tube,4,4/3/2014
"26266,711,""Sport-100 Helmet, Blue"",4,10/23/2013"
26266,934,Touring Tire,4,10/23/2013
26266,923,Touring Tire Tube,4,10/23/2013
26268,922,Road Tire Tube,4,10/4/2013
26268,931,LL Road Tire,4,10/4/2013
"26269,874,""Racing Socks, M"",3,1/23/2014"
26271,873,Patch Kit/8 Patches,4,12/22/2013
26272,931,LL Road Tire,4,7/9/2013
"26272,707,""Sport-100 Helmet, Red"",4,7/9/2013"
26273,922,Road Tire Tube,4,11/30/2013
26273,931,LL Road Tire,4,11/30/2013
26275,928,LL Mountain Tire,4,12/10/2013
"26276,881,""Short-Sleeve Classic Jersey, S"",3,4/20/2014"
"26276,707,""Sport-100 Helmet, Red"",4,4/20/2014"
26278,921,Mountain Tire Tube,4,7/6/2013
"26281,707,""Sport-100 Helmet, Red"",4,5/17/2014"
26281,870,Water Bottle - 30 oz.,4,5/17/2014
"26282,713,""Long-Sleeve Logo Jersey, S"",3,5/21/2014"
26282,928,LL Mountain Tire,4,5/21/2014
26282,921,Mountain Tire Tube,4,5/21/2014
26282,712,AWC Logo Cap,3,5/21/2014
"26283,714,""Long-Sleeve Logo Jersey, M"",3,5/19/2014"
26284,928,LL Mountain Tire,4,3/7/2014
26285,872,Road Bottle Cage,4,5/10/2014
26285,712,AWC Logo Cap,3,5/10/2014
26286,923,Touring Tire Tube,4,5/19/2014
26286,877,Bike Wash - Dissolver,4,5/19/2014
26286,934,Touring Tire,4,5/19/2014
26287,877,Bike Wash - Dissolver,4,10/16/2013
26287,873,Patch Kit/8 Patches,4,10/16/2013
26288,928,LL Mountain Tire,4,6/15/2014
26289,921,Mountain Tire Tube,4,11/25/2013
26291,928,LL Mountain Tire,4,8/11/2013
26291,877,Bike Wash - Dissolver,4,8/11/2013
26292,712,AWC Logo Cap,3,1/5/2014
26292,872,Road Bottle Cage,4,1/5/2014
26293,870,Water Bottle - 30 oz.,4,1/26/2014
26293,872,Road Bottle Cage,4,1/26/2014
26296,934,Touring Tire,4,5/26/2014
"26296,708,""Sport-100 Helmet, Black"",4,5/26/2014"
26297,712,AWC Logo Cap,3,5/23/2014
26297,870,Water Bottle - 30 oz.,4,5/23/2014
"26299,711,""Sport-100 Helmet, Blue"",4,5/14/2014"
26299,870,Water Bottle - 30 oz.,4,5/14/2014
"26299,714,""Long-Sleeve Logo Jersey, M"",3,5/14/2014"
26299,934,Touring Tire,4,5/14/2014
"26302,708,""Sport-100 Helmet, Black"",4,5/17/2014"
26302,923,Touring Tire Tube,4,5/17/2014
26302,934,Touring Tire,4,5/17/2014
26312,870,Water Bottle - 30 oz.,4,6/8/2013
26312,872,Road Bottle Cage,4,6/8/2013
26314,922,Road Tire Tube,4,10/15/2013
"26314,866,""Classic Vest, L"",3,10/15/2013"
26315,923,Touring Tire Tube,4,7/24/2013
"26317,707,""Sport-100 Helmet, Red"",4,7/17/2013"
26317,872,Road Bottle Cage,4,7/17/2013
26318,870,Water Bottle - 30 oz.,4,1/16/2014
26319,872,Road Bottle Cage,4,1/21/2014
26319,870,Water Bottle - 30 oz.,4,1/21/2014
26321,870,Water Bottle - 30 oz.,4,12/6/2013
"26322,707,""Sport-100 Helmet, Red"",4,7/30/2013"
26323,928,LL Mountain Tire,4,4/18/2014
26325,870,Water Bottle - 30 oz.,4,1/24/2014
26325,712,AWC Logo Cap,3,1/24/2014
"26328,707,""Sport-100 Helmet, Red"",4,1/5/2014"
26329,870,Water Bottle - 30 oz.,4,8/16/2013
26329,880,Hydration Pack - 70 oz.,4,8/16/2013
26332,928,LL Mountain Tire,4,1/16/2014
26333,873,Patch Kit/8 Patches,4,10/6/2013
26333,928,LL Mountain Tire,4,10/6/2013
26334,928,LL Mountain Tire,4,2/28/2014
"26335,858,""Half-Finger Gloves, S"",3,9/12/2013"
"26335,711,""Sport-100 Helmet, Blue"",4,9/12/2013"
26335,928,LL Mountain Tire,4,9/12/2013
26336,928,LL Mountain Tire,4,6/19/2014
26337,928,LL Mountain Tire,4,9/25/2013
26340,921,Mountain Tire Tube,4,7/25/2013
26340,928,LL Mountain Tire,4,7/25/2013
26342,923,Touring Tire Tube,4,1/4/2014
"26345,858,""Half-Finger Gloves, S"",3,1/8/2014"
"26346,708,""Sport-100 Helmet, Black"",4,11/23/2013"
26346,928,LL Mountain Tire,4,11/23/2013
"26348,708,""Sport-100 Helmet, Black"",4,7/11/2013"
"26348,714,""Long-Sleeve Logo Jersey, M"",3,7/11/2013"
26349,928,LL Mountain Tire,4,9/2/2013
26352,712,AWC Logo Cap,3,3/3/2014
26353,922,Road Tire Tube,4,4/6/2014
26353,932,ML Road Tire,4,4/6/2014
"26353,708,""Sport-100 Helmet, Black"",4,4/6/2014"
"26355,883,""Short-Sleeve Classic Jersey, L"",3,5/6/2014"
26358,931,LL Road Tire,4,10/15/2013
26359,922,Road Tire Tube,4,10/20/2013
26359,931,LL Road Tire,4,10/20/2013
"26361,713,""Long-Sleeve Logo Jersey, S"",3,6/29/2014"
26362,873,Patch Kit/8 Patches,4,3/18/2014
26362,923,Touring Tire Tube,4,3/18/2014
26363,712,AWC Logo Cap,3,4/20/2014
26364,922,Road Tire Tube,4,1/9/2014
26365,712,AWC Logo Cap,3,7/31/2013
26366,922,Road Tire Tube,4,4/7/2014
"26366,860,""Half-Finger Gloves, L"",3,4/7/2014"
"26367,882,""Short-Sleeve Classic Jersey, M"",3,11/23/2013"
26370,873,Patch Kit/8 Patches,4,1/23/2014
26371,923,Touring Tire Tube,4,6/26/2014
26373,922,Road Tire Tube,4,1/8/2014
"26374,869,""Women's Mountain Shorts, L"",3,6/22/2014"
"26375,882,""Short-Sleeve Classic Jersey, M"",3,4/21/2014"
26375,872,Road Bottle Cage,4,4/21/2014
26376,871,Mountain Bottle Cage,4,3/20/2014
26376,880,Hydration Pack - 70 oz.,4,3/20/2014
26376,921,Mountain Tire Tube,4,3/20/2014
26376,878,Fender Set - Mountain,4,3/20/2014
26377,921,Mountain Tire Tube,4,5/3/2014
"26378,707,""Sport-100 Helmet, Red"",4,3/23/2014"
26378,922,Road Tire Tube,4,3/23/2014
26379,932,ML Road Tire,4,12/17/2013
26379,922,Road Tire Tube,4,12/17/2013
26380,934,Touring Tire,4,12/29/2013
26381,870,Water Bottle - 30 oz.,4,6/22/2013
26381,872,Road Bottle Cage,4,6/22/2013
26383,934,Touring Tire,4,1/4/2014
26384,923,Touring Tire Tube,4,2/15/2014
26385,931,LL Road Tire,4,4/27/2014
"26386,715,""Long-Sleeve Logo Jersey, L"",3,1/23/2014"
26389,873,Patch Kit/8 Patches,4,9/27/2013
26389,934,Touring Tire,4,9/27/2013
26391,923,Touring Tire Tube,4,10/27/2013
26391,934,Touring Tire,4,10/27/2013
"26392,711,""Sport-100 Helmet, Blue"",4,9/9/2013"
26392,931,LL Road Tire,4,9/9/2013
26394,934,Touring Tire,4,3/9/2014
26395,931,LL Road Tire,4,7/14/2013
"26396,707,""Sport-100 Helmet, Red"",4,6/18/2014"
26396,934,Touring Tire,4,6/18/2014
26396,923,Touring Tire Tube,4,6/18/2014
"26397,707,""Sport-100 Helmet, Red"",4,4/10/2014"
26398,712,AWC Logo Cap,3,1/30/2014
26398,872,Road Bottle Cage,4,1/30/2014
26398,870,Water Bottle - 30 oz.,4,1/30/2014
26399,933,HL Road Tire,4,7/30/2013
26399,922,Road Tire Tube,4,7/30/2013
26400,876,Hitch Rack - 4-Bike,4,8/7/2013
26400,922,Road Tire Tube,4,8/7/2013
"26401,708,""Sport-100 Helmet, Black"",4,7/15/2013"
26403,877,Bike Wash - Dissolver,4,2/6/2014
26403,934,Touring Tire,4,2/6/2014
"26404,859,""Half-Finger Gloves, M"",3,5/24/2014"
26405,873,Patch Kit/8 Patches,4,2/12/2014
26405,923,Touring Tire Tube,4,2/12/2014
26406,871,Mountain Bottle Cage,4,5/19/2014
"26406,858,""Half-Finger Gloves, S"",3,5/19/2014"
26407,922,Road Tire Tube,4,8/2/2013
26407,873,Patch Kit/8 Patches,4,8/2/2013
26408,922,Road Tire Tube,4,1/28/2014
26409,922,Road Tire Tube,4,8/14/2013
26411,880,Hydration Pack - 70 oz.,4,8/1/2013
26412,877,Bike Wash - Dissolver,4,3/24/2014
26412,872,Road Bottle Cage,4,3/24/2014
26412,870,Water Bottle - 30 oz.,4,3/24/2014
26412,923,Touring Tire Tube,4,3/24/2014
26413,923,Touring Tire Tube,4,3/24/2014
26413,934,Touring Tire,4,3/24/2014
"26414,858,""Half-Finger Gloves, S"",3,7/9/2013"
26414,934,Touring Tire,4,7/9/2013
"26415,711,""Sport-100 Helmet, Blue"",4,6/21/2014"
26415,934,Touring Tire,4,6/21/2014
26416,922,Road Tire Tube,4,12/9/2013
"26416,714,""Long-Sleeve Logo Jersey, M"",3,12/9/2013"
26417,873,Patch Kit/8 Patches,4,11/3/2013
26418,923,Touring Tire Tube,4,12/7/2013
26418,934,Touring Tire,4,12/7/2013
26419,934,Touring Tire,4,11/24/2013
26421,931,LL Road Tire,4,3/25/2014
26421,922,Road Tire Tube,4,3/25/2014
26422,870,Water Bottle - 30 oz.,4,4/22/2014
26422,872,Road Bottle Cage,4,4/22/2014
"26423,708,""Sport-100 Helmet, Black"",4,4/11/2014"
26424,931,LL Road Tire,4,8/3/2013
26424,922,Road Tire Tube,4,8/3/2013
"26427,867,""Women's Mountain Shorts, S"",3,4/22/2014"
26431,873,Patch Kit/8 Patches,4,5/17/2014
"26432,868,""Women's Mountain Shorts, M"",3,9/26/2013"
"26441,868,""Women's Mountain Shorts, M"",3,5/24/2014"
26442,873,Patch Kit/8 Patches,4,4/2/2014
26442,872,Road Bottle Cage,4,4/2/2014
26444,873,Patch Kit/8 Patches,4,4/2/2014
26444,877,Bike Wash - Dissolver,4,4/2/2014
"26446,869,""Women's Mountain Shorts, L"",3,6/26/2014"
26450,712,AWC Logo Cap,3,3/17/2014
26451,928,LL Mountain Tire,4,12/15/2013
26452,928,LL Mountain Tire,4,9/11/2013
26453,870,Water Bottle - 30 oz.,4,3/10/2014
26453,712,AWC Logo Cap,3,3/10/2014
26453,871,Mountain Bottle Cage,4,3/10/2014
26453,928,LL Mountain Tire,4,3/10/2014
26454,873,Patch Kit/8 Patches,4,12/27/2013
26455,928,LL Mountain Tire,4,10/28/2013
26456,870,Water Bottle - 30 oz.,4,4/22/2014
"26457,708,""Sport-100 Helmet, Black"",4,8/11/2013"
26457,921,Mountain Tire Tube,4,8/11/2013
26457,928,LL Mountain Tire,4,8/11/2013
26458,928,LL Mountain Tire,4,11/7/2013
26458,921,Mountain Tire Tube,4,11/7/2013
26459,921,Mountain Tire Tube,4,1/26/2014
"26459,711,""Sport-100 Helmet, Blue"",4,1/26/2014"
26461,870,Water Bottle - 30 oz.,4,6/2/2014
26462,873,Patch Kit/8 Patches,4,2/15/2014
26463,873,Patch Kit/8 Patches,4,2/26/2014
26464,928,LL Mountain Tire,4,3/30/2014
26465,873,Patch Kit/8 Patches,4,8/14/2013
26467,928,LL Mountain Tire,4,5/3/2014
26467,921,Mountain Tire Tube,4,5/3/2014
26468,928,LL Mountain Tire,4,7/11/2013
"26469,708,""Sport-100 Helmet, Black"",4,8/5/2013"
26469,928,LL Mountain Tire,4,8/5/2013
26470,928,LL Mountain Tire,4,8/15/2013
26470,877,Bike Wash - Dissolver,4,8/15/2013
"26472,713,""Long-Sleeve Logo Jersey, S"",3,8/20/2013"
26472,921,Mountain Tire Tube,4,8/20/2013
"26472,707,""Sport-100 Helmet, Red"",4,8/20/2013"
26473,921,Mountain Tire Tube,4,1/5/2014
26473,928,LL Mountain Tire,4,1/5/2014
"26473,858,""Half-Finger Gloves, S"",3,1/5/2014"
26474,712,AWC Logo Cap,3,12/25/2013
26475,712,AWC Logo Cap,3,11/17/2013
26476,931,LL Road Tire,4,1/7/2014
"26477,859,""Half-Finger Gloves, M"",3,3/10/2014"
"26478,859,""Half-Finger Gloves, M"",3,12/17/2013"
26479,921,Mountain Tire Tube,4,3/9/2014
26479,873,Patch Kit/8 Patches,4,3/9/2014
26480,873,Patch Kit/8 Patches,4,7/16/2013
26483,922,Road Tire Tube,4,12/22/2013
26487,872,Road Bottle Cage,4,1/5/2014
26487,870,Water Bottle - 30 oz.,4,1/5/2014
26491,934,Touring Tire,4,1/22/2014
26491,923,Touring Tire Tube,4,1/22/2014
26492,921,Mountain Tire Tube,4,9/23/2013
26493,921,Mountain Tire Tube,4,7/20/2013
26493,928,LL Mountain Tire,4,7/20/2013
26494,873,Patch Kit/8 Patches,4,3/7/2014
26495,870,Water Bottle - 30 oz.,4,2/15/2014
"26497,708,""Sport-100 Helmet, Black"",4,3/2/2014"
26497,928,LL Mountain Tire,4,3/2/2014
26498,921,Mountain Tire Tube,4,11/18/2013
"26498,859,""Half-Finger Gloves, M"",3,11/18/2013"
"26498,708,""Sport-100 Helmet, Black"",4,11/18/2013"
"26501,859,""Half-Finger Gloves, M"",3,3/6/2014"
26502,928,LL Mountain Tire,4,2/4/2014
26505,870,Water Bottle - 30 oz.,4,7/7/2013
26506,921,Mountain Tire Tube,4,7/26/2013
"26506,708,""Sport-100 Helmet, Black"",4,7/26/2013"
26507,928,LL Mountain Tire,4,11/2/2013
26508,928,LL Mountain Tire,4,10/10/2013
26514,928,LL Mountain Tire,4,11/17/2013
"26515,860,""Half-Finger Gloves, L"",3,1/21/2014"
26515,928,LL Mountain Tire,4,1/21/2014
"26515,708,""Sport-100 Helmet, Black"",4,1/21/2014"
26516,928,LL Mountain Tire,4,12/13/2013
26516,921,Mountain Tire Tube,4,12/13/2013
26518,928,LL Mountain Tire,4,3/13/2014
26518,921,Mountain Tire Tube,4,3/13/2014
26519,921,Mountain Tire Tube,4,1/26/2014
26520,934,Touring Tire,4,11/3/2013
26520,923,Touring Tire Tube,4,11/3/2013
26523,928,LL Mountain Tire,4,3/20/2014
26524,928,LL Mountain Tire,4,5/21/2014
26525,928,LL Mountain Tire,4,2/16/2014
26526,921,Mountain Tire Tube,4,3/26/2014
26526,928,LL Mountain Tire,4,3/26/2014
26527,921,Mountain Tire Tube,4,12/28/2013
26527,873,Patch Kit/8 Patches,4,12/28/2013
"26528,866,""Classic Vest, L"",3,5/31/2014"
26528,921,Mountain Tire Tube,4,5/31/2014
"26528,708,""Sport-100 Helmet, Black"",4,5/31/2014"
26531,928,LL Mountain Tire,4,10/23/2013
26532,872,Road Bottle Cage,4,2/7/2014
26533,931,LL Road Tire,4,1/15/2014
26533,922,Road Tire Tube,4,1/15/2014
"26535,707,""Sport-100 Helmet, Red"",4,2/9/2014"
26535,921,Mountain Tire Tube,4,2/9/2014
"26536,859,""Half-Finger Gloves, M"",3,2/27/2014"
26539,873,Patch Kit/8 Patches,4,2/11/2014
26539,923,Touring Tire Tube,4,2/11/2014
26542,873,Patch Kit/8 Patches,4,9/13/2013
26543,922,Road Tire Tube,4,7/18/2013
26543,877,Bike Wash - Dissolver,4,7/18/2013
26546,923,Touring Tire Tube,4,11/22/2013
"26547,708,""Sport-100 Helmet, Black"",4,5/5/2014"
"26549,859,""Half-Finger Gloves, M"",3,5/7/2014"
26549,870,Water Bottle - 30 oz.,4,5/7/2014
"26550,866,""Classic Vest, L"",3,1/3/2014"
26550,928,LL Mountain Tire,4,1/3/2014
26552,934,Touring Tire,4,11/21/2013
26552,923,Touring Tire Tube,4,11/21/2013
26552,872,Road Bottle Cage,4,11/21/2013
"26553,711,""Sport-100 Helmet, Blue"",4,5/16/2014"
26553,934,Touring Tire,4,5/16/2014
"26554,707,""Sport-100 Helmet, Red"",4,4/3/2014"
26554,923,Touring Tire Tube,4,4/3/2014
26555,873,Patch Kit/8 Patches,4,1/15/2014
26556,873,Patch Kit/8 Patches,4,10/18/2013
26556,934,Touring Tire,4,10/18/2013
26557,923,Touring Tire Tube,4,10/11/2013
26557,877,Bike Wash - Dissolver,4,10/11/2013
26557,873,Patch Kit/8 Patches,4,10/11/2013
26558,922,Road Tire Tube,4,12/9/2013
26559,922,Road Tire Tube,4,10/15/2013
"26560,859,""Half-Finger Gloves, M"",3,5/3/2014"
"26560,711,""Sport-100 Helmet, Blue"",4,5/3/2014"
26560,872,Road Bottle Cage,4,5/3/2014
26561,870,Water Bottle - 30 oz.,4,5/17/2014
26562,872,Road Bottle Cage,4,3/17/2014
26562,877,Bike Wash - Dissolver,4,3/17/2014
26564,922,Road Tire Tube,4,6/30/2014
"26564,859,""Half-Finger Gloves, M"",3,6/30/2014"
26565,931,LL Road Tire,4,6/2/2014
"26566,883,""Short-Sleeve Classic Jersey, L"",3,3/6/2014"
"26566,859,""Half-Finger Gloves, M"",3,3/6/2014"
"26573,707,""Sport-100 Helmet, Red"",4,7/7/2013"
26573,934,Touring Tire,4,7/7/2013
26575,872,Road Bottle Cage,4,11/16/2013
26575,870,Water Bottle - 30 oz.,4,11/16/2013
"26575,714,""Long-Sleeve Logo Jersey, M"",3,11/16/2013"
26577,923,Touring Tire Tube,4,11/1/2013
26577,934,Touring Tire,4,11/1/2013
"26578,858,""Half-Finger Gloves, S"",3,3/30/2014"
26578,934,Touring Tire,4,3/30/2014
26579,870,Water Bottle - 30 oz.,4,11/1/2013
"26579,711,""Sport-100 Helmet, Blue"",4,11/1/2013"
"26580,707,""Sport-100 Helmet, Red"",4,6/5/2014"
26580,923,Touring Tire Tube,4,6/5/2014
26583,934,Touring Tire,4,12/15/2013
26583,873,Patch Kit/8 Patches,4,12/15/2013
26584,934,Touring Tire,4,7/1/2013
26587,872,Road Bottle Cage,4,5/22/2014
"26589,882,""Short-Sleeve Classic Jersey, M"",3,5/6/2014"
26592,712,AWC Logo Cap,3,10/26/2013
26593,928,LL Mountain Tire,4,5/20/2014
26594,921,Mountain Tire Tube,4,11/7/2013
26596,873,Patch Kit/8 Patches,4,11/9/2013
26596,934,Touring Tire,4,11/9/2013
26597,934,Touring Tire,4,6/11/2014
"26597,711,""Sport-100 Helmet, Blue"",4,6/11/2014"
26598,934,Touring Tire,4,7/7/2013
26601,872,Road Bottle Cage,4,11/1/2013
"26601,708,""Sport-100 Helmet, Black"",4,11/1/2013"
26605,873,Patch Kit/8 Patches,4,6/27/2014
"26606,711,""Sport-100 Helmet, Blue"",4,11/26/2013"
"26606,713,""Long-Sleeve Logo Jersey, S"",3,11/26/2013"
26606,870,Water Bottle - 30 oz.,4,11/26/2013
"26608,882,""Short-Sleeve Classic Jersey, M"",3,11/23/2013"
26608,870,Water Bottle - 30 oz.,4,11/23/2013
"26612,858,""Half-Finger Gloves, S"",3,3/22/2014"
26612,934,Touring Tire,4,3/22/2014
26613,880,Hydration Pack - 70 oz.,4,6/21/2014
26613,934,Touring Tire,4,6/21/2014
26613,923,Touring Tire Tube,4,6/21/2014
26617,872,Road Bottle Cage,4,12/15/2013
"26617,882,""Short-Sleeve Classic Jersey, M"",3,12/15/2013"
26625,872,Road Bottle Cage,4,1/14/2014
26626,880,Hydration Pack - 70 oz.,4,2/24/2014
26626,872,Road Bottle Cage,4,2/24/2014
"26626,874,""Racing Socks, M"",3,2/24/2014"
26628,934,Touring Tire,4,10/12/2013
26628,873,Patch Kit/8 Patches,4,10/12/2013
26633,872,Road Bottle Cage,4,3/28/2014
26633,870,Water Bottle - 30 oz.,4,3/28/2014
"26633,860,""Half-Finger Gloves, L"",3,3/28/2014"
26634,934,Touring Tire,4,4/20/2014
26634,923,Touring Tire Tube,4,4/20/2014
26634,870,Water Bottle - 30 oz.,4,4/20/2014
26634,872,Road Bottle Cage,4,4/20/2014
"26635,707,""Sport-100 Helmet, Red"",4,4/3/2014"
26635,872,Road Bottle Cage,4,4/3/2014
26636,934,Touring Tire,4,12/26/2013
26636,923,Touring Tire Tube,4,12/26/2013
"26637,858,""Half-Finger Gloves, S"",3,6/4/2014"
26637,923,Touring Tire Tube,4,6/4/2014
"26638,716,""Long-Sleeve Logo Jersey, XL"",3,2/2/2014"
"26639,858,""Half-Finger Gloves, S"",3,1/4/2014"
26640,870,Water Bottle - 30 oz.,4,1/16/2014
"26640,707,""Sport-100 Helmet, Red"",4,1/16/2014"
26644,872,Road Bottle Cage,4,5/19/2014
"26647,865,""Classic Vest, M"",3,5/7/2014"
26648,873,Patch Kit/8 Patches,4,4/7/2014
26654,931,LL Road Tire,4,6/17/2013
26656,870,Water Bottle - 30 oz.,4,6/23/2013
26656,712,AWC Logo Cap,3,6/23/2013
"26658,881,""Short-Sleeve Classic Jersey, S"",3,6/13/2013"
26658,870,Water Bottle - 30 oz.,4,6/13/2013
26663,870,Water Bottle - 30 oz.,4,3/28/2014
"26663,711,""Sport-100 Helmet, Blue"",4,3/28/2014"
"26663,860,""Half-Finger Gloves, L"",3,3/28/2014"
"26664,884,""Short-Sleeve Classic Jersey, XL"",3,8/27/2013"
26665,712,AWC Logo Cap,3,10/25/2013
26666,870,Water Bottle - 30 oz.,4,6/7/2013
26667,870,Water Bottle - 30 oz.,4,7/13/2013
26667,872,Road Bottle Cage,4,7/13/2013
"26668,869,""Women's Mountain Shorts, L"",3,9/4/2013"
"26669,881,""Short-Sleeve Classic Jersey, S"",3,10/15/2013"
"26672,883,""Short-Sleeve Classic Jersey, L"",3,3/28/2014"
26673,873,Patch Kit/8 Patches,4,7/18/2013
26673,879,All-Purpose Bike Stand,4,7/18/2013
"26674,708,""Sport-100 Helmet, Black"",4,12/18/2013"
26674,923,Touring Tire Tube,4,12/18/2013
26675,923,Touring Tire Tube,4,12/19/2013
26675,934,Touring Tire,4,12/19/2013
26676,872,Road Bottle Cage,4,5/29/2014
26677,928,LL Mountain Tire,4,2/19/2014
26679,921,Mountain Tire Tube,4,12/15/2013
26680,873,Patch Kit/8 Patches,4,9/30/2013
26680,928,LL Mountain Tire,4,9/30/2013
"26682,860,""Half-Finger Gloves, L"",3,1/16/2014"
26682,921,Mountain Tire Tube,4,1/16/2014
26683,873,Patch Kit/8 Patches,4,2/17/2014
26683,931,LL Road Tire,4,2/17/2014
"26686,708,""Sport-100 Helmet, Black"",4,3/22/2014"
"26688,708,""Sport-100 Helmet, Black"",4,8/30/2013"
26688,928,LL Mountain Tire,4,8/30/2013
26689,880,Hydration Pack - 70 oz.,4,1/5/2014
26689,877,Bike Wash - Dissolver,4,1/5/2014
26689,934,Touring Tire,4,1/5/2014
"26690,707,""Sport-100 Helmet, Red"",4,10/26/2013"
26690,934,Touring Tire,4,10/26/2013
26690,923,Touring Tire Tube,4,10/26/2013
26692,922,Road Tire Tube,4,3/9/2014
26692,931,LL Road Tire,4,3/9/2014
26693,921,Mountain Tire Tube,4,8/3/2013
26694,872,Road Bottle Cage,4,2/1/2014
26694,870,Water Bottle - 30 oz.,4,2/1/2014
"26695,708,""Sport-100 Helmet, Black"",4,2/20/2014"
26695,923,Touring Tire Tube,4,2/20/2014
"26696,711,""Sport-100 Helmet, Blue"",4,9/28/2013"
26696,923,Touring Tire Tube,4,9/28/2013
"26699,708,""Sport-100 Helmet, Black"",4,9/30/2013"
26699,921,Mountain Tire Tube,4,9/30/2013
26700,921,Mountain Tire Tube,4,9/26/2013
26701,921,Mountain Tire Tube,4,9/2/2013
26702,934,Touring Tire,4,11/23/2013
26702,923,Touring Tire Tube,4,11/23/2013
26704,934,Touring Tire,4,4/14/2014
26706,921,Mountain Tire Tube,4,8/13/2013
26707,934,Touring Tire,4,12/19/2013
"26708,707,""Sport-100 Helmet, Red"",4,2/10/2014"
26708,872,Road Bottle Cage,4,2/10/2014
"26709,711,""Sport-100 Helmet, Blue"",4,3/12/2014"
26709,923,Touring Tire Tube,4,3/12/2014
26712,934,Touring Tire,4,12/31/2013
26712,712,AWC Logo Cap,3,12/31/2013
"26713,859,""Half-Finger Gloves, M"",3,11/5/2013"
26713,934,Touring Tire,4,11/5/2013
26714,873,Patch Kit/8 Patches,4,10/18/2013
26714,923,Touring Tire Tube,4,10/18/2013
26715,934,Touring Tire,4,3/11/2014
26715,923,Touring Tire Tube,4,3/11/2014
26716,712,AWC Logo Cap,3,4/30/2014
26716,880,Hydration Pack - 70 oz.,4,4/30/2014
26718,712,AWC Logo Cap,3,2/9/2014
26718,870,Water Bottle - 30 oz.,4,2/9/2014
26719,934,Touring Tire,4,12/17/2013
26719,923,Touring Tire Tube,4,12/17/2013
"26719,707,""Sport-100 Helmet, Red"",4,12/17/2013"
"26719,713,""Long-Sleeve Logo Jersey, S"",3,12/17/2013"
"26720,711,""Sport-100 Helmet, Blue"",4,1/8/2014"
26720,934,Touring Tire,4,1/8/2014
"26721,860,""Half-Finger Gloves, L"",3,1/14/2014"
26721,934,Touring Tire,4,1/14/2014
26722,923,Touring Tire Tube,4,8/2/2013
26723,923,Touring Tire Tube,4,2/27/2014
"26727,711,""Sport-100 Helmet, Blue"",4,1/30/2014"
26727,870,Water Bottle - 30 oz.,4,1/30/2014
26728,872,Road Bottle Cage,4,1/31/2014
26728,877,Bike Wash - Dissolver,4,1/31/2014
26732,880,Hydration Pack - 70 oz.,4,2/20/2014
26732,934,Touring Tire,4,2/20/2014
"26733,708,""Sport-100 Helmet, Black"",4,3/24/2014"
26733,934,Touring Tire,4,3/24/2014
26733,923,Touring Tire Tube,4,3/24/2014
26736,922,Road Tire Tube,4,7/18/2013
"26737,711,""Sport-100 Helmet, Blue"",4,10/31/2013"
26737,934,Touring Tire,4,10/31/2013
26738,934,Touring Tire,4,5/2/2014
26739,878,Fender Set - Mountain,4,8/4/2013
26739,930,HL Mountain Tire,4,8/4/2013
26743,870,Water Bottle - 30 oz.,4,7/23/2013
26743,872,Road Bottle Cage,4,7/23/2013
26745,932,ML Road Tire,4,3/6/2014
"26746,882,""Short-Sleeve Classic Jersey, M"",3,3/11/2014"
"26746,711,""Sport-100 Helmet, Blue"",4,3/11/2014"
26752,872,Road Bottle Cage,4,3/8/2014
"26755,883,""Short-Sleeve Classic Jersey, L"",3,5/16/2014"
26756,712,AWC Logo Cap,3,2/22/2014
"26759,881,""Short-Sleeve Classic Jersey, S"",3,12/16/2013"
"26762,864,""Classic Vest, S"",3,9/30/2013"
26765,712,AWC Logo Cap,3,8/13/2013
26766,712,AWC Logo Cap,3,4/15/2014
26768,870,Water Bottle - 30 oz.,4,8/21/2013
"26768,708,""Sport-100 Helmet, Black"",4,8/21/2013"
26769,930,HL Mountain Tire,4,2/2/2014
"26772,869,""Women's Mountain Shorts, L"",3,6/3/2014"
26775,922,Road Tire Tube,4,5/25/2014
"26775,865,""Classic Vest, M"",3,5/25/2014"
26776,922,Road Tire Tube,4,10/22/2013
"26777,708,""Sport-100 Helmet, Black"",4,11/25/2013"
26777,923,Touring Tire Tube,4,11/25/2013
26778,923,Touring Tire Tube,4,3/10/2014
26779,931,LL Road Tire,4,1/26/2014
26780,931,LL Road Tire,4,3/4/2014
"26780,883,""Short-Sleeve Classic Jersey, L"",3,3/4/2014"
"26781,713,""Long-Sleeve Logo Jersey, S"",3,6/16/2014"
"26781,711,""Sport-100 Helmet, Blue"",4,6/16/2014"
26781,931,LL Road Tire,4,6/16/2014
26783,923,Touring Tire Tube,4,6/5/2014
26783,934,Touring Tire,4,6/5/2014
"26784,708,""Sport-100 Helmet, Black"",4,8/18/2013"
26784,922,Road Tire Tube,4,8/18/2013
26785,930,HL Mountain Tire,4,10/17/2013
"26785,711,""Sport-100 Helmet, Blue"",4,10/17/2013"
26787,931,LL Road Tire,4,6/21/2014
26787,922,Road Tire Tube,4,6/21/2014
26788,923,Touring Tire Tube,4,7/7/2013
26788,873,Patch Kit/8 Patches,4,7/7/2013
26790,931,LL Road Tire,4,3/23/2014
26790,873,Patch Kit/8 Patches,4,3/23/2014
26791,922,Road Tire Tube,4,1/20/2014
26792,879,All-Purpose Bike Stand,4,8/31/2013
26792,931,LL Road Tire,4,8/31/2013
26793,880,Hydration Pack - 70 oz.,4,4/20/2014
26793,923,Touring Tire Tube,4,4/20/2014
26794,873,Patch Kit/8 Patches,4,12/14/2013
26794,923,Touring Tire Tube,4,12/14/2013
26794,934,Touring Tire,4,12/14/2013
"26795,881,""Short-Sleeve Classic Jersey, S"",3,4/12/2014"
26800,923,Touring Tire Tube,4,12/25/2013
26800,934,Touring Tire,4,12/25/2013
26803,880,Hydration Pack - 70 oz.,4,12/27/2013
26803,934,Touring Tire,4,12/27/2013
26804,923,Touring Tire Tube,4,11/24/2013
26804,934,Touring Tire,4,11/24/2013
26804,877,Bike Wash - Dissolver,4,11/24/2013
"26807,707,""Sport-100 Helmet, Red"",4,7/8/2013"
26807,923,Touring Tire Tube,4,7/8/2013
26808,934,Touring Tire,4,5/6/2014
"26809,715,""Long-Sleeve Logo Jersey, L"",3,10/9/2013"
26809,934,Touring Tire,4,10/9/2013
26809,923,Touring Tire Tube,4,10/9/2013
26810,880,Hydration Pack - 70 oz.,4,6/17/2014
26810,870,Water Bottle - 30 oz.,4,6/17/2014
"26812,858,""Half-Finger Gloves, S"",3,12/7/2013"
26812,934,Touring Tire,4,12/7/2013
26813,923,Touring Tire Tube,4,4/6/2014
26813,934,Touring Tire,4,4/6/2014
26817,872,Road Bottle Cage,4,11/3/2013
26818,872,Road Bottle Cage,4,3/9/2014
26818,870,Water Bottle - 30 oz.,4,3/9/2014
26819,922,Road Tire Tube,4,5/17/2014
"26819,707,""Sport-100 Helmet, Red"",4,5/17/2014"
26819,931,LL Road Tire,4,5/17/2014
26821,931,LL Road Tire,4,11/5/2013
26821,922,Road Tire Tube,4,11/5/2013
26822,712,AWC Logo Cap,3,4/26/2014
"26822,707,""Sport-100 Helmet, Red"",4,4/26/2014"
26822,870,Water Bottle - 30 oz.,4,4/26/2014
26824,873,Patch Kit/8 Patches,4,10/19/2013
26824,931,LL Road Tire,4,10/19/2013
26825,872,Road Bottle Cage,4,6/29/2013
26826,872,Road Bottle Cage,4,6/1/2013
"26826,875,""Racing Socks, L"",3,6/1/2013"
26828,922,Road Tire Tube,4,4/6/2014
26828,873,Patch Kit/8 Patches,4,4/6/2014
26829,873,Patch Kit/8 Patches,4,5/26/2014
26830,872,Road Bottle Cage,4,10/28/2013
26832,922,Road Tire Tube,4,6/30/2014
26832,880,Hydration Pack - 70 oz.,4,6/30/2014
26833,922,Road Tire Tube,4,11/17/2013
26834,922,Road Tire Tube,4,12/31/2013
26835,923,Touring Tire Tube,4,4/11/2014
26835,934,Touring Tire,4,4/11/2014
26836,922,Road Tire Tube,4,6/14/2014
26838,873,Patch Kit/8 Patches,4,7/20/2013
26838,934,Touring Tire,4,7/20/2013
"26839,711,""Sport-100 Helmet, Blue"",4,10/18/2013"
26839,923,Touring Tire Tube,4,10/18/2013
26839,712,AWC Logo Cap,3,10/18/2013
26840,923,Touring Tire Tube,4,3/22/2014
26841,712,AWC Logo Cap,3,8/17/2013
"26841,708,""Sport-100 Helmet, Black"",4,8/17/2013"
26841,923,Touring Tire Tube,4,8/17/2013
26843,922,Road Tire Tube,4,3/16/2014
26843,879,All-Purpose Bike Stand,4,3/16/2014
26844,922,Road Tire Tube,4,6/18/2014
26845,873,Patch Kit/8 Patches,4,1/1/2014
26845,922,Road Tire Tube,4,1/1/2014
26846,922,Road Tire Tube,4,5/14/2014
"26847,708,""Sport-100 Helmet, Black"",4,3/22/2014"
26847,931,LL Road Tire,4,3/22/2014
26848,870,Water Bottle - 30 oz.,4,11/19/2013
26848,872,Road Bottle Cage,4,11/19/2013
"26849,708,""Sport-100 Helmet, Black"",4,10/4/2013"
26850,922,Road Tire Tube,4,11/7/2013
26851,873,Patch Kit/8 Patches,4,3/15/2014
26852,931,LL Road Tire,4,7/5/2013
26852,922,Road Tire Tube,4,7/5/2013
"26852,884,""Short-Sleeve Classic Jersey, XL"",3,7/5/2013"
"26853,708,""Sport-100 Helmet, Black"",4,10/8/2013"
26854,870,Water Bottle - 30 oz.,4,4/6/2014
26856,870,Water Bottle - 30 oz.,4,10/14/2013
26856,872,Road Bottle Cage,4,10/14/2013
26858,870,Water Bottle - 30 oz.,4,11/20/2013
26859,923,Touring Tire Tube,4,12/18/2013
26861,923,Touring Tire Tube,4,7/7/2013
26861,934,Touring Tire,4,7/7/2013
26865,876,Hitch Rack - 4-Bike,4,7/22/2013
26866,922,Road Tire Tube,4,11/23/2013
"26866,715,""Long-Sleeve Logo Jersey, L"",3,11/23/2013"
26867,873,Patch Kit/8 Patches,4,5/5/2014
26869,872,Road Bottle Cage,4,11/26/2013
26871,880,Hydration Pack - 70 oz.,4,1/28/2014
26871,934,Touring Tire,4,1/28/2014
26872,931,LL Road Tire,4,1/17/2014
26874,931,LL Road Tire,4,10/1/2013
26875,922,Road Tire Tube,4,4/17/2014
"26875,711,""Sport-100 Helmet, Blue"",4,4/17/2014"
"26876,707,""Sport-100 Helmet, Red"",4,11/12/2013"
26876,872,Road Bottle Cage,4,11/12/2013
26877,922,Road Tire Tube,4,5/8/2014
26879,931,LL Road Tire,4,3/18/2014
26880,873,Patch Kit/8 Patches,4,1/23/2014
26881,934,Touring Tire,4,12/20/2013
26881,712,AWC Logo Cap,3,12/20/2013
26882,873,Patch Kit/8 Patches,4,9/25/2013
26882,880,Hydration Pack - 70 oz.,4,9/25/2013
26882,923,Touring Tire Tube,4,9/25/2013
"26883,711,""Sport-100 Helmet, Blue"",4,4/27/2014"
26883,923,Touring Tire Tube,4,4/27/2014
26884,712,AWC Logo Cap,3,7/28/2013
26886,872,Road Bottle Cage,4,11/21/2013
26887,922,Road Tire Tube,4,11/17/2013
"26888,707,""Sport-100 Helmet, Red"",4,5/17/2014"
26889,931,LL Road Tire,4,9/14/2013
26890,870,Water Bottle - 30 oz.,4,11/23/2013
"26890,708,""Sport-100 Helmet, Black"",4,11/23/2013"
26891,923,Touring Tire Tube,4,1/20/2014
26892,870,Water Bottle - 30 oz.,4,12/24/2013
26893,923,Touring Tire Tube,4,12/24/2013
26894,873,Patch Kit/8 Patches,4,8/30/2013
26895,872,Road Bottle Cage,4,11/27/2013
"26896,875,""Racing Socks, L"",3,8/18/2013"
"26897,711,""Sport-100 Helmet, Blue"",4,8/22/2013"
"26898,707,""Sport-100 Helmet, Red"",4,8/3/2013"
26898,880,Hydration Pack - 70 oz.,4,8/3/2013
"26898,715,""Long-Sleeve Logo Jersey, L"",3,8/3/2013"
26898,923,Touring Tire Tube,4,8/3/2013
26899,931,LL Road Tire,4,7/26/2013
26900,922,Road Tire Tube,4,2/24/2014
26900,712,AWC Logo Cap,3,2/24/2014
"26903,858,""Half-Finger Gloves, S"",3,10/25/2013"
26903,934,Touring Tire,4,10/25/2013
26905,873,Patch Kit/8 Patches,4,10/24/2013
"26906,866,""Classic Vest, L"",3,3/12/2014"
"26907,860,""Half-Finger Gloves, L"",3,4/25/2014"
"26907,714,""Long-Sleeve Logo Jersey, M"",3,4/25/2014"
26907,923,Touring Tire Tube,4,4/25/2014
26908,873,Patch Kit/8 Patches,4,3/22/2014
26908,934,Touring Tire,4,3/22/2014
26909,923,Touring Tire Tube,4,8/1/2013
26909,712,AWC Logo Cap,3,8/1/2013
26909,934,Touring Tire,4,8/1/2013
"26910,707,""Sport-100 Helmet, Red"",4,11/27/2013"
26910,872,Road Bottle Cage,4,11/27/2013
26912,873,Patch Kit/8 Patches,4,12/10/2013
26912,931,LL Road Tire,4,12/10/2013
"26913,881,""Short-Sleeve Classic Jersey, S"",3,11/29/2013"
26913,870,Water Bottle - 30 oz.,4,11/29/2013
"26914,707,""Sport-100 Helmet, Red"",4,11/20/2013"
26914,872,Road Bottle Cage,4,11/20/2013
26915,922,Road Tire Tube,4,12/2/2013
26917,872,Road Bottle Cage,4,5/24/2014
26917,873,Patch Kit/8 Patches,4,5/24/2014
26918,712,AWC Logo Cap,3,5/11/2014
26918,872,Road Bottle Cage,4,5/11/2014
"26918,883,""Short-Sleeve Classic Jersey, L"",3,5/11/2014"
26919,931,LL Road Tire,4,5/15/2014
26919,873,Patch Kit/8 Patches,4,5/15/2014
26920,872,Road Bottle Cage,4,5/20/2014
26921,872,Road Bottle Cage,4,5/11/2014
26924,931,LL Road Tire,4,5/23/2014
26924,873,Patch Kit/8 Patches,4,5/23/2014
26925,923,Touring Tire Tube,4,4/18/2014
26925,873,Patch Kit/8 Patches,4,4/18/2014
26927,934,Touring Tire,4,9/22/2013
26927,923,Touring Tire Tube,4,9/22/2013
26928,872,Road Bottle Cage,4,11/4/2013
"26928,708,""Sport-100 Helmet, Black"",4,11/4/2013"
26928,870,Water Bottle - 30 oz.,4,11/4/2013
26929,870,Water Bottle - 30 oz.,4,1/26/2014
26929,872,Road Bottle Cage,4,1/26/2014
"26930,707,""Sport-100 Helmet, Red"",4,8/20/2013"
26930,872,Road Bottle Cage,4,8/20/2013
26934,872,Road Bottle Cage,4,11/11/2013
26937,922,Road Tire Tube,4,11/29/2013
"26937,884,""Short-Sleeve Classic Jersey, XL"",3,11/29/2013"
26938,879,All-Purpose Bike Stand,4,11/6/2013
26938,931,LL Road Tire,4,11/6/2013
"26940,716,""Long-Sleeve Logo Jersey, XL"",3,10/25/2013"
"26942,708,""Sport-100 Helmet, Black"",4,11/24/2013"
26942,870,Water Bottle - 30 oz.,4,11/24/2013
26943,923,Touring Tire Tube,4,3/17/2014
"26943,711,""Sport-100 Helmet, Blue"",4,3/17/2014"
26944,872,Road Bottle Cage,4,11/11/2013
"26947,707,""Sport-100 Helmet, Red"",4,11/3/2013"
"26948,860,""Half-Finger Gloves, L"",3,11/9/2013"
26949,931,LL Road Tire,4,12/26/2013
26951,922,Road Tire Tube,4,6/5/2014
26951,931,LL Road Tire,4,6/5/2014
26953,712,AWC Logo Cap,3,11/11/2013
26955,931,LL Road Tire,4,1/1/2014
26956,870,Water Bottle - 30 oz.,4,12/5/2013
"26956,882,""Short-Sleeve Classic Jersey, M"",3,12/5/2013"
"26957,714,""Long-Sleeve Logo Jersey, M"",3,5/13/2014"
26958,932,ML Road Tire,4,5/25/2014
26958,873,Patch Kit/8 Patches,4,5/25/2014
26959,873,Patch Kit/8 Patches,4,2/18/2014
26962,872,Road Bottle Cage,4,12/19/2013
26963,712,AWC Logo Cap,3,12/15/2013
26963,870,Water Bottle - 30 oz.,4,12/15/2013
26965,923,Touring Tire Tube,4,11/29/2013
26966,872,Road Bottle Cage,4,12/27/2013
26966,870,Water Bottle - 30 oz.,4,12/27/2013
26967,872,Road Bottle Cage,4,8/6/2013
26968,712,AWC Logo Cap,3,2/16/2014
26969,873,Patch Kit/8 Patches,4,12/18/2013
26970,922,Road Tire Tube,4,1/19/2014
26971,922,Road Tire Tube,4,2/15/2014
"26972,713,""Long-Sleeve Logo Jersey, S"",3,8/27/2013"
26972,923,Touring Tire Tube,4,8/27/2013
26973,922,Road Tire Tube,4,10/12/2013
26974,712,AWC Logo Cap,3,12/21/2013
"26974,707,""Sport-100 Helmet, Red"",4,12/21/2013"
26974,923,Touring Tire Tube,4,12/21/2013
26975,712,AWC Logo Cap,3,12/7/2013
26975,870,Water Bottle - 30 oz.,4,12/7/2013
"26976,707,""Sport-100 Helmet, Red"",4,12/20/2013"
26976,872,Road Bottle Cage,4,12/20/2013
26977,934,Touring Tire,4,12/29/2013
26977,923,Touring Tire Tube,4,12/29/2013
26978,872,Road Bottle Cage,4,2/12/2014
"26979,707,""Sport-100 Helmet, Red"",4,2/3/2014"
26979,870,Water Bottle - 30 oz.,4,2/3/2014
26980,873,Patch Kit/8 Patches,4,5/31/2014
26983,712,AWC Logo Cap,3,5/29/2014
26984,932,ML Road Tire,4,5/9/2014
26984,922,Road Tire Tube,4,5/9/2014
"26985,708,""Sport-100 Helmet, Black"",4,7/15/2013"
"26988,715,""Long-Sleeve Logo Jersey, L"",3,10/10/2013"
26989,931,LL Road Tire,4,7/5/2013
26990,931,LL Road Tire,4,9/16/2013
26992,712,AWC Logo Cap,3,12/23/2013
"26993,711,""Sport-100 Helmet, Blue"",4,5/7/2014"
26994,872,Road Bottle Cage,4,6/7/2013
26996,873,Patch Kit/8 Patches,4,3/15/2014
26996,877,Bike Wash - Dissolver,4,3/15/2014
26997,932,ML Road Tire,4,10/24/2013
"26998,714,""Long-Sleeve Logo Jersey, M"",3,1/19/2014"
26998,922,Road Tire Tube,4,1/19/2014
"26999,884,""Short-Sleeve Classic Jersey, XL"",3,4/15/2014"
27000,712,AWC Logo Cap,3,8/3/2013
27001,931,LL Road Tire,4,8/17/2013
"27002,708,""Sport-100 Helmet, Black"",4,7/13/2013"
27007,922,Road Tire Tube,4,12/18/2013
"27007,714,""Long-Sleeve Logo Jersey, M"",3,12/18/2013"
27007,932,ML Road Tire,4,12/18/2013
"27008,884,""Short-Sleeve Classic Jersey, XL"",3,2/15/2014"
27008,870,Water Bottle - 30 oz.,4,2/15/2014
27008,712,AWC Logo Cap,3,2/15/2014
27010,923,Touring Tire Tube,4,6/14/2014
27010,934,Touring Tire,4,6/14/2014
27011,873,Patch Kit/8 Patches,4,5/29/2014
27011,934,Touring Tire,4,5/29/2014
27012,934,Touring Tire,4,3/5/2014
27012,923,Touring Tire Tube,4,3/5/2014
27013,923,Touring Tire Tube,4,5/13/2014
27013,934,Touring Tire,4,5/13/2014
"27015,711,""Sport-100 Helmet, Blue"",4,4/6/2014"
27015,923,Touring Tire Tube,4,4/6/2014
27016,877,Bike Wash - Dissolver,4,8/7/2013
27016,923,Touring Tire Tube,4,8/7/2013
"27017,707,""Sport-100 Helmet, Red"",4,2/26/2014"
27017,934,Touring Tire,4,2/26/2014
27018,934,Touring Tire,4,1/13/2014
27023,922,Road Tire Tube,4,9/13/2013
27023,931,LL Road Tire,4,9/13/2013
27024,870,Water Bottle - 30 oz.,4,5/15/2014
27025,873,Patch Kit/8 Patches,4,8/17/2013
27028,880,Hydration Pack - 70 oz.,4,9/20/2013
27029,873,Patch Kit/8 Patches,4,6/14/2014
27029,877,Bike Wash - Dissolver,4,6/14/2014
27032,873,Patch Kit/8 Patches,4,6/20/2014
"27033,859,""Half-Finger Gloves, M"",3,10/27/2013"
27035,923,Touring Tire Tube,4,12/25/2013
27036,923,Touring Tire Tube,4,8/1/2013
27037,923,Touring Tire Tube,4,8/13/2013
27038,873,Patch Kit/8 Patches,4,4/11/2014
27040,923,Touring Tire Tube,4,7/5/2013
27041,873,Patch Kit/8 Patches,4,3/26/2014
27042,870,Water Bottle - 30 oz.,4,5/13/2014
27046,873,Patch Kit/8 Patches,4,9/16/2013
27046,934,Touring Tire,4,9/16/2013
27048,873,Patch Kit/8 Patches,4,4/15/2014
27048,923,Touring Tire Tube,4,4/15/2014
27052,934,Touring Tire,4,1/1/2014
27052,923,Touring Tire Tube,4,1/1/2014
27055,923,Touring Tire Tube,4,8/20/2013
27059,923,Touring Tire Tube,4,7/28/2013
"27059,716,""Long-Sleeve Logo Jersey, XL"",3,7/28/2013"
27059,934,Touring Tire,4,7/28/2013
27065,923,Touring Tire Tube,4,12/1/2013
27065,934,Touring Tire,4,12/1/2013
27066,934,Touring Tire,4,7/2/2013
27070,934,Touring Tire,4,5/22/2014
27070,923,Touring Tire Tube,4,5/22/2014
27072,934,Touring Tire,4,10/2/2013
27075,872,Road Bottle Cage,4,3/28/2014
27075,870,Water Bottle - 30 oz.,4,3/28/2014
27092,870,Water Bottle - 30 oz.,4,2/8/2014
27092,872,Road Bottle Cage,4,2/8/2014
"27098,708,""Sport-100 Helmet, Black"",4,1/18/2014"
27098,923,Touring Tire Tube,4,1/18/2014
27100,870,Water Bottle - 30 oz.,4,9/5/2013
27105,872,Road Bottle Cage,4,3/17/2014
27109,934,Touring Tire,4,8/14/2013
27109,923,Touring Tire Tube,4,8/14/2013
27111,870,Water Bottle - 30 oz.,4,11/8/2013
"27112,711,""Sport-100 Helmet, Blue"",4,11/26/2013"
"27112,860,""Half-Finger Gloves, L"",3,11/26/2013"
"27112,713,""Long-Sleeve Logo Jersey, S"",3,11/26/2013"
"27113,875,""Racing Socks, L"",3,2/10/2014"
27113,934,Touring Tire,4,2/10/2014
27113,923,Touring Tire Tube,4,2/10/2014
"27115,859,""Half-Finger Gloves, M"",3,4/5/2014"
27115,934,Touring Tire,4,4/5/2014
27119,872,Road Bottle Cage,4,2/5/2014
27122,712,AWC Logo Cap,3,1/12/2014
27124,923,Touring Tire Tube,4,2/22/2014
"27124,711,""Sport-100 Helmet, Blue"",4,2/22/2014"
"27125,884,""Short-Sleeve Classic Jersey, XL"",3,1/17/2014"
27125,870,Water Bottle - 30 oz.,4,1/17/2014
27129,870,Water Bottle - 30 oz.,4,10/4/2013
27132,877,Bike Wash - Dissolver,4,1/24/2014
27132,873,Patch Kit/8 Patches,4,1/24/2014
27135,712,AWC Logo Cap,3,12/8/2013
27135,934,Touring Tire,4,12/8/2013
"27137,866,""Classic Vest, L"",3,1/16/2014"
27137,872,Road Bottle Cage,4,1/16/2014
27139,870,Water Bottle - 30 oz.,4,3/28/2014
27139,872,Road Bottle Cage,4,3/28/2014
27140,931,LL Road Tire,4,1/17/2014
27140,877,Bike Wash - Dissolver,4,1/17/2014
27140,873,Patch Kit/8 Patches,4,1/17/2014
27142,870,Water Bottle - 30 oz.,4,2/24/2014
"27142,711,""Sport-100 Helmet, Blue"",4,2/24/2014"
27143,870,Water Bottle - 30 oz.,4,8/16/2013
27143,872,Road Bottle Cage,4,8/16/2013
27144,921,Mountain Tire Tube,4,2/9/2014
27146,930,HL Mountain Tire,4,11/5/2013
27146,921,Mountain Tire Tube,4,11/5/2013
"27147,881,""Short-Sleeve Classic Jersey, S"",3,4/7/2014"
"27148,868,""Women's Mountain Shorts, M"",3,11/30/2013"
27149,873,Patch Kit/8 Patches,4,3/8/2014
27149,921,Mountain Tire Tube,4,3/8/2014
27150,930,HL Mountain Tire,4,10/14/2013
27150,921,Mountain Tire Tube,4,10/14/2013
27150,873,Patch Kit/8 Patches,4,10/14/2013
27151,873,Patch Kit/8 Patches,4,3/10/2014
"27152,711,""Sport-100 Helmet, Blue"",4,8/31/2013"
27153,934,Touring Tire,4,8/26/2013
27153,923,Touring Tire Tube,4,8/26/2013
27154,872,Road Bottle Cage,4,3/22/2014
"27155,707,""Sport-100 Helmet, Red"",4,8/15/2013"
27155,923,Touring Tire Tube,4,8/15/2013
27156,873,Patch Kit/8 Patches,4,10/23/2013
27157,922,Road Tire Tube,4,11/11/2013
"27157,708,""Sport-100 Helmet, Black"",4,11/11/2013"
27158,873,Patch Kit/8 Patches,4,2/27/2014
27159,870,Water Bottle - 30 oz.,4,1/30/2014
27159,872,Road Bottle Cage,4,1/30/2014
27160,931,LL Road Tire,4,3/10/2014
27160,873,Patch Kit/8 Patches,4,3/10/2014
27161,870,Water Bottle - 30 oz.,4,4/30/2014
27161,877,Bike Wash - Dissolver,4,4/30/2014
27163,873,Patch Kit/8 Patches,4,10/3/2013
"27166,707,""Sport-100 Helmet, Red"",4,3/19/2014"
27167,932,ML Road Tire,4,10/13/2013
"27167,882,""Short-Sleeve Classic Jersey, M"",3,10/13/2013"
27168,922,Road Tire Tube,4,3/20/2014
27170,872,Road Bottle Cage,4,3/13/2014
"27171,707,""Sport-100 Helmet, Red"",4,1/11/2014"
27171,872,Road Bottle Cage,4,1/11/2014
27172,931,LL Road Tire,4,3/28/2014
27173,922,Road Tire Tube,4,8/7/2013
27173,931,LL Road Tire,4,8/7/2013
27174,923,Touring Tire Tube,4,2/10/2014
27175,922,Road Tire Tube,4,4/18/2014
"27177,859,""Half-Finger Gloves, M"",3,5/5/2014"
27178,931,LL Road Tire,4,5/22/2014
27183,873,Patch Kit/8 Patches,4,11/3/2013
"27184,714,""Long-Sleeve Logo Jersey, M"",3,7/4/2013"
27184,923,Touring Tire Tube,4,7/4/2013
"27185,711,""Sport-100 Helmet, Blue"",4,4/10/2014"
27185,872,Road Bottle Cage,4,4/10/2014
27186,922,Road Tire Tube,4,4/11/2014
27186,931,LL Road Tire,4,4/11/2014
27187,923,Touring Tire Tube,4,5/18/2014
"27189,860,""Half-Finger Gloves, L"",3,2/10/2014"
27189,923,Touring Tire Tube,4,2/10/2014
27190,923,Touring Tire Tube,4,6/6/2014
27190,873,Patch Kit/8 Patches,4,6/6/2014
27191,870,Water Bottle - 30 oz.,4,6/21/2014
27192,934,Touring Tire,4,7/16/2013
"27194,875,""Racing Socks, L"",3,10/2/2013"
27194,923,Touring Tire Tube,4,10/2/2013
"27194,708,""Sport-100 Helmet, Black"",4,10/2/2013"
"27196,866,""Classic Vest, L"",3,8/20/2013"
27197,923,Touring Tire Tube,4,10/26/2013
27197,873,Patch Kit/8 Patches,4,10/26/2013
27198,880,Hydration Pack - 70 oz.,4,12/17/2013
"27198,713,""Long-Sleeve Logo Jersey, S"",3,12/17/2013"
27198,934,Touring Tire,4,12/17/2013
27198,712,AWC Logo Cap,3,12/17/2013
27200,934,Touring Tire,4,4/18/2014
27200,923,Touring Tire Tube,4,4/18/2014
"27201,858,""Half-Finger Gloves, S"",3,3/27/2014"
27202,877,Bike Wash - Dissolver,4,8/9/2013
27202,923,Touring Tire Tube,4,8/9/2013
27202,934,Touring Tire,4,8/9/2013
27203,923,Touring Tire Tube,4,3/19/2014
27203,872,Road Bottle Cage,4,3/19/2014
"27208,707,""Sport-100 Helmet, Red"",4,5/27/2014"
27209,923,Touring Tire Tube,4,12/30/2013
27210,923,Touring Tire Tube,4,9/14/2013
27213,873,Patch Kit/8 Patches,4,3/14/2014
27214,922,Road Tire Tube,4,10/1/2013
27214,879,All-Purpose Bike Stand,4,10/1/2013
"27215,708,""Sport-100 Helmet, Black"",4,3/23/2014"
27215,870,Water Bottle - 30 oz.,4,3/23/2014
27216,712,AWC Logo Cap,3,6/25/2014
27216,922,Road Tire Tube,4,6/25/2014
27217,932,ML Road Tire,4,10/29/2013
27218,922,Road Tire Tube,4,9/13/2013
27219,922,Road Tire Tube,4,10/27/2013
27220,922,Road Tire Tube,4,2/12/2014
27222,877,Bike Wash - Dissolver,4,7/18/2013
27223,922,Road Tire Tube,4,8/26/2013
27224,873,Patch Kit/8 Patches,4,9/2/2013
27225,922,Road Tire Tube,4,2/9/2014
27229,923,Touring Tire Tube,4,7/25/2013
"27229,708,""Sport-100 Helmet, Black"",4,7/25/2013"
27229,934,Touring Tire,4,7/25/2013
27230,712,AWC Logo Cap,3,12/18/2013
27233,934,Touring Tire,4,10/3/2013
27233,923,Touring Tire Tube,4,10/3/2013
27236,934,Touring Tire,4,4/11/2014
"27238,707,""Sport-100 Helmet, Red"",4,4/16/2014"
27238,923,Touring Tire Tube,4,4/16/2014
"27243,713,""Long-Sleeve Logo Jersey, S"",3,9/17/2013"
27244,923,Touring Tire Tube,4,5/28/2014
27244,873,Patch Kit/8 Patches,4,5/28/2014
27245,923,Touring Tire Tube,4,4/2/2014
27247,934,Touring Tire,4,10/18/2013
27247,923,Touring Tire Tube,4,10/18/2013
27248,873,Patch Kit/8 Patches,4,1/11/2014
27248,923,Touring Tire Tube,4,1/11/2014
"27250,708,""Sport-100 Helmet, Black"",4,3/4/2014"
"27250,864,""Classic Vest, S"",3,3/4/2014"
27250,923,Touring Tire Tube,4,3/4/2014
27280,872,Road Bottle Cage,4,3/2/2014
"27281,713,""Long-Sleeve Logo Jersey, S"",3,3/18/2014"
"27283,867,""Women's Mountain Shorts, S"",3,7/12/2013"
"27284,884,""Short-Sleeve Classic Jersey, XL"",3,10/24/2013"
"27284,708,""Sport-100 Helmet, Black"",4,10/24/2013"
27284,923,Touring Tire Tube,4,10/24/2013
27293,923,Touring Tire Tube,4,7/22/2013
27293,880,Hydration Pack - 70 oz.,4,7/22/2013
"27294,707,""Sport-100 Helmet, Red"",4,3/6/2014"
"27296,883,""Short-Sleeve Classic Jersey, L"",3,3/6/2014"
27300,921,Mountain Tire Tube,4,8/18/2013
27301,923,Touring Tire Tube,4,3/26/2014
27301,934,Touring Tire,4,3/26/2014
27302,923,Touring Tire Tube,4,5/15/2014
27302,934,Touring Tire,4,5/15/2014
27304,934,Touring Tire,4,3/2/2014
27304,923,Touring Tire Tube,4,3/2/2014
27305,872,Road Bottle Cage,4,5/17/2014
"27307,707,""Sport-100 Helmet, Red"",4,12/18/2013"
27307,923,Touring Tire Tube,4,12/18/2013
27308,873,Patch Kit/8 Patches,4,9/7/2013
27309,870,Water Bottle - 30 oz.,4,8/1/2013
"27310,707,""Sport-100 Helmet, Red"",4,3/20/2014"
27310,923,Touring Tire Tube,4,3/20/2014
27311,923,Touring Tire Tube,4,12/18/2013
27312,934,Touring Tire,4,3/11/2014
27313,923,Touring Tire Tube,4,10/5/2013
"27314,711,""Sport-100 Helmet, Blue"",4,12/17/2013"
27314,923,Touring Tire Tube,4,12/17/2013
27315,923,Touring Tire Tube,4,6/8/2014
27315,934,Touring Tire,4,6/8/2014
27317,873,Patch Kit/8 Patches,4,3/25/2014
27318,934,Touring Tire,4,6/6/2014
27318,712,AWC Logo Cap,3,6/6/2014
"27319,860,""Half-Finger Gloves, L"",3,5/27/2014"
27320,934,Touring Tire,4,4/19/2014
27322,923,Touring Tire Tube,4,9/2/2013
27322,934,Touring Tire,4,9/2/2013
"27323,716,""Long-Sleeve Logo Jersey, XL"",3,7/6/2013"
27323,934,Touring Tire,4,7/6/2013
27324,871,Mountain Bottle Cage,4,5/11/2014
"27325,715,""Long-Sleeve Logo Jersey, L"",3,8/13/2013"
27325,873,Patch Kit/8 Patches,4,8/13/2013
27325,934,Touring Tire,4,8/13/2013
27326,934,Touring Tire,4,12/17/2013
27326,923,Touring Tire Tube,4,12/17/2013
27327,923,Touring Tire Tube,4,10/25/2013
27328,923,Touring Tire Tube,4,6/23/2014
27328,934,Touring Tire,4,6/23/2014
27329,923,Touring Tire Tube,4,11/15/2013
27330,934,Touring Tire,4,5/29/2014
27330,923,Touring Tire Tube,4,5/29/2014
27332,873,Patch Kit/8 Patches,4,2/11/2014
27335,923,Touring Tire Tube,4,5/20/2014
27336,923,Touring Tire Tube,4,9/12/2013
27336,934,Touring Tire,4,9/12/2013
27337,922,Road Tire Tube,4,1/28/2014
27338,877,Bike Wash - Dissolver,4,8/31/2013
27339,872,Road Bottle Cage,4,9/3/2013
27340,931,LL Road Tire,4,9/29/2013
27340,873,Patch Kit/8 Patches,4,9/29/2013
27342,931,LL Road Tire,4,10/16/2013
27343,712,AWC Logo Cap,3,12/6/2013
"27343,882,""Short-Sleeve Classic Jersey, M"",3,12/6/2013"
"27346,881,""Short-Sleeve Classic Jersey, S"",3,10/4/2013"
27346,872,Road Bottle Cage,4,10/4/2013
"27347,874,""Racing Socks, M"",3,11/14/2013"
"27348,858,""Half-Finger Gloves, S"",3,11/18/2013"
"27349,868,""Women's Mountain Shorts, M"",3,6/12/2014"
"27351,884,""Short-Sleeve Classic Jersey, XL"",3,11/5/2013"
"27353,707,""Sport-100 Helmet, Red"",4,11/9/2013"
27353,872,Road Bottle Cage,4,11/9/2013
27355,922,Road Tire Tube,4,11/9/2013
27355,931,LL Road Tire,4,11/9/2013
27356,870,Water Bottle - 30 oz.,4,11/6/2013
"27358,868,""Women's Mountain Shorts, M"",3,9/27/2013"
"27362,881,""Short-Sleeve Classic Jersey, S"",3,11/4/2013"
27362,931,LL Road Tire,4,11/4/2013
27363,712,AWC Logo Cap,3,12/9/2013
"27363,869,""Women's Mountain Shorts, L"",3,12/9/2013"
27364,712,AWC Logo Cap,3,8/1/2013
"27365,711,""Sport-100 Helmet, Blue"",4,11/19/2013"
27365,870,Water Bottle - 30 oz.,4,11/19/2013
"27368,868,""Women's Mountain Shorts, M"",3,8/6/2013"
27368,712,AWC Logo Cap,3,8/6/2013
27369,712,AWC Logo Cap,3,10/20/2013
27371,931,LL Road Tire,4,11/10/2013
27371,873,Patch Kit/8 Patches,4,11/10/2013
"27372,707,""Sport-100 Helmet, Red"",4,6/1/2014"
"27373,711,""Sport-100 Helmet, Blue"",4,10/24/2013"
27374,873,Patch Kit/8 Patches,4,4/18/2014
27375,873,Patch Kit/8 Patches,4,8/20/2013
27376,922,Road Tire Tube,4,4/15/2014
27377,712,AWC Logo Cap,3,6/5/2014
"27377,869,""Women's Mountain Shorts, L"",3,6/5/2014"
27378,712,AWC Logo Cap,3,3/16/2014
27379,880,Hydration Pack - 70 oz.,4,1/5/2014
"27379,864,""Classic Vest, S"",3,1/5/2014"
27379,923,Touring Tire Tube,4,1/5/2014
27381,934,Touring Tire,4,4/20/2014
27381,923,Touring Tire Tube,4,4/20/2014
27382,934,Touring Tire,4,9/13/2013
27382,873,Patch Kit/8 Patches,4,9/13/2013
27383,923,Touring Tire Tube,4,6/25/2014
"27383,711,""Sport-100 Helmet, Blue"",4,6/25/2014"
27384,712,AWC Logo Cap,3,11/6/2013
27385,923,Touring Tire Tube,4,2/16/2014
27385,934,Touring Tire,4,2/16/2014
27386,934,Touring Tire,4,1/1/2014
27386,923,Touring Tire Tube,4,1/1/2014
27387,934,Touring Tire,4,8/27/2013
27388,934,Touring Tire,4,9/12/2013
27388,923,Touring Tire Tube,4,9/12/2013
27390,870,Water Bottle - 30 oz.,4,5/10/2014
27390,923,Touring Tire Tube,4,5/10/2014
27390,934,Touring Tire,4,5/10/2014
27391,923,Touring Tire Tube,4,12/15/2013
27392,931,LL Road Tire,4,6/29/2014
"27393,883,""Short-Sleeve Classic Jersey, L"",3,8/12/2013"
27394,712,AWC Logo Cap,3,2/4/2014
27395,922,Road Tire Tube,4,3/5/2014
27395,931,LL Road Tire,4,3/5/2014
"27396,865,""Classic Vest, M"",3,1/15/2014"
27396,922,Road Tire Tube,4,1/15/2014
27397,877,Bike Wash - Dissolver,4,4/25/2014
27397,931,LL Road Tire,4,4/25/2014
27398,873,Patch Kit/8 Patches,4,3/1/2014
27398,931,LL Road Tire,4,3/1/2014
27399,931,LL Road Tire,4,9/24/2013
27399,712,AWC Logo Cap,3,9/24/2013
"27399,714,""Long-Sleeve Logo Jersey, M"",3,9/24/2013"
"27402,715,""Long-Sleeve Logo Jersey, L"",3,3/23/2014"
"27402,875,""Racing Socks, L"",3,3/23/2014"
"27403,884,""Short-Sleeve Classic Jersey, XL"",3,4/18/2014"
"27403,868,""Women's Mountain Shorts, M"",3,4/18/2014"
27408,934,Touring Tire,4,2/3/2014
27408,923,Touring Tire Tube,4,2/3/2014
"27408,874,""Racing Socks, M"",3,2/3/2014"
27409,922,Road Tire Tube,4,11/19/2013
27409,931,LL Road Tire,4,11/19/2013
27410,931,LL Road Tire,4,10/19/2013
27411,931,LL Road Tire,4,11/4/2013
"27412,711,""Sport-100 Helmet, Blue"",4,3/27/2014"
27412,923,Touring Tire Tube,4,3/27/2014
"27413,866,""Classic Vest, L"",3,10/30/2013"
27413,921,Mountain Tire Tube,4,10/30/2013
"27422,707,""Sport-100 Helmet, Red"",4,3/7/2014"
27422,931,LL Road Tire,4,3/7/2014
27426,873,Patch Kit/8 Patches,4,1/4/2014
"27428,867,""Women's Mountain Shorts, S"",3,11/29/2013"
27430,922,Road Tire Tube,4,12/24/2013
27430,877,Bike Wash - Dissolver,4,12/24/2013
27432,873,Patch Kit/8 Patches,4,4/14/2014
27432,922,Road Tire Tube,4,4/14/2014
27433,873,Patch Kit/8 Patches,4,12/28/2013
27433,931,LL Road Tire,4,12/28/2013
27434,923,Touring Tire Tube,4,6/25/2014
27434,934,Touring Tire,4,6/25/2014
27435,934,Touring Tire,4,10/9/2013
27435,923,Touring Tire Tube,4,10/9/2013
"27436,860,""Half-Finger Gloves, L"",3,4/18/2014"
"27437,868,""Women's Mountain Shorts, M"",3,9/2/2013"
27438,922,Road Tire Tube,4,10/21/2013
27438,931,LL Road Tire,4,10/21/2013
27440,870,Water Bottle - 30 oz.,4,3/17/2014
"27441,868,""Women's Mountain Shorts, M"",3,7/9/2013"
27442,931,LL Road Tire,4,10/28/2013
27442,873,Patch Kit/8 Patches,4,10/28/2013
27443,873,Patch Kit/8 Patches,4,9/27/2013
27444,873,Patch Kit/8 Patches,4,3/24/2014
27445,923,Touring Tire Tube,4,3/28/2014
"27449,708,""Sport-100 Helmet, Black"",4,3/7/2014"
27449,870,Water Bottle - 30 oz.,4,3/7/2014
"27450,860,""Half-Finger Gloves, L"",3,3/14/2014"
27451,921,Mountain Tire Tube,4,12/31/2013
"27451,860,""Half-Finger Gloves, L"",3,12/31/2013"
"27452,708,""Sport-100 Helmet, Black"",4,3/25/2014"
27454,921,Mountain Tire Tube,4,11/14/2013
"27455,866,""Classic Vest, L"",3,3/27/2014"
27455,872,Road Bottle Cage,4,3/27/2014
27456,934,Touring Tire,4,3/17/2014
27456,923,Touring Tire Tube,4,3/17/2014
27457,934,Touring Tire,4,1/29/2014
27457,923,Touring Tire Tube,4,1/29/2014
27458,934,Touring Tire,4,12/2/2013
"27458,711,""Sport-100 Helmet, Blue"",4,12/2/2013"
"27459,715,""Long-Sleeve Logo Jersey, L"",3,3/21/2014"
"27459,708,""Sport-100 Helmet, Black"",4,3/21/2014"
27459,934,Touring Tire,4,3/21/2014
27461,922,Road Tire Tube,4,12/10/2013
"27461,715,""Long-Sleeve Logo Jersey, L"",3,12/10/2013"
"27461,711,""Sport-100 Helmet, Blue"",4,12/10/2013"
27462,922,Road Tire Tube,4,4/7/2014
27462,873,Patch Kit/8 Patches,4,4/7/2014
27462,931,LL Road Tire,4,4/7/2014
27463,931,LL Road Tire,4,8/11/2013
27464,922,Road Tire Tube,4,2/18/2014
27465,877,Bike Wash - Dissolver,4,11/9/2013
27466,922,Road Tire Tube,4,11/9/2013
"27466,884,""Short-Sleeve Classic Jersey, XL"",3,11/9/2013"
27470,872,Road Bottle Cage,4,5/17/2014
27470,870,Water Bottle - 30 oz.,4,5/17/2014
27472,872,Road Bottle Cage,4,5/2/2014
27472,870,Water Bottle - 30 oz.,4,5/2/2014
"27473,883,""Short-Sleeve Classic Jersey, L"",3,5/30/2014"
"27474,708,""Sport-100 Helmet, Black"",4,12/15/2013"
27474,931,LL Road Tire,4,12/15/2013
27475,922,Road Tire Tube,4,5/28/2014
27475,877,Bike Wash - Dissolver,4,5/28/2014
27476,931,LL Road Tire,4,4/26/2014
27477,873,Patch Kit/8 Patches,4,11/30/2013
27478,922,Road Tire Tube,4,9/9/2013
27478,931,LL Road Tire,4,9/9/2013
27479,931,LL Road Tire,4,8/28/2013
27480,923,Touring Tire Tube,4,6/25/2014
27480,934,Touring Tire,4,6/25/2014
"27480,716,""Long-Sleeve Logo Jersey, XL"",3,6/25/2014"
27481,923,Touring Tire Tube,4,1/8/2014
27481,934,Touring Tire,4,1/8/2014
27482,922,Road Tire Tube,4,8/6/2013
"27483,858,""Half-Finger Gloves, S"",3,5/17/2014"
27485,931,LL Road Tire,4,5/1/2014
27485,873,Patch Kit/8 Patches,4,5/1/2014
"27486,708,""Sport-100 Helmet, Black"",4,5/9/2014"
27486,870,Water Bottle - 30 oz.,4,5/9/2014
27489,931,LL Road Tire,4,5/26/2014
"27489,711,""Sport-100 Helmet, Blue"",4,5/26/2014"
27491,922,Road Tire Tube,4,12/12/2013
27492,877,Bike Wash - Dissolver,4,5/3/2014
27492,870,Water Bottle - 30 oz.,4,5/3/2014
27493,712,AWC Logo Cap,3,5/13/2014
"27494,711,""Sport-100 Helmet, Blue"",4,3/31/2014"
27494,872,Road Bottle Cage,4,3/31/2014
27496,873,Patch Kit/8 Patches,4,9/29/2013
27496,930,HL Mountain Tire,4,9/29/2013
27497,873,Patch Kit/8 Patches,4,11/13/2013
27498,873,Patch Kit/8 Patches,4,11/17/2013
27498,931,LL Road Tire,4,11/17/2013
"27500,707,""Sport-100 Helmet, Red"",4,12/2/2013"
27500,872,Road Bottle Cage,4,12/2/2013
"27501,858,""Half-Finger Gloves, S"",3,12/11/2013"
27501,870,Water Bottle - 30 oz.,4,12/11/2013
27505,931,LL Road Tire,4,1/28/2014
27506,931,LL Road Tire,4,12/15/2013
27506,877,Bike Wash - Dissolver,4,12/15/2013
27507,931,LL Road Tire,4,6/9/2014
27507,873,Patch Kit/8 Patches,4,6/9/2014
27509,922,Road Tire Tube,4,8/20/2013
27509,931,LL Road Tire,4,8/20/2013
27510,931,LL Road Tire,4,3/29/2014
27510,873,Patch Kit/8 Patches,4,3/29/2014
27513,931,LL Road Tire,4,12/5/2013
"27516,883,""Short-Sleeve Classic Jersey, L"",3,6/4/2014"
"27518,882,""Short-Sleeve Classic Jersey, M"",3,10/6/2013"
"27519,867,""Women's Mountain Shorts, S"",3,5/2/2014"
"27520,868,""Women's Mountain Shorts, M"",3,10/18/2013"
27525,873,Patch Kit/8 Patches,4,8/8/2013
27525,879,All-Purpose Bike Stand,4,8/8/2013
27526,931,LL Road Tire,4,8/22/2013
"27527,860,""Half-Finger Gloves, L"",3,3/22/2014"
27528,923,Touring Tire Tube,4,2/10/2014
27528,934,Touring Tire,4,2/10/2014
"27529,859,""Half-Finger Gloves, M"",3,1/22/2014"
27529,923,Touring Tire Tube,4,1/22/2014
27530,923,Touring Tire Tube,4,8/24/2013
27530,872,Road Bottle Cage,4,8/24/2013
27530,934,Touring Tire,4,8/24/2013
27532,873,Patch Kit/8 Patches,4,5/31/2014
27533,931,LL Road Tire,4,9/16/2013
27537,872,Road Bottle Cage,4,3/4/2014
27538,934,Touring Tire,4,6/22/2014
27538,923,Touring Tire Tube,4,6/22/2014
27540,870,Water Bottle - 30 oz.,4,4/4/2014
"27540,711,""Sport-100 Helmet, Blue"",4,4/4/2014"
27542,870,Water Bottle - 30 oz.,4,4/30/2014
27542,872,Road Bottle Cage,4,4/30/2014
27548,922,Road Tire Tube,4,5/25/2014
27548,931,LL Road Tire,4,5/25/2014
"27561,708,""Sport-100 Helmet, Black"",4,7/29/2013"
27561,922,Road Tire Tube,4,7/29/2013
"27561,859,""Half-Finger Gloves, M"",3,7/29/2013"
"27562,868,""Women's Mountain Shorts, M"",3,6/26/2014"
27563,922,Road Tire Tube,4,11/28/2013
"27563,859,""Half-Finger Gloves, M"",3,11/28/2013"
27563,931,LL Road Tire,4,11/28/2013
27564,922,Road Tire Tube,4,10/26/2013
"27564,707,""Sport-100 Helmet, Red"",4,10/26/2013"
27565,877,Bike Wash - Dissolver,4,7/30/2013
27565,931,LL Road Tire,4,7/30/2013
27566,922,Road Tire Tube,4,11/19/2013
27566,873,Patch Kit/8 Patches,4,11/19/2013
27570,712,AWC Logo Cap,3,4/10/2014
27574,712,AWC Logo Cap,3,4/9/2014
27574,870,Water Bottle - 30 oz.,4,4/9/2014
27579,923,Touring Tire Tube,4,3/20/2014
"27579,711,""Sport-100 Helmet, Blue"",4,3/20/2014"
27580,923,Touring Tire Tube,4,3/8/2014
27582,877,Bike Wash - Dissolver,4,1/8/2014
27582,872,Road Bottle Cage,4,1/8/2014
27583,870,Water Bottle - 30 oz.,4,1/8/2014
"27584,860,""Half-Finger Gloves, L"",3,1/21/2014"
27585,712,AWC Logo Cap,3,1/14/2014
27585,870,Water Bottle - 30 oz.,4,1/14/2014
27588,923,Touring Tire Tube,4,4/25/2014
27588,877,Bike Wash - Dissolver,4,4/25/2014
"27589,882,""Short-Sleeve Classic Jersey, M"",3,5/3/2014"
27590,880,Hydration Pack - 70 oz.,4,5/25/2014
27590,870,Water Bottle - 30 oz.,4,5/25/2014
27593,712,AWC Logo Cap,3,2/15/2014
27594,923,Touring Tire Tube,4,8/12/2013
27595,923,Touring Tire Tube,4,5/20/2014
"27595,860,""Half-Finger Gloves, L"",3,5/20/2014"
27596,923,Touring Tire Tube,4,9/20/2013
"27596,711,""Sport-100 Helmet, Blue"",4,9/20/2013"
27597,877,Bike Wash - Dissolver,4,2/28/2014
27597,873,Patch Kit/8 Patches,4,2/28/2014
27597,870,Water Bottle - 30 oz.,4,2/28/2014
27598,873,Patch Kit/8 Patches,4,2/1/2014
27598,872,Road Bottle Cage,4,2/1/2014
27600,873,Patch Kit/8 Patches,4,3/19/2014
27603,934,Touring Tire,4,12/6/2013
"27603,711,""Sport-100 Helmet, Blue"",4,12/6/2013"
"27603,860,""Half-Finger Gloves, L"",3,12/6/2013"
27607,873,Patch Kit/8 Patches,4,8/21/2013
27608,923,Touring Tire Tube,4,4/6/2014
27609,873,Patch Kit/8 Patches,4,12/2/2013
27609,934,Touring Tire,4,12/2/2013
27610,934,Touring Tire,4,10/18/2013
27610,923,Touring Tire Tube,4,10/18/2013
27615,873,Patch Kit/8 Patches,4,4/10/2014
27615,934,Touring Tire,4,4/10/2014
27616,873,Patch Kit/8 Patches,4,4/11/2014
27616,934,Touring Tire,4,4/11/2014
27617,870,Water Bottle - 30 oz.,4,4/29/2014
"27618,708,""Sport-100 Helmet, Black"",4,1/3/2014"
27618,934,Touring Tire,4,1/3/2014
27619,934,Touring Tire,4,12/11/2013
27620,880,Hydration Pack - 70 oz.,4,2/22/2014
27620,934,Touring Tire,4,2/22/2014
27623,872,Road Bottle Cage,4,4/8/2014
27623,877,Bike Wash - Dissolver,4,4/8/2014
27626,923,Touring Tire Tube,4,4/24/2014
27627,923,Touring Tire Tube,4,1/11/2014
27627,873,Patch Kit/8 Patches,4,1/11/2014
27629,923,Touring Tire Tube,4,6/1/2014
27629,934,Touring Tire,4,6/1/2014
27630,934,Touring Tire,4,10/19/2013
27630,923,Touring Tire Tube,4,10/19/2013
27631,934,Touring Tire,4,8/17/2013
"27632,711,""Sport-100 Helmet, Blue"",4,3/1/2014"
27633,870,Water Bottle - 30 oz.,4,12/12/2013
27633,921,Mountain Tire Tube,4,12/12/2013
27633,871,Mountain Bottle Cage,4,12/12/2013
27634,922,Road Tire Tube,4,4/17/2014
27634,873,Patch Kit/8 Patches,4,4/17/2014
"27635,860,""Half-Finger Gloves, L"",3,5/17/2014"
"27635,711,""Sport-100 Helmet, Blue"",4,5/17/2014"
27635,934,Touring Tire,4,5/17/2014
27636,870,Water Bottle - 30 oz.,4,4/28/2014
"27636,708,""Sport-100 Helmet, Black"",4,4/28/2014"
"27637,711,""Sport-100 Helmet, Blue"",4,12/4/2013"
27637,934,Touring Tire,4,12/4/2013
27638,934,Touring Tire,4,11/2/2013
27638,923,Touring Tire Tube,4,11/2/2013
"27640,711,""Sport-100 Helmet, Blue"",4,6/29/2014"
27640,931,LL Road Tire,4,6/29/2014
27642,931,LL Road Tire,4,2/21/2014
27643,921,Mountain Tire Tube,4,3/14/2014
27644,873,Patch Kit/8 Patches,4,2/18/2014
27645,923,Touring Tire Tube,4,4/21/2014
27645,880,Hydration Pack - 70 oz.,4,4/21/2014
27648,931,LL Road Tire,4,12/12/2013
27650,873,Patch Kit/8 Patches,4,2/21/2014
"27651,859,""Half-Finger Gloves, M"",3,4/21/2014"
27652,922,Road Tire Tube,4,1/5/2014
"27652,714,""Long-Sleeve Logo Jersey, M"",3,1/5/2014"
"27653,715,""Long-Sleeve Logo Jersey, L"",3,10/18/2013"
"27653,868,""Women's Mountain Shorts, M"",3,10/18/2013"
27657,931,LL Road Tire,4,4/30/2014
27657,922,Road Tire Tube,4,4/30/2014
"27657,711,""Sport-100 Helmet, Blue"",4,4/30/2014"
27658,931,LL Road Tire,4,9/3/2013
27658,873,Patch Kit/8 Patches,4,9/3/2013
"27659,883,""Short-Sleeve Classic Jersey, L"",3,6/30/2013"
27661,931,LL Road Tire,4,7/27/2013
"27663,714,""Long-Sleeve Logo Jersey, M"",3,4/18/2014"
27664,931,LL Road Tire,4,9/15/2013
27664,922,Road Tire Tube,4,9/15/2013
27668,877,Bike Wash - Dissolver,4,4/13/2014
27668,934,Touring Tire,4,4/13/2014
27668,923,Touring Tire Tube,4,4/13/2014
27670,872,Road Bottle Cage,4,4/5/2014
27674,873,Patch Kit/8 Patches,4,1/20/2014
27675,922,Road Tire Tube,4,11/14/2013
27675,873,Patch Kit/8 Patches,4,11/14/2013
27676,931,LL Road Tire,4,6/15/2014
"27676,875,""Racing Socks, L"",3,6/15/2014"
27677,712,AWC Logo Cap,3,12/22/2013
"27677,882,""Short-Sleeve Classic Jersey, M"",3,12/22/2013"
27679,877,Bike Wash - Dissolver,4,12/29/2013
27679,931,LL Road Tire,4,12/29/2013
27680,873,Patch Kit/8 Patches,4,9/7/2013
27680,922,Road Tire Tube,4,9/7/2013
27680,931,LL Road Tire,4,9/7/2013
27682,873,Patch Kit/8 Patches,4,4/27/2014
"27683,707,""Sport-100 Helmet, Red"",4,2/1/2014"
27684,922,Road Tire Tube,4,2/3/2014
27684,931,LL Road Tire,4,2/3/2014
27685,921,Mountain Tire Tube,4,5/15/2014
27685,930,HL Mountain Tire,4,5/15/2014
27686,921,Mountain Tire Tube,4,6/30/2014
"27686,708,""Sport-100 Helmet, Black"",4,6/30/2014"
27687,712,AWC Logo Cap,3,5/24/2014
27688,923,Touring Tire Tube,4,6/30/2013
27688,879,All-Purpose Bike Stand,4,6/30/2013
27694,922,Road Tire Tube,4,5/20/2014
"27694,708,""Sport-100 Helmet, Black"",4,5/20/2014"
27696,712,AWC Logo Cap,3,5/9/2014
"27698,859,""Half-Finger Gloves, M"",3,5/10/2014"
27700,923,Touring Tire Tube,4,10/11/2013
27704,921,Mountain Tire Tube,4,8/9/2013
27704,930,HL Mountain Tire,4,8/9/2013
27705,923,Touring Tire Tube,4,5/4/2014
27706,872,Road Bottle Cage,4,2/8/2014
27708,923,Touring Tire Tube,4,1/31/2014
"27708,708,""Sport-100 Helmet, Black"",4,1/31/2014"
"27709,882,""Short-Sleeve Classic Jersey, M"",3,2/2/2014"
27710,873,Patch Kit/8 Patches,4,3/12/2014
27711,870,Water Bottle - 30 oz.,4,3/2/2014
27711,872,Road Bottle Cage,4,3/2/2014
27713,872,Road Bottle Cage,4,5/10/2014
27713,870,Water Bottle - 30 oz.,4,5/10/2014
27715,873,Patch Kit/8 Patches,4,5/9/2014
27716,873,Patch Kit/8 Patches,4,11/29/2013
27717,877,Bike Wash - Dissolver,4,5/6/2014
27718,923,Touring Tire Tube,4,11/11/2013
"27719,858,""Half-Finger Gloves, S"",3,3/7/2014"
"27720,711,""Sport-100 Helmet, Blue"",4,8/2/2013"
27721,873,Patch Kit/8 Patches,4,3/25/2014
27721,923,Touring Tire Tube,4,3/25/2014
27722,877,Bike Wash - Dissolver,4,3/10/2014
27722,870,Water Bottle - 30 oz.,4,3/10/2014
27722,872,Road Bottle Cage,4,3/10/2014
"27725,716,""Long-Sleeve Logo Jersey, XL"",3,3/26/2014"
27727,922,Road Tire Tube,4,8/22/2013
"27728,865,""Classic Vest, M"",3,4/25/2014"
"27729,875,""Racing Socks, L"",3,7/14/2013"
27732,931,LL Road Tire,4,4/11/2014
27733,873,Patch Kit/8 Patches,4,5/14/2014
27733,876,Hitch Rack - 4-Bike,4,5/14/2014
"27734,716,""Long-Sleeve Logo Jersey, XL"",3,11/5/2013"
"27735,860,""Half-Finger Gloves, L"",3,6/26/2014"
27735,931,LL Road Tire,4,6/26/2014
"27735,711,""Sport-100 Helmet, Blue"",4,6/26/2014"
"27736,711,""Sport-100 Helmet, Blue"",4,5/3/2014"
27736,922,Road Tire Tube,4,5/3/2014
27737,931,LL Road Tire,4,10/22/2013
"27738,867,""Women's Mountain Shorts, S"",3,2/20/2014"
27740,931,LL Road Tire,4,8/17/2013
27741,873,Patch Kit/8 Patches,4,6/23/2014
"27744,882,""Short-Sleeve Classic Jersey, M"",3,6/23/2013"
27744,931,LL Road Tire,4,6/23/2013
"27744,860,""Half-Finger Gloves, L"",3,6/23/2013"
27745,870,Water Bottle - 30 oz.,4,6/8/2013
27745,872,Road Bottle Cage,4,6/8/2013
27746,931,LL Road Tire,4,7/30/2013
"27746,865,""Classic Vest, M"",3,7/30/2013"
"27747,707,""Sport-100 Helmet, Red"",4,5/3/2014"
27747,931,LL Road Tire,4,5/3/2014
27747,922,Road Tire Tube,4,5/3/2014
27748,873,Patch Kit/8 Patches,4,3/4/2014
27750,873,Patch Kit/8 Patches,4,2/16/2014
"27751,881,""Short-Sleeve Classic Jersey, S"",3,10/29/2013"
27753,931,LL Road Tire,4,8/21/2013
27754,931,LL Road Tire,4,1/22/2014
"27755,711,""Sport-100 Helmet, Blue"",4,10/6/2013"
27755,931,LL Road Tire,4,10/6/2013
"27757,883,""Short-Sleeve Classic Jersey, L"",3,8/25/2013"
"27757,867,""Women's Mountain Shorts, S"",3,8/25/2013"
27760,870,Water Bottle - 30 oz.,4,10/30/2013
"27760,711,""Sport-100 Helmet, Blue"",4,10/30/2013"
27763,712,AWC Logo Cap,3,3/7/2014
27763,923,Touring Tire Tube,4,3/7/2014
27764,923,Touring Tire Tube,4,3/16/2014
"27766,711,""Sport-100 Helmet, Blue"",4,6/5/2013"
27767,923,Touring Tire Tube,4,5/30/2013
27769,934,Touring Tire,4,3/25/2014
27772,880,Hydration Pack - 70 oz.,4,8/7/2013
27772,923,Touring Tire Tube,4,8/7/2013
27777,923,Touring Tire Tube,4,7/23/2013
27777,873,Patch Kit/8 Patches,4,7/23/2013
"27779,711,""Sport-100 Helmet, Blue"",4,4/17/2014"
"27782,707,""Sport-100 Helmet, Red"",4,7/28/2013"
27782,922,Road Tire Tube,4,7/28/2013
27783,879,All-Purpose Bike Stand,4,9/2/2013
27783,873,Patch Kit/8 Patches,4,9/2/2013
"27785,707,""Sport-100 Helmet, Red"",4,12/24/2013"
27787,931,LL Road Tire,4,7/28/2013
27787,922,Road Tire Tube,4,7/28/2013
27787,712,AWC Logo Cap,3,7/28/2013
27788,922,Road Tire Tube,4,8/11/2013
27789,872,Road Bottle Cage,4,1/30/2014
27790,870,Water Bottle - 30 oz.,4,2/5/2014
"27790,874,""Racing Socks, M"",3,2/5/2014"
"27793,714,""Long-Sleeve Logo Jersey, M"",3,6/7/2014"
27794,922,Road Tire Tube,4,8/3/2013
27796,872,Road Bottle Cage,4,1/3/2014
27803,923,Touring Tire Tube,4,10/13/2013
27804,922,Road Tire Tube,4,2/25/2014
"27805,707,""Sport-100 Helmet, Red"",4,4/13/2014"
27805,923,Touring Tire Tube,4,4/13/2014
27808,923,Touring Tire Tube,4,4/15/2014
27808,880,Hydration Pack - 70 oz.,4,4/15/2014
27808,934,Touring Tire,4,4/15/2014
27809,712,AWC Logo Cap,3,12/18/2013
27810,870,Water Bottle - 30 oz.,4,5/16/2014
"27810,860,""Half-Finger Gloves, L"",3,5/16/2014"
27812,923,Touring Tire Tube,4,1/18/2014
27813,931,LL Road Tire,4,1/18/2014
27814,879,All-Purpose Bike Stand,4,8/16/2013
27814,873,Patch Kit/8 Patches,4,8/16/2013
"27815,713,""Long-Sleeve Logo Jersey, S"",3,7/18/2013"
27815,931,LL Road Tire,4,7/18/2013
"27815,711,""Sport-100 Helmet, Blue"",4,7/18/2013"
27816,923,Touring Tire Tube,4,10/24/2013
27816,712,AWC Logo Cap,3,10/24/2013
27817,873,Patch Kit/8 Patches,4,5/19/2014
"27818,882,""Short-Sleeve Classic Jersey, M"",3,5/29/2014"
27818,872,Road Bottle Cage,4,5/29/2014
27821,712,AWC Logo Cap,3,7/15/2013
27822,931,LL Road Tire,4,12/24/2013
"27822,874,""Racing Socks, M"",3,12/24/2013"
"27823,707,""Sport-100 Helmet, Red"",4,12/5/2013"
"27824,711,""Sport-100 Helmet, Blue"",4,4/3/2014"
27826,931,LL Road Tire,4,9/21/2013
27827,922,Road Tire Tube,4,4/9/2014
27828,873,Patch Kit/8 Patches,4,8/23/2013
27828,931,LL Road Tire,4,8/23/2013
27829,923,Touring Tire Tube,4,5/5/2014
"27830,711,""Sport-100 Helmet, Blue"",4,4/10/2014"
27830,922,Road Tire Tube,4,4/10/2014
27831,873,Patch Kit/8 Patches,4,6/25/2014
27831,922,Road Tire Tube,4,6/25/2014
27834,712,AWC Logo Cap,3,12/9/2013
27835,870,Water Bottle - 30 oz.,4,7/26/2013
27835,923,Touring Tire Tube,4,7/26/2013
"27835,859,""Half-Finger Gloves, M"",3,7/26/2013"
27837,922,Road Tire Tube,4,7/18/2013
"27837,711,""Sport-100 Helmet, Blue"",4,7/18/2013"
27838,712,AWC Logo Cap,3,4/26/2014
27840,923,Touring Tire Tube,4,10/30/2013
27840,712,AWC Logo Cap,3,10/30/2013
27841,931,LL Road Tire,4,8/19/2013
27841,922,Road Tire Tube,4,8/19/2013
27842,873,Patch Kit/8 Patches,4,11/28/2013
27843,873,Patch Kit/8 Patches,4,12/9/2013
27843,922,Road Tire Tube,4,12/9/2013
27844,923,Touring Tire Tube,4,11/18/2013
"27844,716,""Long-Sleeve Logo Jersey, XL"",3,11/18/2013"
"27846,708,""Sport-100 Helmet, Black"",4,5/5/2014"
27846,872,Road Bottle Cage,4,5/5/2014
27847,931,LL Road Tire,4,11/18/2013
27848,931,LL Road Tire,4,3/30/2014
27848,922,Road Tire Tube,4,3/30/2014
"27849,707,""Sport-100 Helmet, Red"",4,4/9/2014"
27850,870,Water Bottle - 30 oz.,4,8/27/2013
27850,872,Road Bottle Cage,4,8/27/2013
"27850,882,""Short-Sleeve Classic Jersey, M"",3,8/27/2013"
"27851,707,""Sport-100 Helmet, Red"",4,9/8/2013"
27853,872,Road Bottle Cage,4,2/22/2014
27853,870,Water Bottle - 30 oz.,4,2/22/2014
27855,873,Patch Kit/8 Patches,4,4/4/2014
27856,870,Water Bottle - 30 oz.,4,2/26/2014
"27856,859,""Half-Finger Gloves, M"",3,2/26/2014"
"27857,707,""Sport-100 Helmet, Red"",4,8/14/2013"
"27858,716,""Long-Sleeve Logo Jersey, XL"",3,12/20/2013"
27858,931,LL Road Tire,4,12/20/2013
27860,931,LL Road Tire,4,5/23/2014
27863,931,LL Road Tire,4,5/20/2014
"27864,882,""Short-Sleeve Classic Jersey, M"",3,11/2/2013"
27866,872,Road Bottle Cage,4,12/6/2013
"27867,708,""Sport-100 Helmet, Black"",4,1/7/2014"
"27869,860,""Half-Finger Gloves, L"",3,3/25/2014"
27874,870,Water Bottle - 30 oz.,4,8/11/2013
"27874,711,""Sport-100 Helmet, Blue"",4,8/11/2013"
"27874,858,""Half-Finger Gloves, S"",3,8/11/2013"
27877,870,Water Bottle - 30 oz.,4,12/11/2013
"27878,708,""Sport-100 Helmet, Black"",4,1/3/2014"
27878,923,Touring Tire Tube,4,1/3/2014
"27879,708,""Sport-100 Helmet, Black"",4,1/11/2014"
"27882,707,""Sport-100 Helmet, Red"",4,9/12/2013"
27882,872,Road Bottle Cage,4,9/12/2013
27883,934,Touring Tire,4,9/22/2013
27883,923,Touring Tire Tube,4,9/22/2013
27884,872,Road Bottle Cage,4,9/15/2013
27886,923,Touring Tire Tube,4,4/8/2014
27887,871,Mountain Bottle Cage,4,10/5/2013
"27887,859,""Half-Finger Gloves, M"",3,10/5/2013"
27888,871,Mountain Bottle Cage,4,5/19/2014
27888,870,Water Bottle - 30 oz.,4,5/19/2014
27889,933,HL Road Tire,4,3/27/2014
27889,922,Road Tire Tube,4,3/27/2014
27891,870,Water Bottle - 30 oz.,4,2/13/2014
27891,872,Road Bottle Cage,4,2/13/2014
27891,712,AWC Logo Cap,3,2/13/2014
"27892,858,""Half-Finger Gloves, S"",3,3/4/2014"
"27892,708,""Sport-100 Helmet, Black"",4,3/4/2014"
27893,933,HL Road Tire,4,3/2/2014
27895,923,Touring Tire Tube,4,5/17/2014
27895,934,Touring Tire,4,5/17/2014
27901,870,Water Bottle - 30 oz.,4,9/19/2013
"27901,707,""Sport-100 Helmet, Red"",4,9/19/2013"
27903,922,Road Tire Tube,4,8/28/2013
27903,873,Patch Kit/8 Patches,4,8/28/2013
27904,922,Road Tire Tube,4,7/27/2013
27904,876,Hitch Rack - 4-Bike,4,7/27/2013
27904,712,AWC Logo Cap,3,7/27/2013
27904,873,Patch Kit/8 Patches,4,7/27/2013
27907,872,Road Bottle Cage,4,3/26/2014
"27907,859,""Half-Finger Gloves, M"",3,3/26/2014"
27908,712,AWC Logo Cap,3,10/28/2013
27911,922,Road Tire Tube,4,6/8/2014
27912,922,Road Tire Tube,4,5/21/2014
27912,931,LL Road Tire,4,5/21/2014
27914,923,Touring Tire Tube,4,9/12/2013
27915,923,Touring Tire Tube,4,3/17/2014
"27916,708,""Sport-100 Helmet, Black"",4,5/24/2014"
27918,873,Patch Kit/8 Patches,4,4/28/2014
27918,923,Touring Tire Tube,4,4/28/2014
27921,921,Mountain Tire Tube,4,1/19/2014
27922,922,Road Tire Tube,4,3/21/2014
27922,931,LL Road Tire,4,3/21/2014
27924,933,HL Road Tire,4,8/29/2013
27925,922,Road Tire Tube,4,4/15/2014
27930,934,Touring Tire,4,9/1/2013
27930,873,Patch Kit/8 Patches,4,9/1/2013
27931,923,Touring Tire Tube,4,4/24/2014
27932,880,Hydration Pack - 70 oz.,4,1/9/2014
"27932,866,""Classic Vest, L"",3,1/9/2014"
27933,877,Bike Wash - Dissolver,4,4/22/2014
"27935,714,""Long-Sleeve Logo Jersey, M"",3,1/26/2014"
27935,932,ML Road Tire,4,1/26/2014
"27935,711,""Sport-100 Helmet, Blue"",4,1/26/2014"
27937,922,Road Tire Tube,4,8/18/2013
27937,879,All-Purpose Bike Stand,4,8/18/2013
27937,873,Patch Kit/8 Patches,4,8/18/2013
"27938,708,""Sport-100 Helmet, Black"",4,12/12/2013"
"27939,707,""Sport-100 Helmet, Red"",4,9/10/2013"
27939,922,Road Tire Tube,4,9/10/2013
"27940,708,""Sport-100 Helmet, Black"",4,10/11/2013"
27941,873,Patch Kit/8 Patches,4,11/24/2013
27941,877,Bike Wash - Dissolver,4,11/24/2013
27942,923,Touring Tire Tube,4,7/2/2013
"27944,711,""Sport-100 Helmet, Blue"",4,10/28/2013"
27944,712,AWC Logo Cap,3,10/28/2013
27944,933,HL Road Tire,4,10/28/2013
27944,922,Road Tire Tube,4,10/28/2013
27945,712,AWC Logo Cap,3,9/26/2013
27946,712,AWC Logo Cap,3,4/21/2014
27946,872,Road Bottle Cage,4,4/21/2014
27948,872,Road Bottle Cage,4,10/30/2013
27949,870,Water Bottle - 30 oz.,4,6/6/2013
27951,871,Mountain Bottle Cage,4,5/16/2014
27952,933,HL Road Tire,4,11/27/2013
27954,923,Touring Tire Tube,4,1/21/2014
"27955,711,""Sport-100 Helmet, Blue"",4,11/20/2013"
27956,870,Water Bottle - 30 oz.,4,7/24/2013
27957,873,Patch Kit/8 Patches,4,8/31/2013
"27958,711,""Sport-100 Helmet, Blue"",4,5/18/2014"
27959,923,Touring Tire Tube,4,1/1/2014
27960,923,Touring Tire Tube,4,9/20/2013
"27961,860,""Half-Finger Gloves, L"",3,8/23/2013"
27962,873,Patch Kit/8 Patches,4,12/30/2013
27963,923,Touring Tire Tube,4,5/14/2014
27964,873,Patch Kit/8 Patches,4,10/4/2013
27965,922,Road Tire Tube,4,8/9/2013
"27966,707,""Sport-100 Helmet, Red"",4,8/24/2013"
27967,872,Road Bottle Cage,4,9/18/2013
"27968,707,""Sport-100 Helmet, Red"",4,7/5/2013"
"27969,860,""Half-Finger Gloves, L"",3,4/27/2014"
"27970,860,""Half-Finger Gloves, L"",3,9/4/2013"
"27970,708,""Sport-100 Helmet, Black"",4,9/4/2013"
27971,923,Touring Tire Tube,4,4/1/2014
27972,880,Hydration Pack - 70 oz.,4,4/25/2014
27972,923,Touring Tire Tube,4,4/25/2014
27974,870,Water Bottle - 30 oz.,4,4/18/2014
"27975,858,""Half-Finger Gloves, S"",3,2/11/2014"
"27975,881,""Short-Sleeve Classic Jersey, S"",3,2/11/2014"
27976,923,Touring Tire Tube,4,2/16/2014
27977,870,Water Bottle - 30 oz.,4,4/11/2014
"27978,859,""Half-Finger Gloves, M"",3,7/7/2013"
27980,923,Touring Tire Tube,4,10/16/2013
27981,923,Touring Tire Tube,4,7/3/2013
27986,872,Road Bottle Cage,4,5/11/2014
27987,872,Road Bottle Cage,4,5/6/2014
27988,923,Touring Tire Tube,4,3/21/2014
"27990,711,""Sport-100 Helmet, Blue"",4,1/14/2014"
27994,873,Patch Kit/8 Patches,4,1/23/2014
27996,923,Touring Tire Tube,4,7/12/2013
27996,877,Bike Wash - Dissolver,4,7/12/2013
"27998,860,""Half-Finger Gloves, L"",3,2/10/2014"
"27998,716,""Long-Sleeve Logo Jersey, XL"",3,2/10/2014"
"27999,881,""Short-Sleeve Classic Jersey, S"",3,4/12/2014"
27999,923,Touring Tire Tube,4,4/12/2014
"27999,707,""Sport-100 Helmet, Red"",4,4/12/2014"
"28000,860,""Half-Finger Gloves, L"",3,2/7/2014"
"28001,707,""Sport-100 Helmet, Red"",4,3/15/2014"
"28002,708,""Sport-100 Helmet, Black"",4,9/1/2013"
28004,923,Touring Tire Tube,4,9/15/2013
28005,873,Patch Kit/8 Patches,4,8/27/2013
28006,923,Touring Tire Tube,4,11/9/2013
"28007,708,""Sport-100 Helmet, Black"",4,1/15/2014"
28008,923,Touring Tire Tube,4,12/24/2013
28009,873,Patch Kit/8 Patches,4,12/11/2013
"28010,859,""Half-Finger Gloves, M"",3,1/11/2014"
28010,923,Touring Tire Tube,4,1/11/2014
28011,923,Touring Tire Tube,4,9/24/2013
28012,923,Touring Tire Tube,4,1/23/2014
28015,923,Touring Tire Tube,4,10/27/2013
28019,873,Patch Kit/8 Patches,4,5/23/2014
28020,923,Touring Tire Tube,4,10/8/2013
"28021,867,""Women's Mountain Shorts, S"",3,12/9/2013"
28023,923,Touring Tire Tube,4,6/5/2014
28024,879,All-Purpose Bike Stand,4,6/19/2014
28024,877,Bike Wash - Dissolver,4,6/19/2014
28024,931,LL Road Tire,4,6/19/2014
28024,873,Patch Kit/8 Patches,4,6/19/2014
28026,923,Touring Tire Tube,4,4/29/2014
"28027,713,""Long-Sleeve Logo Jersey, S"",3,4/9/2014"
28028,923,Touring Tire Tube,4,9/8/2013
"28028,858,""Half-Finger Gloves, S"",3,9/8/2013"
28029,923,Touring Tire Tube,4,1/24/2014
"28031,708,""Sport-100 Helmet, Black"",4,4/21/2014"
28032,922,Road Tire Tube,4,7/24/2013
28032,931,LL Road Tire,4,7/24/2013
28033,931,LL Road Tire,4,4/1/2014
28037,922,Road Tire Tube,4,5/16/2014
28037,931,LL Road Tire,4,5/16/2014
28038,872,Road Bottle Cage,4,4/23/2014
28038,870,Water Bottle - 30 oz.,4,4/23/2014
"28043,711,""Sport-100 Helmet, Blue"",4,9/24/2013"
"28045,713,""Long-Sleeve Logo Jersey, S"",3,2/7/2014"
28048,712,AWC Logo Cap,3,4/2/2014
"28048,882,""Short-Sleeve Classic Jersey, M"",3,4/2/2014"
28049,873,Patch Kit/8 Patches,4,7/16/2013
28049,931,LL Road Tire,4,7/16/2013
28052,877,Bike Wash - Dissolver,4,4/6/2014
28052,880,Hydration Pack - 70 oz.,4,4/6/2014
28053,923,Touring Tire Tube,4,9/15/2013
"28053,874,""Racing Socks, M"",3,9/15/2013"
28054,922,Road Tire Tube,4,8/30/2013
28055,931,LL Road Tire,4,11/16/2013
28056,931,LL Road Tire,4,4/29/2014
28059,872,Road Bottle Cage,4,12/23/2013
"28059,866,""Classic Vest, L"",3,12/23/2013"
28059,870,Water Bottle - 30 oz.,4,12/23/2013
28060,923,Touring Tire Tube,4,1/8/2014
"28061,875,""Racing Socks, L"",3,4/3/2014"
"28063,715,""Long-Sleeve Logo Jersey, L"",3,4/3/2014"
28063,870,Water Bottle - 30 oz.,4,4/3/2014
"28068,858,""Half-Finger Gloves, S"",3,4/28/2014"
28069,870,Water Bottle - 30 oz.,4,4/29/2014
28073,873,Patch Kit/8 Patches,4,10/24/2013
28074,877,Bike Wash - Dissolver,4,3/19/2014
28075,880,Hydration Pack - 70 oz.,4,4/25/2014
28075,877,Bike Wash - Dissolver,4,4/25/2014
28075,922,Road Tire Tube,4,4/25/2014
"28078,711,""Sport-100 Helmet, Blue"",4,5/18/2014"
28078,870,Water Bottle - 30 oz.,4,5/18/2014
28079,921,Mountain Tire Tube,4,5/2/2014
28080,921,Mountain Tire Tube,4,7/31/2013
28081,931,LL Road Tire,4,5/16/2014
28082,931,LL Road Tire,4,8/2/2013
28082,922,Road Tire Tube,4,8/2/2013
28084,931,LL Road Tire,4,2/6/2014
28084,922,Road Tire Tube,4,2/6/2014
28086,879,All-Purpose Bike Stand,4,9/8/2013
28086,923,Touring Tire Tube,4,9/8/2013
28087,923,Touring Tire Tube,4,10/29/2013
28089,873,Patch Kit/8 Patches,4,2/12/2014
28089,923,Touring Tire Tube,4,2/12/2014
"28090,711,""Sport-100 Helmet, Blue"",4,9/1/2013"
"28099,859,""Half-Finger Gloves, M"",3,5/28/2014"
28100,931,LL Road Tire,4,1/12/2014
28100,922,Road Tire Tube,4,1/12/2014
28101,712,AWC Logo Cap,3,7/13/2013
"28102,708,""Sport-100 Helmet, Black"",4,5/29/2014"
28104,923,Touring Tire Tube,4,5/1/2014
28105,873,Patch Kit/8 Patches,4,2/10/2014
28106,877,Bike Wash - Dissolver,4,9/15/2013
"28107,884,""Short-Sleeve Classic Jersey, XL"",3,7/17/2013"
28107,872,Road Bottle Cage,4,7/17/2013
28109,873,Patch Kit/8 Patches,4,8/12/2013
28109,923,Touring Tire Tube,4,8/12/2013
28110,870,Water Bottle - 30 oz.,4,8/12/2013
"28110,883,""Short-Sleeve Classic Jersey, L"",3,8/12/2013"
"28110,707,""Sport-100 Helmet, Red"",4,8/12/2013"
"28111,708,""Sport-100 Helmet, Black"",4,8/27/2013"
"28111,881,""Short-Sleeve Classic Jersey, S"",3,8/27/2013"
28111,934,Touring Tire,4,8/27/2013
28114,931,LL Road Tire,4,7/28/2013
28115,872,Road Bottle Cage,4,8/9/2013
"28115,875,""Racing Socks, L"",3,8/9/2013"
28116,872,Road Bottle Cage,4,9/23/2013
"28116,866,""Classic Vest, L"",3,9/23/2013"
28117,931,LL Road Tire,4,9/8/2013
"28118,707,""Sport-100 Helmet, Red"",4,5/24/2014"
28118,872,Road Bottle Cage,4,5/24/2014
"28121,715,""Long-Sleeve Logo Jersey, L"",3,4/8/2014"
28122,923,Touring Tire Tube,4,10/25/2013
28124,870,Water Bottle - 30 oz.,4,4/30/2014
28124,873,Patch Kit/8 Patches,4,4/30/2014
28124,923,Touring Tire Tube,4,4/30/2014
28126,923,Touring Tire Tube,4,9/9/2013
28128,923,Touring Tire Tube,4,5/3/2014
28131,872,Road Bottle Cage,4,5/11/2014
28131,870,Water Bottle - 30 oz.,4,5/11/2014
28137,923,Touring Tire Tube,4,3/15/2014
28138,923,Touring Tire Tube,4,6/27/2014
28139,876,Hitch Rack - 4-Bike,4,2/1/2014
28139,873,Patch Kit/8 Patches,4,2/1/2014
"28140,711,""Sport-100 Helmet, Blue"",4,5/30/2014"
"28141,858,""Half-Finger Gloves, S"",3,7/25/2013"
28143,923,Touring Tire Tube,4,8/18/2013
28144,923,Touring Tire Tube,4,12/17/2013
28144,877,Bike Wash - Dissolver,4,12/17/2013
28146,922,Road Tire Tube,4,12/7/2013
28146,931,LL Road Tire,4,12/7/2013
28152,712,AWC Logo Cap,3,5/22/2014
28153,931,LL Road Tire,4,4/5/2014
28157,873,Patch Kit/8 Patches,4,2/10/2014
28159,873,Patch Kit/8 Patches,4,5/26/2014
28159,872,Road Bottle Cage,4,5/26/2014
"28174,707,""Sport-100 Helmet, Red"",4,6/17/2014"
28175,873,Patch Kit/8 Patches,4,7/27/2013
"28187,707,""Sport-100 Helmet, Red"",4,12/13/2013"
"28188,860,""Half-Finger Gloves, L"",3,5/6/2014"
28189,922,Road Tire Tube,4,5/23/2014
28189,873,Patch Kit/8 Patches,4,5/23/2014
28192,931,LL Road Tire,4,3/23/2014
28194,934,Touring Tire,4,5/22/2014
28194,923,Touring Tire Tube,4,5/22/2014
"28194,864,""Classic Vest, S"",3,5/22/2014"
28196,872,Road Bottle Cage,4,5/20/2014
28196,712,AWC Logo Cap,3,5/20/2014
28206,872,Road Bottle Cage,4,6/26/2013
28207,872,Road Bottle Cage,4,6/7/2013
"28207,864,""Classic Vest, S"",3,6/7/2013"
28208,870,Water Bottle - 30 oz.,4,7/26/2013
28212,931,LL Road Tire,4,9/19/2013
28212,922,Road Tire Tube,4,9/19/2013
"28213,708,""Sport-100 Helmet, Black"",4,1/11/2014"
28214,923,Touring Tire Tube,4,3/2/2014
28215,931,LL Road Tire,4,9/4/2013
"28215,859,""Half-Finger Gloves, M"",3,9/4/2013"
28216,873,Patch Kit/8 Patches,4,8/2/2013
28217,873,Patch Kit/8 Patches,4,7/28/2013
28217,877,Bike Wash - Dissolver,4,7/28/2013
28217,870,Water Bottle - 30 oz.,4,7/28/2013
28218,870,Water Bottle - 30 oz.,4,2/8/2014
28218,872,Road Bottle Cage,4,2/8/2014
28219,923,Touring Tire Tube,4,4/26/2014
28220,923,Touring Tire Tube,4,4/18/2014
28225,931,LL Road Tire,4,12/5/2013
28225,922,Road Tire Tube,4,12/5/2013
28226,931,LL Road Tire,4,7/4/2013
"28226,711,""Sport-100 Helmet, Blue"",4,7/4/2013"
"28227,707,""Sport-100 Helmet, Red"",4,1/27/2014"
28227,922,Road Tire Tube,4,1/27/2014
28229,922,Road Tire Tube,4,1/21/2014
28229,873,Patch Kit/8 Patches,4,1/21/2014
28230,922,Road Tire Tube,4,10/23/2013
28231,931,LL Road Tire,4,1/10/2014
28232,873,Patch Kit/8 Patches,4,12/4/2013
28232,876,Hitch Rack - 4-Bike,4,12/4/2013
28234,872,Road Bottle Cage,4,5/23/2014
28235,712,AWC Logo Cap,3,8/16/2013
28236,922,Road Tire Tube,4,12/26/2013
28236,931,LL Road Tire,4,12/26/2013
28237,931,LL Road Tire,4,7/1/2013
28237,922,Road Tire Tube,4,7/1/2013
28239,921,Mountain Tire Tube,4,8/1/2013
28240,923,Touring Tire Tube,4,5/24/2014
28240,934,Touring Tire,4,5/24/2014
28241,880,Hydration Pack - 70 oz.,4,8/6/2013
"28241,714,""Long-Sleeve Logo Jersey, M"",3,8/6/2013"
28241,931,LL Road Tire,4,8/6/2013
28242,873,Patch Kit/8 Patches,4,1/13/2014
"28243,707,""Sport-100 Helmet, Red"",4,5/24/2014"
"28244,715,""Long-Sleeve Logo Jersey, L"",3,5/15/2014"
28244,870,Water Bottle - 30 oz.,4,5/15/2014
28245,921,Mountain Tire Tube,4,6/4/2014
28246,872,Road Bottle Cage,4,5/25/2014
28249,870,Water Bottle - 30 oz.,4,3/16/2014
28249,923,Touring Tire Tube,4,3/16/2014
"28249,875,""Racing Socks, L"",3,3/16/2014"
28253,923,Touring Tire Tube,4,12/2/2013
28254,921,Mountain Tire Tube,4,11/21/2013
28254,873,Patch Kit/8 Patches,4,11/21/2013
28255,923,Touring Tire Tube,4,5/16/2014
28255,934,Touring Tire,4,5/16/2014
"28256,860,""Half-Finger Gloves, L"",3,10/27/2013"
28257,872,Road Bottle Cage,4,5/7/2014
28258,923,Touring Tire Tube,4,6/3/2014
28259,873,Patch Kit/8 Patches,4,5/24/2014
28259,934,Touring Tire,4,5/24/2014
28259,876,Hitch Rack - 4-Bike,4,5/24/2014
28260,921,Mountain Tire Tube,4,11/28/2013
28261,921,Mountain Tire Tube,4,3/30/2014
28261,877,Bike Wash - Dissolver,4,3/30/2014
28261,870,Water Bottle - 30 oz.,4,3/30/2014
28262,923,Touring Tire Tube,4,6/23/2014
28263,923,Touring Tire Tube,4,4/21/2014
28265,923,Touring Tire Tube,4,4/30/2014
28267,923,Touring Tire Tube,4,7/31/2013
"28267,707,""Sport-100 Helmet, Red"",4,7/31/2013"
28269,712,AWC Logo Cap,3,8/10/2013
28272,921,Mountain Tire Tube,4,4/14/2014
"28272,707,""Sport-100 Helmet, Red"",4,4/14/2014"
28272,878,Fender Set - Mountain,4,4/14/2014
28275,923,Touring Tire Tube,4,5/17/2014
28276,923,Touring Tire Tube,4,2/12/2014
"28276,711,""Sport-100 Helmet, Blue"",4,2/12/2014"
28278,923,Touring Tire Tube,4,10/6/2013
28279,923,Touring Tire Tube,4,10/10/2013
28281,923,Touring Tire Tube,4,9/27/2013
28283,921,Mountain Tire Tube,4,5/23/2014
28284,873,Patch Kit/8 Patches,4,5/21/2014
"28287,866,""Classic Vest, L"",3,9/23/2013"
"28287,708,""Sport-100 Helmet, Black"",4,9/23/2013"
28288,712,AWC Logo Cap,3,5/29/2014
28288,870,Water Bottle - 30 oz.,4,5/29/2014
28288,872,Road Bottle Cage,4,5/29/2014
28289,923,Touring Tire Tube,4,5/18/2014
"28290,711,""Sport-100 Helmet, Blue"",4,10/12/2013"
"28290,859,""Half-Finger Gloves, M"",3,10/12/2013"
"28291,711,""Sport-100 Helmet, Blue"",4,2/14/2014"
28292,921,Mountain Tire Tube,4,9/29/2013
"28292,708,""Sport-100 Helmet, Black"",4,9/29/2013"
28301,873,Patch Kit/8 Patches,4,7/10/2013
"28302,868,""Women's Mountain Shorts, M"",3,8/6/2013"
28303,921,Mountain Tire Tube,4,12/18/2013
28303,930,HL Mountain Tire,4,12/18/2013
28304,930,HL Mountain Tire,4,8/7/2013
28304,878,Fender Set - Mountain,4,8/7/2013
"28305,860,""Half-Finger Gloves, L"",3,3/10/2014"
28308,870,Water Bottle - 30 oz.,4,10/3/2013
"28308,707,""Sport-100 Helmet, Red"",4,10/3/2013"
28313,712,AWC Logo Cap,3,10/20/2013
28313,870,Water Bottle - 30 oz.,4,10/20/2013
"28313,716,""Long-Sleeve Logo Jersey, XL"",3,10/20/2013"
28313,872,Road Bottle Cage,4,10/20/2013
28314,872,Road Bottle Cage,4,10/11/2013
28315,877,Bike Wash - Dissolver,4,11/9/2013
28319,877,Bike Wash - Dissolver,4,11/21/2013
"28321,711,""Sport-100 Helmet, Blue"",4,11/26/2013"
28322,923,Touring Tire Tube,4,9/4/2013
28326,923,Touring Tire Tube,4,7/16/2013
28326,934,Touring Tire,4,7/16/2013
28327,870,Water Bottle - 30 oz.,4,7/18/2013
28327,872,Road Bottle Cage,4,7/18/2013
28329,922,Road Tire Tube,4,2/10/2014
28330,873,Patch Kit/8 Patches,4,8/22/2013
"28332,868,""Women's Mountain Shorts, M"",3,11/7/2013"
28335,712,AWC Logo Cap,3,3/9/2014
28336,870,Water Bottle - 30 oz.,4,1/20/2014
28336,872,Road Bottle Cage,4,1/20/2014
28336,876,Hitch Rack - 4-Bike,4,1/20/2014
28337,923,Touring Tire Tube,4,5/10/2014
"28338,874,""Racing Socks, M"",3,11/5/2013"
"28338,708,""Sport-100 Helmet, Black"",4,11/5/2013"
"28341,713,""Long-Sleeve Logo Jersey, S"",3,1/27/2014"
"28341,869,""Women's Mountain Shorts, L"",3,1/27/2014"
"28346,869,""Women's Mountain Shorts, L"",3,6/20/2014"
28347,870,Water Bottle - 30 oz.,4,10/12/2013
28347,923,Touring Tire Tube,4,10/12/2013
28347,880,Hydration Pack - 70 oz.,4,10/12/2013
"28348,865,""Classic Vest, M"",3,2/22/2014"
"28349,711,""Sport-100 Helmet, Blue"",4,3/23/2014"
28350,712,AWC Logo Cap,3,1/18/2014
28352,872,Road Bottle Cage,4,12/8/2013
28352,870,Water Bottle - 30 oz.,4,12/8/2013
28356,880,Hydration Pack - 70 oz.,4,2/17/2014
"28357,865,""Classic Vest, M"",3,5/20/2014"
"28359,875,""Racing Socks, L"",3,12/7/2013"
28360,923,Touring Tire Tube,4,11/1/2013
28361,712,AWC Logo Cap,3,3/13/2014
28365,870,Water Bottle - 30 oz.,4,9/26/2013
28365,872,Road Bottle Cage,4,9/26/2013
"28366,858,""Half-Finger Gloves, S"",3,3/14/2014"
28366,872,Road Bottle Cage,4,3/14/2014
"28367,707,""Sport-100 Helmet, Red"",4,3/12/2014"
28367,931,LL Road Tire,4,3/12/2014
28368,872,Road Bottle Cage,4,5/30/2014
28368,870,Water Bottle - 30 oz.,4,5/30/2014
"28370,715,""Long-Sleeve Logo Jersey, L"",3,3/9/2014"
28370,872,Road Bottle Cage,4,3/9/2014
28370,870,Water Bottle - 30 oz.,4,3/9/2014
28372,872,Road Bottle Cage,4,3/29/2014
28372,870,Water Bottle - 30 oz.,4,3/29/2014
28373,873,Patch Kit/8 Patches,4,1/5/2014
28373,922,Road Tire Tube,4,1/5/2014
"28374,708,""Sport-100 Helmet, Black"",4,8/8/2013"
28374,923,Touring Tire Tube,4,8/8/2013
28375,873,Patch Kit/8 Patches,4,4/5/2014
28375,931,LL Road Tire,4,4/5/2014
28376,870,Water Bottle - 30 oz.,4,12/26/2013
28377,870,Water Bottle - 30 oz.,4,10/7/2013
28377,872,Road Bottle Cage,4,10/7/2013
28378,873,Patch Kit/8 Patches,4,5/23/2014
28378,922,Road Tire Tube,4,5/23/2014
"28379,860,""Half-Finger Gloves, L"",3,9/10/2013"
28379,933,HL Road Tire,4,9/10/2013
28380,873,Patch Kit/8 Patches,4,4/3/2014
28381,923,Touring Tire Tube,4,2/14/2014
28381,934,Touring Tire,4,2/14/2014
28381,712,AWC Logo Cap,3,2/14/2014
"28382,708,""Sport-100 Helmet, Black"",4,11/16/2013"
28384,933,HL Road Tire,4,1/7/2014
"28385,708,""Sport-100 Helmet, Black"",4,5/22/2014"
28385,922,Road Tire Tube,4,5/22/2014
"28386,708,""Sport-100 Helmet, Black"",4,4/5/2014"
28386,922,Road Tire Tube,4,4/5/2014
"28387,707,""Sport-100 Helmet, Red"",4,4/20/2014"
28392,931,LL Road Tire,4,7/7/2013
"28393,708,""Sport-100 Helmet, Black"",4,1/1/2014"
28395,712,AWC Logo Cap,3,2/10/2014
"28398,707,""Sport-100 Helmet, Red"",4,12/9/2013"
28398,922,Road Tire Tube,4,12/9/2013
28399,872,Road Bottle Cage,4,3/31/2014
28402,933,HL Road Tire,4,7/15/2013
28402,922,Road Tire Tube,4,7/15/2013
28404,712,AWC Logo Cap,3,3/13/2014
28404,923,Touring Tire Tube,4,3/13/2014
28404,870,Water Bottle - 30 oz.,4,3/13/2014
28404,872,Road Bottle Cage,4,3/13/2014
28406,922,Road Tire Tube,4,6/26/2014
28406,933,HL Road Tire,4,6/26/2014
28408,931,LL Road Tire,4,10/6/2013
"28410,708,""Sport-100 Helmet, Black"",4,7/23/2013"
28410,931,LL Road Tire,4,7/23/2013
28411,922,Road Tire Tube,4,7/28/2013
"28411,714,""Long-Sleeve Logo Jersey, M"",3,7/28/2013"
"28411,860,""Half-Finger Gloves, L"",3,7/28/2013"
"28411,711,""Sport-100 Helmet, Blue"",4,7/28/2013"
"28412,875,""Racing Socks, L"",3,7/26/2013"
28412,922,Road Tire Tube,4,7/26/2013
28413,931,LL Road Tire,4,2/19/2014
"28415,708,""Sport-100 Helmet, Black"",4,10/17/2013"
"28416,711,""Sport-100 Helmet, Blue"",4,10/30/2013"
28416,872,Road Bottle Cage,4,10/30/2013
28416,870,Water Bottle - 30 oz.,4,10/30/2013
28417,934,Touring Tire,4,11/4/2013
28417,877,Bike Wash - Dissolver,4,11/4/2013
28418,712,AWC Logo Cap,3,2/22/2014
"28419,711,""Sport-100 Helmet, Blue"",4,2/15/2014"
28420,870,Water Bottle - 30 oz.,4,3/15/2014
28421,934,Touring Tire,4,11/12/2013
28422,933,HL Road Tire,4,5/19/2014
28423,934,Touring Tire,4,8/17/2013
"28425,711,""Sport-100 Helmet, Blue"",4,4/3/2014"
28425,872,Road Bottle Cage,4,4/3/2014
"28426,711,""Sport-100 Helmet, Blue"",4,3/13/2014"
28426,931,LL Road Tire,4,3/13/2014
28429,933,HL Road Tire,4,10/26/2013
28430,934,Touring Tire,4,1/5/2014
28430,712,AWC Logo Cap,3,1/5/2014
28431,922,Road Tire Tube,4,1/21/2014
28431,933,HL Road Tire,4,1/21/2014
28431,879,All-Purpose Bike Stand,4,1/21/2014
28435,923,Touring Tire Tube,4,6/22/2014
28435,712,AWC Logo Cap,3,6/22/2014
28436,872,Road Bottle Cage,4,4/2/2014
"28436,866,""Classic Vest, L"",3,4/2/2014"
28437,873,Patch Kit/8 Patches,4,5/2/2014
28437,931,LL Road Tire,4,5/2/2014
28439,922,Road Tire Tube,4,6/18/2014
"28439,711,""Sport-100 Helmet, Blue"",4,6/18/2014"
28440,922,Road Tire Tube,4,1/23/2014
28440,933,HL Road Tire,4,1/23/2014
28441,922,Road Tire Tube,4,2/19/2014
"28444,868,""Women's Mountain Shorts, M"",3,8/20/2013"
28445,934,Touring Tire,4,4/12/2014
28446,870,Water Bottle - 30 oz.,4,11/29/2013
"28450,707,""Sport-100 Helmet, Red"",4,7/15/2013"
28450,934,Touring Tire,4,7/15/2013
28451,712,AWC Logo Cap,3,4/7/2014
28453,934,Touring Tire,4,1/3/2014
28453,873,Patch Kit/8 Patches,4,1/3/2014
28454,923,Touring Tire Tube,4,11/28/2013
28454,880,Hydration Pack - 70 oz.,4,11/28/2013
28455,712,AWC Logo Cap,3,10/12/2013
28455,934,Touring Tire,4,10/12/2013
"28460,716,""Long-Sleeve Logo Jersey, XL"",3,8/15/2013"
28461,923,Touring Tire Tube,4,4/20/2014
28465,923,Touring Tire Tube,4,8/10/2013
"28465,708,""Sport-100 Helmet, Black"",4,8/10/2013"
"28466,713,""Long-Sleeve Logo Jersey, S"",3,6/10/2014"
28467,873,Patch Kit/8 Patches,4,3/9/2014
28467,934,Touring Tire,4,3/9/2014
28468,931,LL Road Tire,4,10/12/2013
"28468,707,""Sport-100 Helmet, Red"",4,10/12/2013"
28469,931,LL Road Tire,4,3/28/2014
"28469,708,""Sport-100 Helmet, Black"",4,3/28/2014"
28474,931,LL Road Tire,4,5/8/2014
"28475,882,""Short-Sleeve Classic Jersey, M"",3,8/25/2013"
"28476,713,""Long-Sleeve Logo Jersey, S"",3,4/6/2014"
"28479,882,""Short-Sleeve Classic Jersey, M"",3,9/21/2013"
28481,923,Touring Tire Tube,4,10/20/2013
28481,934,Touring Tire,4,10/20/2013
28483,870,Water Bottle - 30 oz.,4,10/22/2013
28483,712,AWC Logo Cap,3,10/22/2013
28484,923,Touring Tire Tube,4,10/28/2013
28484,873,Patch Kit/8 Patches,4,10/28/2013
28486,923,Touring Tire Tube,4,11/8/2013
28487,712,AWC Logo Cap,3,11/27/2013
28489,712,AWC Logo Cap,3,12/30/2013
28490,923,Touring Tire Tube,4,12/7/2013
28490,934,Touring Tire,4,12/7/2013
28493,870,Water Bottle - 30 oz.,4,12/30/2013
"28493,858,""Half-Finger Gloves, S"",3,12/30/2013"
28493,872,Road Bottle Cage,4,12/30/2013
28493,923,Touring Tire Tube,4,12/30/2013
"28495,868,""Women's Mountain Shorts, M"",3,10/7/2013"
28497,923,Touring Tire Tube,4,12/7/2013
"28498,867,""Women's Mountain Shorts, S"",3,7/20/2013"
28499,923,Touring Tire Tube,4,12/9/2013
28499,934,Touring Tire,4,12/9/2013
"28501,708,""Sport-100 Helmet, Black"",4,1/25/2014"
28503,870,Water Bottle - 30 oz.,4,5/13/2014
28503,872,Road Bottle Cage,4,5/13/2014
"28505,714,""Long-Sleeve Logo Jersey, M"",3,1/22/2014"
28506,712,AWC Logo Cap,3,3/30/2014
28511,872,Road Bottle Cage,4,5/23/2014
28511,712,AWC Logo Cap,3,5/23/2014
"28513,708,""Sport-100 Helmet, Black"",4,1/28/2014"
28513,934,Touring Tire,4,1/28/2014
"28514,867,""Women's Mountain Shorts, S"",3,9/27/2013"
28515,922,Road Tire Tube,4,5/21/2014
28516,873,Patch Kit/8 Patches,4,5/3/2014
28517,870,Water Bottle - 30 oz.,4,5/30/2014
"28517,858,""Half-Finger Gloves, S"",3,5/30/2014"
28521,712,AWC Logo Cap,3,2/4/2014
28522,872,Road Bottle Cage,4,2/25/2014
28522,870,Water Bottle - 30 oz.,4,2/25/2014
"28523,708,""Sport-100 Helmet, Black"",4,11/16/2013"
28523,872,Road Bottle Cage,4,11/16/2013
28524,872,Road Bottle Cage,4,11/21/2013
28526,931,LL Road Tire,4,5/23/2014
"28526,707,""Sport-100 Helmet, Red"",4,5/23/2014"
28527,873,Patch Kit/8 Patches,4,5/23/2014
"28530,711,""Sport-100 Helmet, Blue"",4,5/1/2014"
28530,870,Water Bottle - 30 oz.,4,5/1/2014
"28535,711,""Sport-100 Helmet, Blue"",4,7/8/2013"
28535,870,Water Bottle - 30 oz.,4,7/8/2013
28536,712,AWC Logo Cap,3,7/26/2013
"28537,711,""Sport-100 Helmet, Blue"",4,11/11/2013"
28538,934,Touring Tire,4,1/24/2014
28538,923,Touring Tire Tube,4,1/24/2014
"28539,867,""Women's Mountain Shorts, S"",3,9/12/2013"
28542,712,AWC Logo Cap,3,7/21/2013
"28543,858,""Half-Finger Gloves, S"",3,8/30/2013"
"28543,715,""Long-Sleeve Logo Jersey, L"",3,8/30/2013"
28543,934,Touring Tire,4,8/30/2013
28544,934,Touring Tire,4,3/22/2014
"28545,882,""Short-Sleeve Classic Jersey, M"",3,11/23/2013"
"28545,868,""Women's Mountain Shorts, M"",3,11/23/2013"
"28546,868,""Women's Mountain Shorts, M"",3,11/29/2013"
28549,934,Touring Tire,4,12/9/2013
"28550,882,""Short-Sleeve Classic Jersey, M"",3,4/13/2014"
28555,872,Road Bottle Cage,4,3/1/2014
28558,934,Touring Tire,4,5/2/2014
28558,923,Touring Tire Tube,4,5/2/2014
28561,873,Patch Kit/8 Patches,4,4/25/2014
28562,873,Patch Kit/8 Patches,4,4/10/2014
28563,872,Road Bottle Cage,4,3/10/2014
28563,870,Water Bottle - 30 oz.,4,3/10/2014
28565,934,Touring Tire,4,5/26/2014
28565,923,Touring Tire Tube,4,5/26/2014
28566,934,Touring Tire,4,6/26/2014
28566,923,Touring Tire Tube,4,6/26/2014
28570,922,Road Tire Tube,4,12/4/2013
28571,923,Touring Tire Tube,4,5/22/2014
28572,932,ML Road Tire,4,10/8/2013
28572,922,Road Tire Tube,4,10/8/2013
28576,923,Touring Tire Tube,4,3/31/2014
28577,873,Patch Kit/8 Patches,4,12/23/2013
"28578,711,""Sport-100 Helmet, Blue"",4,6/17/2014"
28579,873,Patch Kit/8 Patches,4,5/5/2014
"28581,715,""Long-Sleeve Logo Jersey, L"",3,5/4/2014"
"28590,711,""Sport-100 Helmet, Blue"",4,8/19/2013"
"28600,867,""Women's Mountain Shorts, S"",3,8/30/2013"
"28602,716,""Long-Sleeve Logo Jersey, XL"",3,3/19/2014"
"28602,858,""Half-Finger Gloves, S"",3,3/19/2014"
28608,712,AWC Logo Cap,3,4/14/2014
28609,870,Water Bottle - 30 oz.,4,3/18/2014
28609,872,Road Bottle Cage,4,3/18/2014
"28617,715,""Long-Sleeve Logo Jersey, L"",3,5/19/2014"
28617,712,AWC Logo Cap,3,5/19/2014
28622,932,ML Road Tire,4,1/15/2014
28622,922,Road Tire Tube,4,1/15/2014
"28622,707,""Sport-100 Helmet, Red"",4,1/15/2014"
28623,873,Patch Kit/8 Patches,4,8/22/2013
"28631,859,""Half-Finger Gloves, M"",3,7/13/2013"
"28631,869,""Women's Mountain Shorts, L"",3,7/13/2013"
"28632,715,""Long-Sleeve Logo Jersey, L"",3,10/4/2013"
28633,879,All-Purpose Bike Stand,4,9/27/2013
28633,932,ML Road Tire,4,9/27/2013
"28634,707,""Sport-100 Helmet, Red"",4,6/25/2014"
28634,922,Road Tire Tube,4,6/25/2014
"28634,882,""Short-Sleeve Classic Jersey, M"",3,6/25/2014"
28634,712,AWC Logo Cap,3,6/25/2014
28636,922,Road Tire Tube,4,5/28/2014
28636,932,ML Road Tire,4,5/28/2014
28637,873,Patch Kit/8 Patches,4,2/24/2014
28637,932,ML Road Tire,4,2/24/2014
28638,922,Road Tire Tube,4,9/7/2013
28638,712,AWC Logo Cap,3,9/7/2013
28639,879,All-Purpose Bike Stand,4,11/26/2013
28639,922,Road Tire Tube,4,11/26/2013
28639,873,Patch Kit/8 Patches,4,11/26/2013
28641,880,Hydration Pack - 70 oz.,4,2/8/2014
28641,922,Road Tire Tube,4,2/8/2014
28642,932,ML Road Tire,4,11/13/2013
28662,934,Touring Tire,4,12/9/2013
"28665,860,""Half-Finger Gloves, L"",3,4/26/2014"
"28668,875,""Racing Socks, L"",3,8/23/2013"
"28673,708,""Sport-100 Helmet, Black"",4,7/12/2013"
"28674,708,""Sport-100 Helmet, Black"",4,7/24/2013"
"28674,714,""Long-Sleeve Logo Jersey, M"",3,7/24/2013"
28677,923,Touring Tire Tube,4,6/14/2014
"28677,708,""Sport-100 Helmet, Black"",4,6/14/2014"
28678,877,Bike Wash - Dissolver,4,7/14/2013
28679,873,Patch Kit/8 Patches,4,5/15/2014
28680,873,Patch Kit/8 Patches,4,3/26/2014
28680,932,ML Road Tire,4,3/26/2014
"28682,708,""Sport-100 Helmet, Black"",4,8/17/2013"
28682,922,Road Tire Tube,4,8/17/2013
28686,870,Water Bottle - 30 oz.,4,2/18/2014
28686,872,Road Bottle Cage,4,2/18/2014
"28686,708,""Sport-100 Helmet, Black"",4,2/18/2014"
"28696,707,""Sport-100 Helmet, Red"",4,1/7/2014"
28697,870,Water Bottle - 30 oz.,4,1/28/2014
28697,872,Road Bottle Cage,4,1/28/2014
28698,712,AWC Logo Cap,3,3/8/2014
28698,872,Road Bottle Cage,4,3/8/2014
28702,932,ML Road Tire,4,4/20/2014
28702,922,Road Tire Tube,4,4/20/2014
"28702,711,""Sport-100 Helmet, Blue"",4,4/20/2014"
28706,934,Touring Tire,4,3/19/2014
28710,934,Touring Tire,4,1/2/2014
"28714,707,""Sport-100 Helmet, Red"",4,7/28/2013"
28714,872,Road Bottle Cage,4,7/28/2013
28715,870,Water Bottle - 30 oz.,4,12/18/2013
"28715,708,""Sport-100 Helmet, Black"",4,12/18/2013"
"28716,859,""Half-Finger Gloves, M"",3,1/20/2014"
28717,870,Water Bottle - 30 oz.,4,9/30/2013
28718,870,Water Bottle - 30 oz.,4,1/26/2014
"28718,881,""Short-Sleeve Classic Jersey, S"",3,1/26/2014"
28721,870,Water Bottle - 30 oz.,4,4/1/2014
"28722,716,""Long-Sleeve Logo Jersey, XL"",3,12/24/2013"
"28725,868,""Women's Mountain Shorts, M"",3,9/26/2013"
28726,923,Touring Tire Tube,4,4/26/2014
28726,934,Touring Tire,4,4/26/2014
"28729,882,""Short-Sleeve Classic Jersey, M"",3,9/7/2013"
28729,872,Road Bottle Cage,4,9/7/2013
28730,873,Patch Kit/8 Patches,4,7/6/2013
"28731,881,""Short-Sleeve Classic Jersey, S"",3,9/21/2013"
28731,870,Water Bottle - 30 oz.,4,9/21/2013
28733,872,Road Bottle Cage,4,2/12/2014
28733,712,AWC Logo Cap,3,2/12/2014
28735,923,Touring Tire Tube,4,10/8/2013
28735,873,Patch Kit/8 Patches,4,10/8/2013
28738,922,Road Tire Tube,4,1/26/2014
"28738,707,""Sport-100 Helmet, Red"",4,1/26/2014"
28741,872,Road Bottle Cage,4,5/17/2014
"28741,707,""Sport-100 Helmet, Red"",4,5/17/2014"
"28742,707,""Sport-100 Helmet, Red"",4,3/2/2014"
"28743,868,""Women's Mountain Shorts, M"",3,3/9/2014"
28744,923,Touring Tire Tube,4,4/3/2014
28745,922,Road Tire Tube,4,4/27/2014
28745,873,Patch Kit/8 Patches,4,4/27/2014
28746,873,Patch Kit/8 Patches,4,9/8/2013
28747,872,Road Bottle Cage,4,10/24/2013
28748,931,LL Road Tire,4,12/15/2013
"28750,708,""Sport-100 Helmet, Black"",4,5/25/2014"
28751,870,Water Bottle - 30 oz.,4,5/23/2014
"28751,708,""Sport-100 Helmet, Black"",4,5/23/2014"
28753,873,Patch Kit/8 Patches,4,7/29/2013
"28754,711,""Sport-100 Helmet, Blue"",4,12/31/2013"
28754,934,Touring Tire,4,12/31/2013
28755,872,Road Bottle Cage,4,11/11/2013
28755,712,AWC Logo Cap,3,11/11/2013
28756,872,Road Bottle Cage,4,5/5/2014
"28756,708,""Sport-100 Helmet, Black"",4,5/5/2014"
28758,872,Road Bottle Cage,4,6/7/2013
28759,929,ML Mountain Tire,4,5/29/2014
"28759,708,""Sport-100 Helmet, Black"",4,5/29/2014"
28760,932,ML Road Tire,4,5/9/2014
28762,873,Patch Kit/8 Patches,4,6/4/2014
28764,873,Patch Kit/8 Patches,4,7/11/2013
28773,876,Hitch Rack - 4-Bike,4,11/25/2013
28779,712,AWC Logo Cap,3,2/24/2014
28779,870,Water Bottle - 30 oz.,4,2/24/2014
"28784,875,""Racing Socks, L"",3,5/23/2014"
28786,877,Bike Wash - Dissolver,4,10/27/2013
28787,870,Water Bottle - 30 oz.,4,2/26/2014
28791,873,Patch Kit/8 Patches,4,7/29/2013
28791,922,Road Tire Tube,4,7/29/2013
"28796,708,""Sport-100 Helmet, Black"",4,9/2/2013"
28796,932,ML Road Tire,4,9/2/2013
28801,932,ML Road Tire,4,11/25/2013
28803,873,Patch Kit/8 Patches,4,9/27/2013
28806,922,Road Tire Tube,4,8/21/2013
28806,932,ML Road Tire,4,8/21/2013
28810,932,ML Road Tire,4,7/24/2013
28811,932,ML Road Tire,4,1/11/2014
28811,922,Road Tire Tube,4,1/11/2014
28813,932,ML Road Tire,4,8/13/2013
28813,922,Road Tire Tube,4,8/13/2013
28814,873,Patch Kit/8 Patches,4,4/28/2014
28814,922,Road Tire Tube,4,4/28/2014
28815,932,ML Road Tire,4,4/20/2014
28815,922,Road Tire Tube,4,4/20/2014
28816,873,Patch Kit/8 Patches,4,1/21/2014
"28840,860,""Half-Finger Gloves, L"",3,8/2/2013"
28841,872,Road Bottle Cage,4,8/17/2013
28842,870,Water Bottle - 30 oz.,4,8/12/2013
28842,872,Road Bottle Cage,4,8/12/2013
28842,712,AWC Logo Cap,3,8/12/2013
28844,877,Bike Wash - Dissolver,4,8/23/2013
"28855,715,""Long-Sleeve Logo Jersey, L"",3,12/15/2013"
28855,922,Road Tire Tube,4,12/15/2013
28855,932,ML Road Tire,4,12/15/2013
28858,923,Touring Tire Tube,4,11/7/2013
28860,932,ML Road Tire,4,10/15/2013
28861,922,Road Tire Tube,4,3/17/2014
28863,932,ML Road Tire,4,6/7/2014
28863,922,Road Tire Tube,4,6/7/2014
28864,922,Road Tire Tube,4,2/25/2014
28865,932,ML Road Tire,4,11/14/2013
28865,922,Road Tire Tube,4,11/14/2013
"28866,882,""Short-Sleeve Classic Jersey, M"",3,9/28/2013"
"28866,707,""Sport-100 Helmet, Red"",4,9/28/2013"
28866,922,Road Tire Tube,4,9/28/2013
"28867,708,""Sport-100 Helmet, Black"",4,11/27/2013"
28867,932,ML Road Tire,4,11/27/2013
28868,922,Road Tire Tube,4,5/26/2014
28870,872,Road Bottle Cage,4,10/6/2013
28871,712,AWC Logo Cap,3,9/30/2013
"28871,714,""Long-Sleeve Logo Jersey, M"",3,9/30/2013"
28872,880,Hydration Pack - 70 oz.,4,8/11/2013
"28873,708,""Sport-100 Helmet, Black"",4,6/23/2014"
"28875,711,""Sport-100 Helmet, Blue"",4,5/14/2014"
28877,922,Road Tire Tube,4,7/31/2013
28878,873,Patch Kit/8 Patches,4,3/23/2014
28879,880,Hydration Pack - 70 oz.,4,12/13/2013
28879,922,Road Tire Tube,4,12/13/2013
28879,712,AWC Logo Cap,3,12/13/2013
28880,712,AWC Logo Cap,3,9/8/2013
"28880,708,""Sport-100 Helmet, Black"",4,9/8/2013"
28881,923,Touring Tire Tube,4,11/13/2013
28882,873,Patch Kit/8 Patches,4,10/12/2013
"28883,708,""Sport-100 Helmet, Black"",4,3/15/2014"
28884,877,Bike Wash - Dissolver,4,5/20/2014
"28885,859,""Half-Finger Gloves, M"",3,5/3/2014"
"28886,707,""Sport-100 Helmet, Red"",4,5/5/2014"
28886,712,AWC Logo Cap,3,5/5/2014
28887,923,Touring Tire Tube,4,1/29/2014
"28888,708,""Sport-100 Helmet, Black"",4,5/20/2014"
28889,923,Touring Tire Tube,4,1/15/2014
"28890,714,""Long-Sleeve Logo Jersey, M"",3,12/6/2013"
28890,880,Hydration Pack - 70 oz.,4,12/6/2013
"28891,711,""Sport-100 Helmet, Blue"",4,1/21/2014"
28893,873,Patch Kit/8 Patches,4,10/5/2013
28893,877,Bike Wash - Dissolver,4,10/5/2013
28894,923,Touring Tire Tube,4,4/27/2014
28895,872,Road Bottle Cage,4,6/21/2014
"28897,708,""Sport-100 Helmet, Black"",4,6/8/2014"
28898,922,Road Tire Tube,4,8/6/2013
28898,712,AWC Logo Cap,3,8/6/2013
28898,931,LL Road Tire,4,8/6/2013
"28899,711,""Sport-100 Helmet, Blue"",4,5/27/2014"
28899,931,LL Road Tire,4,5/27/2014
28900,923,Touring Tire Tube,4,10/29/2013
28902,922,Road Tire Tube,4,12/28/2013
28902,933,HL Road Tire,4,12/28/2013
28903,873,Patch Kit/8 Patches,4,7/14/2013
28905,712,AWC Logo Cap,3,9/25/2013
28907,873,Patch Kit/8 Patches,4,2/22/2014
28908,931,LL Road Tire,4,7/4/2013
28908,877,Bike Wash - Dissolver,4,7/4/2013
28909,923,Touring Tire Tube,4,1/23/2014
"28910,708,""Sport-100 Helmet, Black"",4,2/19/2014"
28910,870,Water Bottle - 30 oz.,4,2/19/2014
"28912,715,""Long-Sleeve Logo Jersey, L"",3,3/4/2014"
28913,873,Patch Kit/8 Patches,4,3/24/2014
28914,873,Patch Kit/8 Patches,4,10/10/2013
28914,931,LL Road Tire,4,10/10/2013
28915,923,Touring Tire Tube,4,11/14/2013
28916,872,Road Bottle Cage,4,9/28/2013
28916,870,Water Bottle - 30 oz.,4,9/28/2013
28917,923,Touring Tire Tube,4,6/3/2014
28917,880,Hydration Pack - 70 oz.,4,6/3/2014
28918,873,Patch Kit/8 Patches,4,7/25/2013
28920,873,Patch Kit/8 Patches,4,4/9/2014
28921,931,LL Road Tire,4,8/22/2013
28921,879,All-Purpose Bike Stand,4,8/22/2013
28922,870,Water Bottle - 30 oz.,4,1/21/2014
28925,923,Touring Tire Tube,4,4/18/2014
28926,923,Touring Tire Tube,4,4/15/2014
"28928,711,""Sport-100 Helmet, Blue"",4,8/29/2013"
28929,873,Patch Kit/8 Patches,4,3/13/2014
28930,923,Touring Tire Tube,4,5/12/2014
28930,873,Patch Kit/8 Patches,4,5/12/2014
28931,873,Patch Kit/8 Patches,4,11/17/2013
28931,923,Touring Tire Tube,4,11/17/2013
"28932,707,""Sport-100 Helmet, Red"",4,5/14/2014"
28932,923,Touring Tire Tube,4,5/14/2014
28933,923,Touring Tire Tube,4,3/24/2014
"28934,711,""Sport-100 Helmet, Blue"",4,1/17/2014"
28934,923,Touring Tire Tube,4,1/17/2014
28936,873,Patch Kit/8 Patches,4,8/13/2013
28937,873,Patch Kit/8 Patches,4,11/22/2013
28939,870,Water Bottle - 30 oz.,4,8/3/2013
28941,871,Mountain Bottle Cage,4,3/24/2014
28941,880,Hydration Pack - 70 oz.,4,3/24/2014
28943,871,Mountain Bottle Cage,4,12/1/2013
"28943,707,""Sport-100 Helmet, Red"",4,12/1/2013"
28944,870,Water Bottle - 30 oz.,4,1/21/2014
28944,712,AWC Logo Cap,3,1/21/2014
28945,870,Water Bottle - 30 oz.,4,9/20/2013
"28945,884,""Short-Sleeve Classic Jersey, XL"",3,9/20/2013"
28946,870,Water Bottle - 30 oz.,4,6/2/2014
28946,871,Mountain Bottle Cage,4,6/2/2014
28947,870,Water Bottle - 30 oz.,4,11/8/2013
"28949,882,""Short-Sleeve Classic Jersey, M"",3,8/15/2013"
"28950,711,""Sport-100 Helmet, Blue"",4,9/16/2013"
28952,880,Hydration Pack - 70 oz.,4,8/26/2013
28952,923,Touring Tire Tube,4,8/26/2013
"28953,884,""Short-Sleeve Classic Jersey, XL"",3,8/23/2013"
28955,870,Water Bottle - 30 oz.,4,5/30/2014
28956,871,Mountain Bottle Cage,4,12/17/2013
28958,871,Mountain Bottle Cage,4,5/5/2014
28959,871,Mountain Bottle Cage,4,9/23/2013
28960,870,Water Bottle - 30 oz.,4,6/8/2014
"28960,711,""Sport-100 Helmet, Blue"",4,6/8/2014"
"28961,875,""Racing Socks, L"",3,9/12/2013"
"28961,714,""Long-Sleeve Logo Jersey, M"",3,9/12/2013"
28962,870,Water Bottle - 30 oz.,4,9/20/2013
"28962,858,""Half-Finger Gloves, S"",3,9/20/2013"
28962,872,Road Bottle Cage,4,9/20/2013
28963,870,Water Bottle - 30 oz.,4,9/21/2013
28965,932,ML Road Tire,4,4/7/2014
"28965,708,""Sport-100 Helmet, Black"",4,4/7/2014"
28969,712,AWC Logo Cap,3,10/12/2013
28970,932,ML Road Tire,4,4/7/2014
28970,922,Road Tire Tube,4,4/7/2014
28971,873,Patch Kit/8 Patches,4,7/9/2013
28972,922,Road Tire Tube,4,1/25/2014
"28972,708,""Sport-100 Helmet, Black"",4,1/25/2014"
28975,922,Road Tire Tube,4,4/8/2014
28975,932,ML Road Tire,4,4/8/2014
"28976,869,""Women's Mountain Shorts, L"",3,10/14/2013"
28977,932,ML Road Tire,4,10/30/2013
"28978,708,""Sport-100 Helmet, Black"",4,12/10/2013"
28978,932,ML Road Tire,4,12/10/2013
28979,922,Road Tire Tube,4,8/24/2013
"28979,875,""Racing Socks, L"",3,8/24/2013"
28980,932,ML Road Tire,4,10/21/2013
28980,877,Bike Wash - Dissolver,4,10/21/2013
28981,932,ML Road Tire,4,8/18/2013
28982,873,Patch Kit/8 Patches,4,10/4/2013
28983,922,Road Tire Tube,4,1/11/2014
"28983,711,""Sport-100 Helmet, Blue"",4,1/11/2014"
28984,922,Road Tire Tube,4,12/23/2013
28985,932,ML Road Tire,4,8/23/2013
28985,922,Road Tire Tube,4,8/23/2013
"28986,867,""Women's Mountain Shorts, S"",3,1/1/2014"
28987,932,ML Road Tire,4,6/23/2014
28987,873,Patch Kit/8 Patches,4,6/23/2014
"28991,711,""Sport-100 Helmet, Blue"",4,8/29/2013"
28991,922,Road Tire Tube,4,8/29/2013
"28992,869,""Women's Mountain Shorts, L"",3,12/19/2013"
28995,922,Road Tire Tube,4,11/1/2013
28995,932,ML Road Tire,4,11/1/2013
28996,712,AWC Logo Cap,3,1/16/2014
28998,922,Road Tire Tube,4,7/23/2013
29000,873,Patch Kit/8 Patches,4,7/23/2013
"29001,708,""Sport-100 Helmet, Black"",4,5/6/2014"
29002,877,Bike Wash - Dissolver,4,8/19/2013
29002,880,Hydration Pack - 70 oz.,4,8/19/2013
29006,932,ML Road Tire,4,1/3/2014
29006,922,Road Tire Tube,4,1/3/2014
29006,876,Hitch Rack - 4-Bike,4,1/3/2014
29009,922,Road Tire Tube,4,12/14/2013
29011,870,Water Bottle - 30 oz.,4,11/22/2013
29012,712,AWC Logo Cap,3,3/25/2014
29014,932,ML Road Tire,4,7/7/2013
29014,922,Road Tire Tube,4,7/7/2013
"29018,707,""Sport-100 Helmet, Red"",4,4/21/2014"
29018,922,Road Tire Tube,4,4/21/2014
29020,923,Touring Tire Tube,4,11/27/2013
29022,922,Road Tire Tube,4,3/2/2014
29022,932,ML Road Tire,4,3/2/2014
29023,873,Patch Kit/8 Patches,4,3/14/2014
29023,932,ML Road Tire,4,3/14/2014
29024,932,ML Road Tire,4,6/24/2014
29024,922,Road Tire Tube,4,6/24/2014
29025,873,Patch Kit/8 Patches,4,7/26/2013
29028,873,Patch Kit/8 Patches,4,3/13/2014
"29029,860,""Half-Finger Gloves, L"",3,4/24/2014"
"29030,711,""Sport-100 Helmet, Blue"",4,5/22/2014"
29031,923,Touring Tire Tube,4,4/12/2014
"29031,858,""Half-Finger Gloves, S"",3,4/12/2014"
29032,872,Road Bottle Cage,4,11/11/2013
29032,880,Hydration Pack - 70 oz.,4,11/11/2013
29033,932,ML Road Tire,4,11/14/2013
29033,922,Road Tire Tube,4,11/14/2013
29034,873,Patch Kit/8 Patches,4,11/15/2013
29034,879,All-Purpose Bike Stand,4,11/15/2013
29034,922,Road Tire Tube,4,11/15/2013
29035,932,ML Road Tire,4,5/18/2014
"29036,713,""Long-Sleeve Logo Jersey, S"",3,6/2/2014"
29038,922,Road Tire Tube,4,5/21/2014
29040,923,Touring Tire Tube,4,7/9/2013
"29041,860,""Half-Finger Gloves, L"",3,5/27/2014"
29041,872,Road Bottle Cage,4,5/27/2014
"29041,714,""Long-Sleeve Logo Jersey, M"",3,5/27/2014"
29042,934,Touring Tire,4,6/13/2013
29042,923,Touring Tire Tube,4,6/13/2013
"29043,882,""Short-Sleeve Classic Jersey, M"",3,6/18/2013"
"29045,714,""Long-Sleeve Logo Jersey, M"",3,9/24/2013"
29045,923,Touring Tire Tube,4,9/24/2013
29046,932,ML Road Tire,4,12/17/2013
29046,873,Patch Kit/8 Patches,4,12/17/2013
29047,878,Fender Set - Mountain,4,12/28/2013
"29047,860,""Half-Finger Gloves, L"",3,12/28/2013"
"29049,715,""Long-Sleeve Logo Jersey, L"",3,9/5/2013"
29049,922,Road Tire Tube,4,9/5/2013
"29049,707,""Sport-100 Helmet, Red"",4,9/5/2013"
"29050,860,""Half-Finger Gloves, L"",3,5/12/2014"
"29050,708,""Sport-100 Helmet, Black"",4,5/12/2014"
29052,922,Road Tire Tube,4,9/1/2013
"29053,707,""Sport-100 Helmet, Red"",4,10/15/2013"
29055,712,AWC Logo Cap,3,10/31/2013
29055,870,Water Bottle - 30 oz.,4,10/31/2013
"29063,708,""Sport-100 Helmet, Black"",4,11/7/2013"
29064,870,Water Bottle - 30 oz.,4,11/21/2013
"29064,860,""Half-Finger Gloves, L"",3,11/21/2013"
"29064,711,""Sport-100 Helmet, Blue"",4,11/21/2013"
29069,870,Water Bottle - 30 oz.,4,11/24/2013
"29072,716,""Long-Sleeve Logo Jersey, XL"",3,5/26/2014"
"29072,869,""Women's Mountain Shorts, L"",3,5/26/2014"
"29073,707,""Sport-100 Helmet, Red"",4,9/30/2013"
"29074,866,""Classic Vest, L"",3,11/8/2013"
29075,922,Road Tire Tube,4,9/2/2013
"29077,707,""Sport-100 Helmet, Red"",4,4/9/2014"
29077,922,Road Tire Tube,4,4/9/2014
"29078,707,""Sport-100 Helmet, Red"",4,1/18/2014"
29078,932,ML Road Tire,4,1/18/2014
"29079,707,""Sport-100 Helmet, Red"",4,6/30/2013"
"29079,866,""Classic Vest, L"",3,6/30/2013"
"29086,883,""Short-Sleeve Classic Jersey, L"",3,12/10/2013"
29087,870,Water Bottle - 30 oz.,4,1/14/2014
"29087,882,""Short-Sleeve Classic Jersey, M"",3,1/14/2014"
29088,870,Water Bottle - 30 oz.,4,1/6/2014
29089,922,Road Tire Tube,4,9/7/2013
29090,923,Touring Tire Tube,4,1/27/2014
29090,934,Touring Tire,4,1/27/2014
29091,872,Road Bottle Cage,4,1/4/2014
29092,922,Road Tire Tube,4,10/30/2013
29093,922,Road Tire Tube,4,1/19/2014
"29098,711,""Sport-100 Helmet, Blue"",4,1/2/2014"
"29100,881,""Short-Sleeve Classic Jersey, S"",3,5/1/2014"
"29100,711,""Sport-100 Helmet, Blue"",4,5/1/2014"
29100,712,AWC Logo Cap,3,5/1/2014
29101,870,Water Bottle - 30 oz.,4,4/2/2014
"29104,869,""Women's Mountain Shorts, L"",3,4/8/2014"
29105,873,Patch Kit/8 Patches,4,9/14/2013
29107,922,Road Tire Tube,4,9/19/2013
29109,873,Patch Kit/8 Patches,4,10/1/2013
29111,872,Road Bottle Cage,4,11/7/2013
29111,880,Hydration Pack - 70 oz.,4,11/7/2013
29112,873,Patch Kit/8 Patches,4,10/11/2013
"29113,707,""Sport-100 Helmet, Red"",4,9/24/2013"
29113,934,Touring Tire,4,9/24/2013
29115,870,Water Bottle - 30 oz.,4,9/13/2013
29115,872,Road Bottle Cage,4,9/13/2013
29116,871,Mountain Bottle Cage,4,9/8/2013
29116,873,Patch Kit/8 Patches,4,9/8/2013
"29118,716,""Long-Sleeve Logo Jersey, XL"",3,1/5/2014"
29118,871,Mountain Bottle Cage,4,1/5/2014
29118,712,AWC Logo Cap,3,1/5/2014
29119,870,Water Bottle - 30 oz.,4,4/2/2014
29119,871,Mountain Bottle Cage,4,4/2/2014
29120,870,Water Bottle - 30 oz.,4,11/8/2013
29120,871,Mountain Bottle Cage,4,11/8/2013
29121,871,Mountain Bottle Cage,4,2/10/2014
29121,870,Water Bottle - 30 oz.,4,2/10/2014
"29122,708,""Sport-100 Helmet, Black"",4,12/30/2013"
29122,870,Water Bottle - 30 oz.,4,12/30/2013
29123,871,Mountain Bottle Cage,4,3/28/2014
29123,712,AWC Logo Cap,3,3/28/2014
29125,922,Road Tire Tube,4,4/13/2014
29125,873,Patch Kit/8 Patches,4,4/13/2014
29127,922,Road Tire Tube,4,8/24/2013
29130,921,Mountain Tire Tube,4,7/9/2013
29133,922,Road Tire Tube,4,5/27/2014
"29133,714,""Long-Sleeve Logo Jersey, M"",3,5/27/2014"
29134,873,Patch Kit/8 Patches,4,3/8/2014
29160,877,Bike Wash - Dissolver,4,12/9/2013
29161,922,Road Tire Tube,4,3/31/2014
"29162,713,""Long-Sleeve Logo Jersey, S"",3,10/20/2013"
"29164,865,""Classic Vest, M"",3,11/9/2013"
29165,712,AWC Logo Cap,3,7/29/2013
29165,872,Road Bottle Cage,4,7/29/2013
29166,872,Road Bottle Cage,4,11/1/2013
29167,877,Bike Wash - Dissolver,4,12/29/2013
29167,934,Touring Tire,4,12/29/2013
29167,923,Touring Tire Tube,4,12/29/2013
29168,872,Road Bottle Cage,4,12/23/2013
29168,870,Water Bottle - 30 oz.,4,12/23/2013
29172,932,ML Road Tire,4,5/26/2014
29173,932,ML Road Tire,4,9/27/2013
29174,870,Water Bottle - 30 oz.,4,12/19/2013
29175,872,Road Bottle Cage,4,12/6/2013
29176,921,Mountain Tire Tube,4,9/18/2013
29176,877,Bike Wash - Dissolver,4,9/18/2013
29177,922,Road Tire Tube,4,9/28/2013
29178,870,Water Bottle - 30 oz.,4,9/24/2013
29178,872,Road Bottle Cage,4,9/24/2013
29180,870,Water Bottle - 30 oz.,4,9/28/2013
"29180,883,""Short-Sleeve Classic Jersey, L"",3,9/28/2013"
29181,872,Road Bottle Cage,4,2/23/2014
29184,923,Touring Tire Tube,4,9/22/2013
29184,873,Patch Kit/8 Patches,4,9/22/2013
29185,931,LL Road Tire,4,2/16/2014
"29187,707,""Sport-100 Helmet, Red"",4,3/25/2014"
29187,870,Water Bottle - 30 oz.,4,3/25/2014
29188,880,Hydration Pack - 70 oz.,4,12/4/2013
29188,870,Water Bottle - 30 oz.,4,12/4/2013
29189,871,Mountain Bottle Cage,4,1/17/2014
"29189,874,""Racing Socks, M"",3,1/17/2014"
29190,712,AWC Logo Cap,3,9/17/2013
29193,871,Mountain Bottle Cage,4,5/12/2014
"29193,711,""Sport-100 Helmet, Blue"",4,5/12/2014"
"29197,868,""Women's Mountain Shorts, M"",3,4/14/2014"
"29199,711,""Sport-100 Helmet, Blue"",4,2/6/2014"
29200,922,Road Tire Tube,4,12/24/2013
29201,872,Road Bottle Cage,4,12/1/2013
29203,870,Water Bottle - 30 oz.,4,12/5/2013
29205,932,ML Road Tire,4,4/30/2014
29206,922,Road Tire Tube,4,9/18/2013
29206,932,ML Road Tire,4,9/18/2013
29209,921,Mountain Tire Tube,4,7/29/2013
29210,873,Patch Kit/8 Patches,4,1/24/2014
29211,922,Road Tire Tube,4,5/7/2014
29211,873,Patch Kit/8 Patches,4,5/7/2014
29212,873,Patch Kit/8 Patches,4,3/13/2014
29212,879,All-Purpose Bike Stand,4,3/13/2014
29212,932,ML Road Tire,4,3/13/2014
29213,870,Water Bottle - 30 oz.,4,2/15/2014
29214,870,Water Bottle - 30 oz.,4,7/18/2013
29215,932,ML Road Tire,4,6/11/2014
29215,922,Road Tire Tube,4,6/11/2014
29216,922,Road Tire Tube,4,6/29/2014
"29216,864,""Classic Vest, S"",3,6/29/2014"
29217,932,ML Road Tire,4,9/20/2013
29217,922,Road Tire Tube,4,9/20/2013
29218,922,Road Tire Tube,4,1/30/2014
29218,932,ML Road Tire,4,1/30/2014
29219,932,ML Road Tire,4,6/23/2014
29224,932,ML Road Tire,4,8/5/2013
"29226,708,""Sport-100 Helmet, Black"",4,12/18/2013"
29227,922,Road Tire Tube,4,4/14/2014
"29227,708,""Sport-100 Helmet, Black"",4,4/14/2014"
"29229,707,""Sport-100 Helmet, Red"",4,2/7/2014"
29231,870,Water Bottle - 30 oz.,4,4/8/2014
"29232,859,""Half-Finger Gloves, M"",3,9/1/2013"
29232,922,Road Tire Tube,4,9/1/2013
29232,876,Hitch Rack - 4-Bike,4,9/1/2013
29233,922,Road Tire Tube,4,3/25/2014
29233,932,ML Road Tire,4,3/25/2014
29234,922,Road Tire Tube,4,12/9/2013
29235,873,Patch Kit/8 Patches,4,1/16/2014
29238,872,Road Bottle Cage,4,2/17/2014
"29238,866,""Classic Vest, L"",3,2/17/2014"
29239,712,AWC Logo Cap,3,2/22/2014
29239,870,Water Bottle - 30 oz.,4,2/22/2014
29240,870,Water Bottle - 30 oz.,4,5/22/2014
29240,712,AWC Logo Cap,3,5/22/2014
29243,922,Road Tire Tube,4,3/27/2014
"29243,714,""Long-Sleeve Logo Jersey, M"",3,3/27/2014"
29243,932,ML Road Tire,4,3/27/2014
29243,712,AWC Logo Cap,3,3/27/2014
29244,932,ML Road Tire,4,6/8/2014
29244,873,Patch Kit/8 Patches,4,6/8/2014
29245,932,ML Road Tire,4,5/6/2014
"29246,708,""Sport-100 Helmet, Black"",4,3/2/2014"
29246,932,ML Road Tire,4,3/2/2014
"29246,860,""Half-Finger Gloves, L"",3,3/2/2014"
"29247,882,""Short-Sleeve Classic Jersey, M"",3,7/18/2013"
29248,873,Patch Kit/8 Patches,4,7/18/2013
29250,922,Road Tire Tube,4,9/25/2013
"29250,874,""Racing Socks, M"",3,9/25/2013"
29251,922,Road Tire Tube,4,9/3/2013
29252,872,Road Bottle Cage,4,2/27/2014
29252,880,Hydration Pack - 70 oz.,4,2/27/2014
"29253,858,""Half-Finger Gloves, S"",3,11/16/2013"
"29253,708,""Sport-100 Helmet, Black"",4,11/16/2013"
29255,870,Water Bottle - 30 oz.,4,2/11/2014
29255,872,Road Bottle Cage,4,2/11/2014
29257,922,Road Tire Tube,4,3/21/2014
29257,879,All-Purpose Bike Stand,4,3/21/2014
29259,712,AWC Logo Cap,3,3/7/2014
"29260,707,""Sport-100 Helmet, Red"",4,2/10/2014"
"29260,875,""Racing Socks, L"",3,2/10/2014"
29260,922,Road Tire Tube,4,2/10/2014
"29262,858,""Half-Finger Gloves, S"",3,6/26/2014"
"29262,711,""Sport-100 Helmet, Blue"",4,6/26/2014"
29263,922,Road Tire Tube,4,4/30/2014
"29264,715,""Long-Sleeve Logo Jersey, L"",3,3/7/2014"
29264,870,Water Bottle - 30 oz.,4,3/7/2014
"29266,708,""Sport-100 Helmet, Black"",4,9/5/2013"
"29268,711,""Sport-100 Helmet, Blue"",4,7/22/2013"
29270,877,Bike Wash - Dissolver,4,1/25/2014
"29271,711,""Sport-100 Helmet, Blue"",4,10/11/2013"
"29272,708,""Sport-100 Helmet, Black"",4,1/26/2014"
"29273,708,""Sport-100 Helmet, Black"",4,1/26/2014"
29273,922,Road Tire Tube,4,1/26/2014
29279,872,Road Bottle Cage,4,3/16/2014
29279,870,Water Bottle - 30 oz.,4,3/16/2014
29279,712,AWC Logo Cap,3,3/16/2014
29282,870,Water Bottle - 30 oz.,4,6/1/2014
29282,871,Mountain Bottle Cage,4,6/1/2014
29286,870,Water Bottle - 30 oz.,4,8/24/2013
29288,870,Water Bottle - 30 oz.,4,6/27/2014
"29289,711,""Sport-100 Helmet, Blue"",4,9/3/2013"
29289,870,Water Bottle - 30 oz.,4,9/3/2013
29294,870,Water Bottle - 30 oz.,4,3/30/2014
"29296,707,""Sport-100 Helmet, Red"",4,4/7/2014"
29296,870,Water Bottle - 30 oz.,4,4/7/2014
29297,870,Water Bottle - 30 oz.,4,3/11/2014
"29297,858,""Half-Finger Gloves, S"",3,3/11/2014"
"29297,708,""Sport-100 Helmet, Black"",4,3/11/2014"
29301,870,Water Bottle - 30 oz.,4,9/25/2013
29301,876,Hitch Rack - 4-Bike,4,9/25/2013
29302,871,Mountain Bottle Cage,4,10/6/2013
29302,877,Bike Wash - Dissolver,4,10/6/2013
29304,870,Water Bottle - 30 oz.,4,9/2/2013
29304,871,Mountain Bottle Cage,4,9/2/2013
29305,871,Mountain Bottle Cage,4,5/31/2014
29307,871,Mountain Bottle Cage,4,7/1/2013
29311,872,Road Bottle Cage,4,4/25/2014
"29311,714,""Long-Sleeve Logo Jersey, M"",3,4/25/2014"
29312,880,Hydration Pack - 70 oz.,4,10/15/2013
29312,870,Water Bottle - 30 oz.,4,10/15/2013
29315,870,Water Bottle - 30 oz.,4,10/10/2013
"29315,883,""Short-Sleeve Classic Jersey, L"",3,10/10/2013"
29315,871,Mountain Bottle Cage,4,10/10/2013
"29316,707,""Sport-100 Helmet, Red"",4,10/13/2013"
29316,872,Road Bottle Cage,4,10/13/2013
29319,712,AWC Logo Cap,3,10/2/2013
29320,870,Water Bottle - 30 oz.,4,1/29/2014
"29320,875,""Racing Socks, L"",3,1/29/2014"
29321,871,Mountain Bottle Cage,4,10/25/2013
"29321,711,""Sport-100 Helmet, Blue"",4,10/25/2013"
29323,712,AWC Logo Cap,3,1/13/2014
29324,922,Road Tire Tube,4,9/3/2013
"29325,711,""Sport-100 Helmet, Blue"",4,1/18/2014"
29325,922,Road Tire Tube,4,1/18/2014
"29330,707,""Sport-100 Helmet, Red"",4,2/9/2014"
"29331,875,""Racing Socks, L"",3,1/19/2014"
"29331,708,""Sport-100 Helmet, Black"",4,1/19/2014"
29332,879,All-Purpose Bike Stand,4,8/16/2013
29332,873,Patch Kit/8 Patches,4,8/16/2013
"29333,714,""Long-Sleeve Logo Jersey, M"",3,8/8/2013"
29338,870,Water Bottle - 30 oz.,4,12/24/2013
29339,870,Water Bottle - 30 oz.,4,5/25/2014
29339,712,AWC Logo Cap,3,5/25/2014
"29339,715,""Long-Sleeve Logo Jersey, L"",3,5/25/2014"
"29341,883,""Short-Sleeve Classic Jersey, L"",3,2/7/2014"
"29341,708,""Sport-100 Helmet, Black"",4,2/7/2014"
"29342,711,""Sport-100 Helmet, Blue"",4,1/11/2014"
29343,872,Road Bottle Cage,4,5/21/2014
29346,873,Patch Kit/8 Patches,4,5/1/2014
29346,931,LL Road Tire,4,5/1/2014
29347,922,Road Tire Tube,4,7/29/2013
"29347,874,""Racing Socks, M"",3,7/29/2013"
29348,922,Road Tire Tube,4,1/23/2014
29349,922,Road Tire Tube,4,12/25/2013
"29351,715,""Long-Sleeve Logo Jersey, L"",3,3/13/2014"
"29353,858,""Half-Finger Gloves, S"",3,2/1/2014"
"29353,711,""Sport-100 Helmet, Blue"",4,2/1/2014"
29355,931,LL Road Tire,4,6/2/2013
29355,873,Patch Kit/8 Patches,4,6/2/2013
"29356,864,""Classic Vest, S"",3,6/6/2013"
29356,922,Road Tire Tube,4,6/6/2013
29357,870,Water Bottle - 30 oz.,4,3/5/2014
"29359,707,""Sport-100 Helmet, Red"",4,4/15/2014"
29359,934,Touring Tire,4,4/15/2014
29360,934,Touring Tire,4,4/4/2014
29365,923,Touring Tire Tube,4,4/3/2014
29365,934,Touring Tire,4,4/3/2014
29368,872,Road Bottle Cage,4,4/8/2014
"29368,859,""Half-Finger Gloves, M"",3,4/8/2014"
29369,872,Road Bottle Cage,4,5/15/2014
29369,870,Water Bottle - 30 oz.,4,5/15/2014
"29370,875,""Racing Socks, L"",3,3/3/2014"
29370,880,Hydration Pack - 70 oz.,4,3/3/2014
29370,923,Touring Tire Tube,4,3/3/2014
29372,930,HL Mountain Tire,4,11/22/2013
29373,879,All-Purpose Bike Stand,4,10/10/2013
29373,931,LL Road Tire,4,10/10/2013
29375,872,Road Bottle Cage,4,5/27/2014
29377,934,Touring Tire,4,12/14/2013
29378,921,Mountain Tire Tube,4,4/13/2014
29379,873,Patch Kit/8 Patches,4,9/25/2013
"29381,707,""Sport-100 Helmet, Red"",4,5/25/2014"
29381,934,Touring Tire,4,5/25/2014
29383,931,LL Road Tire,4,2/1/2014
29384,931,LL Road Tire,4,11/14/2013
29386,922,Road Tire Tube,4,8/14/2013
29386,873,Patch Kit/8 Patches,4,8/14/2013
29388,922,Road Tire Tube,4,7/6/2013
29388,873,Patch Kit/8 Patches,4,7/6/2013
29393,873,Patch Kit/8 Patches,4,7/1/2013
29394,934,Touring Tire,4,8/22/2013
29394,923,Touring Tire Tube,4,8/22/2013
29395,870,Water Bottle - 30 oz.,4,5/7/2014
29396,923,Touring Tire Tube,4,10/6/2013
29396,934,Touring Tire,4,10/6/2013
"29400,864,""Classic Vest, S"",3,8/16/2013"
29400,872,Road Bottle Cage,4,8/16/2013
29403,712,AWC Logo Cap,3,9/3/2013
29403,870,Water Bottle - 30 oz.,4,9/3/2013
"29403,881,""Short-Sleeve Classic Jersey, S"",3,9/3/2013"
29406,934,Touring Tire,4,1/1/2014
29406,923,Touring Tire Tube,4,1/1/2014
"29407,881,""Short-Sleeve Classic Jersey, S"",3,11/27/2013"
29407,872,Road Bottle Cage,4,11/27/2013
29409,923,Touring Tire Tube,4,9/12/2013
29409,934,Touring Tire,4,9/12/2013
"29412,707,""Sport-100 Helmet, Red"",4,8/22/2013"
29412,931,LL Road Tire,4,8/22/2013
29416,873,Patch Kit/8 Patches,4,12/14/2013
29416,931,LL Road Tire,4,12/14/2013
29417,934,Touring Tire,4,12/10/2013
29417,923,Touring Tire Tube,4,12/10/2013
29417,873,Patch Kit/8 Patches,4,12/10/2013
29418,934,Touring Tire,4,5/24/2014
29418,923,Touring Tire Tube,4,5/24/2014
"29421,881,""Short-Sleeve Classic Jersey, S"",3,5/4/2014"
29422,712,AWC Logo Cap,3,3/16/2014
29424,923,Touring Tire Tube,4,11/24/2013
29425,931,LL Road Tire,4,7/7/2013
29426,922,Road Tire Tube,4,3/14/2014
29428,870,Water Bottle - 30 oz.,4,7/8/2013
29428,934,Touring Tire,4,7/8/2013
29428,923,Touring Tire Tube,4,7/8/2013
"29429,711,""Sport-100 Helmet, Blue"",4,5/14/2014"
29429,931,LL Road Tire,4,5/14/2014
"29432,882,""Short-Sleeve Classic Jersey, M"",3,9/7/2013"
29432,870,Water Bottle - 30 oz.,4,9/7/2013
"29432,859,""Half-Finger Gloves, M"",3,9/7/2013"
"29433,716,""Long-Sleeve Logo Jersey, XL"",3,9/5/2013"
29434,934,Touring Tire,4,9/3/2013
29434,923,Touring Tire Tube,4,9/3/2013
29434,712,AWC Logo Cap,3,9/3/2013
"29435,711,""Sport-100 Helmet, Blue"",4,9/22/2013"
29435,934,Touring Tire,4,9/22/2013
29437,931,LL Road Tire,4,2/27/2014
29438,923,Touring Tire Tube,4,10/11/2013
29439,873,Patch Kit/8 Patches,4,12/5/2013
29440,923,Touring Tire Tube,4,5/5/2014
29440,873,Patch Kit/8 Patches,4,5/5/2014
29441,923,Touring Tire Tube,4,5/27/2014
"29441,708,""Sport-100 Helmet, Black"",4,5/27/2014"
29442,934,Touring Tire,4,9/19/2013
29443,922,Road Tire Tube,4,11/26/2013
"29443,865,""Classic Vest, M"",3,11/26/2013"
29444,931,LL Road Tire,4,3/10/2014
29445,931,LL Road Tire,4,2/7/2014
29445,873,Patch Kit/8 Patches,4,2/7/2014
29446,873,Patch Kit/8 Patches,4,5/3/2014
29446,923,Touring Tire Tube,4,5/3/2014
29447,873,Patch Kit/8 Patches,4,5/28/2014
29451,931,LL Road Tire,4,7/11/2013
29456,712,AWC Logo Cap,3,2/8/2014
29456,870,Water Bottle - 30 oz.,4,2/8/2014
29457,872,Road Bottle Cage,4,2/12/2014
29458,934,Touring Tire,4,2/14/2014
29458,923,Touring Tire Tube,4,2/14/2014
"29459,884,""Short-Sleeve Classic Jersey, XL"",3,2/19/2014"
"29462,866,""Classic Vest, L"",3,3/2/2014"
"29462,708,""Sport-100 Helmet, Black"",4,3/2/2014"
29462,870,Water Bottle - 30 oz.,4,3/2/2014
29464,870,Water Bottle - 30 oz.,4,3/17/2014
29465,870,Water Bottle - 30 oz.,4,3/22/2014
29465,872,Road Bottle Cage,4,3/22/2014
"29468,707,""Sport-100 Helmet, Red"",4,11/4/2013"
"29470,711,""Sport-100 Helmet, Blue"",4,5/7/2014"
29470,922,Road Tire Tube,4,5/7/2014
29471,931,LL Road Tire,4,6/23/2014
"29472,864,""Classic Vest, S"",3,2/1/2014"
29472,922,Road Tire Tube,4,2/1/2014
"29477,711,""Sport-100 Helmet, Blue"",4,11/18/2013"
29478,870,Water Bottle - 30 oz.,4,11/26/2013
"29480,708,""Sport-100 Helmet, Black"",4,12/17/2013"
29480,870,Water Bottle - 30 oz.,4,12/17/2013
29480,712,AWC Logo Cap,3,12/17/2013
"29484,716,""Long-Sleeve Logo Jersey, XL"",3,10/30/2012"
"29484,715,""Long-Sleeve Logo Jersey, L"",3,4/30/2013"
"29484,707,""Sport-100 Helmet, Red"",4,4/30/2013"
"29484,863,""Full-Finger Gloves, L"",3,4/30/2013"
"29484,708,""Sport-100 Helmet, Black"",4,4/30/2013"
"29484,859,""Half-Finger Gloves, M"",3,4/30/2013"
"29484,856,""Men's Bib-Shorts, M"",3,4/30/2013"
"29484,852,""Women's Tights, S"",3,4/30/2013"
"29484,854,""Women's Tights, L"",3,4/30/2013"
29484,712,AWC Logo Cap,3,4/30/2013
"29484,711,""Sport-100 Helmet, Blue"",4,4/30/2013"
"29484,714,""Long-Sleeve Logo Jersey, M"",3,4/30/2013"
"29484,857,""Men's Bib-Shorts, L"",3,7/31/2012"
"29484,861,""Full-Finger Gloves, S"",3,4/30/2013"
29484,844,Minipump,4,4/30/2013
"29485,715,""Long-Sleeve Logo Jersey, L"",3,5/1/2014"
"29485,708,""Sport-100 Helmet, Black"",4,5/1/2014"
29485,870,Water Bottle - 30 oz.,4,5/1/2014
"29485,859,""Half-Finger Gloves, M"",3,5/1/2014"
"29485,865,""Classic Vest, M"",3,5/1/2014"
29485,712,AWC Logo Cap,3,5/1/2014
"29485,714,""Long-Sleeve Logo Jersey, M"",3,5/1/2014"
"29485,864,""Classic Vest, S"",3,5/1/2014"
"29485,881,""Short-Sleeve Classic Jersey, S"",3,5/1/2014"
29485,876,Hitch Rack - 4-Bike,4,5/1/2014
29485,877,Bike Wash - Dissolver,4,5/1/2014
29485,880,Hydration Pack - 70 oz.,4,5/1/2014
"29485,711,""Sport-100 Helmet, Blue"",4,5/1/2014"
"29485,707,""Sport-100 Helmet, Red"",4,5/1/2014"
"29486,874,""Racing Socks, M"",3,5/1/2014"
29486,877,Bike Wash - Dissolver,4,1/29/2014
"29486,854,""Women's Tights, L"",3,1/28/2013"
29486,844,Minipump,4,4/30/2013
"29486,856,""Men's Bib-Shorts, M"",3,1/28/2013"
"29486,858,""Half-Finger Gloves, S"",3,10/30/2013"
"29486,883,""Short-Sleeve Classic Jersey, L"",3,1/29/2014"
"29486,875,""Racing Socks, L"",3,5/1/2014"
"29486,881,""Short-Sleeve Classic Jersey, S"",3,5/1/2014"
"29486,714,""Long-Sleeve Logo Jersey, M"",3,5/1/2014"
"29486,865,""Classic Vest, M"",3,5/1/2014"
"29486,849,""Men's Sports Shorts, M"",3,4/30/2013"
"29486,852,""Women's Tights, S"",3,1/28/2013"
"29486,707,""Sport-100 Helmet, Red"",4,1/29/2014"
"29486,857,""Men's Bib-Shorts, L"",3,7/31/2012"
29486,873,Patch Kit/8 Patches,4,7/31/2013
"29486,716,""Long-Sleeve Logo Jersey, XL"",3,4/30/2013"
29486,880,Hydration Pack - 70 oz.,4,1/29/2014
"29486,711,""Sport-100 Helmet, Blue"",4,1/29/2014"
"29486,708,""Sport-100 Helmet, Black"",4,1/29/2014"
"29487,708,""Sport-100 Helmet, Black"",4,8/1/2011"
"29487,867,""Women's Mountain Shorts, S"",3,10/30/2013"
"29487,709,""Mountain Bike Socks, M"",3,4/30/2012"
"29487,707,""Sport-100 Helmet, Red"",4,8/1/2011"
"29487,711,""Sport-100 Helmet, Blue"",4,1/29/2014"
29488,873,Patch Kit/8 Patches,4,7/31/2013
"29488,714,""Long-Sleeve Logo Jersey, M"",3,5/1/2014"
"29488,716,""Long-Sleeve Logo Jersey, XL"",3,7/31/2013"
"29488,864,""Classic Vest, S"",3,5/1/2014"
"29488,884,""Short-Sleeve Classic Jersey, XL"",3,5/1/2014"
"29488,858,""Half-Finger Gloves, S"",3,10/30/2013"
"29488,883,""Short-Sleeve Classic Jersey, L"",3,5/1/2014"
29488,877,Bike Wash - Dissolver,4,5/1/2014
29488,880,Hydration Pack - 70 oz.,4,5/1/2014
"29488,865,""Classic Vest, M"",3,5/1/2014"
"29488,707,""Sport-100 Helmet, Red"",4,5/1/2014"
29488,870,Water Bottle - 30 oz.,4,5/1/2014
"29488,711,""Sport-100 Helmet, Blue"",4,5/1/2014"
29488,876,Hitch Rack - 4-Bike,4,5/1/2014
"29488,708,""Sport-100 Helmet, Black"",4,5/1/2014"
"29489,859,""Half-Finger Gloves, M"",3,3/1/2014"
29489,876,Hitch Rack - 4-Bike,4,3/1/2014
29489,873,Patch Kit/8 Patches,4,5/30/2013
"29489,881,""Short-Sleeve Classic Jersey, S"",3,3/1/2014"
"29489,884,""Short-Sleeve Classic Jersey, XL"",3,3/1/2014"
"29489,711,""Sport-100 Helmet, Blue"",4,3/1/2014"
"29489,874,""Racing Socks, M"",3,3/1/2014"
29489,877,Bike Wash - Dissolver,4,3/1/2014
"29489,883,""Short-Sleeve Classic Jersey, L"",3,3/1/2014"
"29489,858,""Half-Finger Gloves, S"",3,8/30/2013"
"29489,715,""Long-Sleeve Logo Jersey, L"",3,3/1/2014"
29489,712,AWC Logo Cap,3,3/1/2014
"29489,707,""Sport-100 Helmet, Red"",4,3/1/2014"
"29489,865,""Classic Vest, M"",3,3/1/2014"
"29489,708,""Sport-100 Helmet, Black"",4,3/1/2014"
29489,870,Water Bottle - 30 oz.,4,3/1/2014
"29489,716,""Long-Sleeve Logo Jersey, XL"",3,5/30/2013"
"29489,849,""Men's Sports Shorts, M"",3,5/30/2012"
"29491,714,""Long-Sleeve Logo Jersey, M"",3,8/31/2011"
"29491,707,""Sport-100 Helmet, Red"",4,5/31/2011"
"29491,716,""Long-Sleeve Logo Jersey, XL"",3,5/31/2011"
29491,712,AWC Logo Cap,3,2/29/2012
"29492,869,""Women's Mountain Shorts, L"",3,5/1/2014"
"29492,868,""Women's Mountain Shorts, M"",3,5/1/2014"
"29497,716,""Long-Sleeve Logo Jersey, XL"",3,8/30/2012"
29497,870,Water Bottle - 30 oz.,4,11/30/2013
"29497,857,""Men's Bib-Shorts, L"",3,5/30/2012"
29497,877,Bike Wash - Dissolver,4,11/30/2013
"29497,707,""Sport-100 Helmet, Red"",4,2/28/2013"
"29497,855,""Men's Bib-Shorts, S"",3,5/30/2012"
"29497,709,""Mountain Bike Socks, M"",3,12/1/2011"
"29497,852,""Women's Tights, S"",3,2/28/2013"
"29497,869,""Women's Mountain Shorts, L"",3,3/1/2014"
29497,712,AWC Logo Cap,3,2/28/2013
"29497,849,""Men's Sports Shorts, M"",3,2/28/2013"
"29497,714,""Long-Sleeve Logo Jersey, M"",3,2/28/2013"
"29497,868,""Women's Mountain Shorts, M"",3,3/1/2014"
29497,844,Minipump,4,2/28/2013
"29497,856,""Men's Bib-Shorts, M"",3,2/28/2013"
"29497,861,""Full-Finger Gloves, S"",3,2/28/2013"
"29497,862,""Full-Finger Gloves, M"",3,2/28/2013"
"29497,863,""Full-Finger Gloves, L"",3,2/28/2013"
29497,843,Cable Lock,4,5/30/2012
"29497,715,""Long-Sleeve Logo Jersey, L"",3,2/28/2013"
29499,712,AWC Logo Cap,3,4/30/2013
"29499,863,""Full-Finger Gloves, L"",3,4/30/2013"
"29499,854,""Women's Tights, L"",3,4/30/2013"
"29499,708,""Sport-100 Helmet, Black"",4,4/30/2013"
29499,844,Minipump,4,10/30/2012
"29499,849,""Men's Sports Shorts, M"",3,4/30/2013"
"29499,862,""Full-Finger Gloves, M"",3,4/30/2013"
"29499,852,""Women's Tights, S"",3,4/30/2013"
"29499,868,""Women's Mountain Shorts, M"",3,5/1/2014"
"29499,859,""Half-Finger Gloves, M"",3,4/30/2013"
"29499,857,""Men's Bib-Shorts, L"",3,7/31/2012"
"29499,869,""Women's Mountain Shorts, L"",3,5/1/2014"
"29499,714,""Long-Sleeve Logo Jersey, M"",3,4/30/2013"
"29499,715,""Long-Sleeve Logo Jersey, L"",3,4/30/2013"
"29499,856,""Men's Bib-Shorts, M"",3,4/30/2013"
"29499,716,""Long-Sleeve Logo Jersey, XL"",3,10/30/2012"
"29499,861,""Full-Finger Gloves, S"",3,4/30/2013"
"29499,855,""Men's Bib-Shorts, S"",3,4/30/2013"
"29500,869,""Women's Mountain Shorts, L"",3,3/1/2014"
"29500,867,""Women's Mountain Shorts, S"",3,3/1/2014"
"29501,860,""Half-Finger Gloves, L"",3,5/1/2014"
"29501,866,""Classic Vest, L"",3,7/31/2013"
"29503,868,""Women's Mountain Shorts, M"",3,12/31/2013"
29507,712,AWC Logo Cap,3,3/30/2013
"29507,715,""Long-Sleeve Logo Jersey, L"",3,3/30/2013"
"29507,854,""Women's Tights, L"",3,3/30/2013"
"29507,708,""Sport-100 Helmet, Black"",4,3/30/2013"
"29507,707,""Sport-100 Helmet, Red"",4,3/30/2013"
"29507,858,""Half-Finger Gloves, S"",3,3/30/2013"
"29507,841,""Men's Sports Shorts, S"",3,3/30/2013"
"29507,714,""Long-Sleeve Logo Jersey, M"",3,3/30/2013"
"29507,862,""Full-Finger Gloves, M"",3,12/31/2012"
"29507,859,""Half-Finger Gloves, M"",3,3/30/2013"
"29507,853,""Women's Tights, M"",3,3/30/2013"
"29507,861,""Full-Finger Gloves, S"",3,6/30/2012"
"29507,711,""Sport-100 Helmet, Blue"",4,3/30/2013"
"29507,860,""Half-Finger Gloves, L"",3,3/30/2013"
"29507,855,""Men's Bib-Shorts, S"",3,3/30/2013"
29507,843,Cable Lock,4,3/30/2013
"29507,850,""Men's Sports Shorts, L"",3,3/30/2013"
"29507,716,""Long-Sleeve Logo Jersey, XL"",3,3/30/2013"
29507,844,Minipump,4,3/30/2013
"29507,863,""Full-Finger Gloves, L"",3,3/30/2013"
"29508,708,""Sport-100 Helmet, Black"",4,10/30/2012"
"29509,708,""Sport-100 Helmet, Black"",4,3/30/2013"
"29509,858,""Half-Finger Gloves, S"",3,9/30/2013"
"29509,854,""Women's Tights, L"",3,3/30/2013"
"29509,883,""Short-Sleeve Classic Jersey, L"",3,3/31/2014"
"29509,857,""Men's Bib-Shorts, L"",3,6/30/2012"
"29509,714,""Long-Sleeve Logo Jersey, M"",3,3/30/2013"
29509,712,AWC Logo Cap,3,3/30/2013
"29509,859,""Half-Finger Gloves, M"",3,3/30/2013"
"29509,711,""Sport-100 Helmet, Blue"",4,12/31/2013"
"29509,707,""Sport-100 Helmet, Red"",4,3/30/2013"
"29509,716,""Long-Sleeve Logo Jersey, XL"",3,9/30/2012"
"29509,852,""Women's Tights, S"",3,3/30/2013"
"29509,715,""Long-Sleeve Logo Jersey, L"",3,3/30/2013"
29509,844,Minipump,4,3/30/2013
"29510,708,""Sport-100 Helmet, Black"",4,3/30/2012"
29510,712,AWC Logo Cap,3,3/30/2012
"29510,714,""Long-Sleeve Logo Jersey, M"",3,3/30/2012"
"29510,715,""Long-Sleeve Logo Jersey, L"",3,3/30/2012"
"29510,711,""Sport-100 Helmet, Blue"",4,3/30/2012"
"29511,868,""Women's Mountain Shorts, M"",3,12/31/2013"
"29511,714,""Long-Sleeve Logo Jersey, M"",3,3/30/2012"
"29511,709,""Mountain Bike Socks, M"",3,3/30/2012"
"29511,711,""Sport-100 Helmet, Blue"",4,3/30/2012"
"29511,716,""Long-Sleeve Logo Jersey, XL"",3,3/30/2012"
"29511,707,""Sport-100 Helmet, Red"",4,3/30/2012"
29511,712,AWC Logo Cap,3,3/30/2012
"29513,852,""Women's Tights, S"",3,3/30/2013"
"29513,855,""Men's Bib-Shorts, S"",3,3/30/2013"
"29513,711,""Sport-100 Helmet, Blue"",4,12/31/2012"
"29515,709,""Mountain Bike Socks, M"",3,3/30/2012"
"29517,866,""Classic Vest, L"",3,6/30/2013"
29519,712,AWC Logo Cap,3,6/30/2013
"29519,864,""Classic Vest, S"",3,3/31/2014"
29519,877,Bike Wash - Dissolver,4,6/30/2013
"29519,715,""Long-Sleeve Logo Jersey, L"",3,6/30/2013"
"29519,707,""Sport-100 Helmet, Red"",4,6/30/2013"
29519,876,Hitch Rack - 4-Bike,4,9/30/2013
"29519,874,""Racing Socks, M"",3,3/31/2014"
"29519,708,""Sport-100 Helmet, Black"",4,6/30/2013"
"29519,875,""Racing Socks, L"",3,9/30/2013"
"29519,711,""Sport-100 Helmet, Blue"",4,6/30/2013"
"29520,884,""Short-Sleeve Classic Jersey, XL"",3,11/30/2013"
"29520,711,""Sport-100 Helmet, Blue"",4,5/30/2012"
"29520,852,""Women's Tights, S"",3,2/28/2013"
"29520,856,""Men's Bib-Shorts, M"",3,5/30/2012"
"29520,875,""Racing Socks, L"",3,3/1/2014"
"29520,707,""Sport-100 Helmet, Red"",4,5/30/2012"
"29520,849,""Men's Sports Shorts, M"",3,5/30/2012"
29520,877,Bike Wash - Dissolver,4,3/1/2014
"29520,714,""Long-Sleeve Logo Jersey, M"",3,5/30/2012"
"29520,874,""Racing Socks, M"",3,5/30/2013"
"29520,854,""Women's Tights, L"",3,2/28/2013"
"29521,856,""Men's Bib-Shorts, M"",3,6/30/2012"
"29521,710,""Mountain Bike Socks, L"",3,3/30/2012"
"29521,854,""Women's Tights, L"",3,3/30/2013"
"29521,711,""Sport-100 Helmet, Blue"",4,6/30/2013"
"29521,707,""Sport-100 Helmet, Red"",4,6/30/2013"
"29521,862,""Full-Finger Gloves, M"",3,3/30/2013"
29521,870,Water Bottle - 30 oz.,4,3/31/2014
"29521,709,""Mountain Bike Socks, M"",3,1/1/2012"
"29521,715,""Long-Sleeve Logo Jersey, L"",3,9/30/2013"
"29521,865,""Classic Vest, M"",3,6/30/2013"
29521,712,AWC Logo Cap,3,9/30/2013
"29521,869,""Women's Mountain Shorts, L"",3,3/31/2014"
"29521,708,""Sport-100 Helmet, Black"",4,6/30/2013"
29521,877,Bike Wash - Dissolver,4,6/30/2013
29521,876,Hitch Rack - 4-Bike,4,3/31/2014
"29521,859,""Half-Finger Gloves, M"",3,6/30/2013"
29521,880,Hydration Pack - 70 oz.,4,6/30/2013
"29521,867,""Women's Mountain Shorts, S"",3,3/31/2014"
"29521,883,""Short-Sleeve Classic Jersey, L"",3,6/30/2013"
"29521,863,""Full-Finger Gloves, L"",3,3/30/2013"
"29522,861,""Full-Finger Gloves, S"",3,6/30/2012"
"29522,858,""Half-Finger Gloves, S"",3,9/30/2013"
29522,843,Cable Lock,4,3/30/2013
"29522,710,""Mountain Bike Socks, L"",3,10/1/2011"
"29522,856,""Men's Bib-Shorts, M"",3,3/30/2013"
"29522,857,""Men's Bib-Shorts, L"",3,6/30/2012"
"29522,862,""Full-Finger Gloves, M"",3,3/30/2013"
"29522,883,""Short-Sleeve Classic Jersey, L"",3,3/31/2014"
"29522,852,""Women's Tights, S"",3,3/30/2013"
"29522,707,""Sport-100 Helmet, Red"",4,3/31/2014"
"29522,716,""Long-Sleeve Logo Jersey, XL"",3,6/30/2013"
29522,712,AWC Logo Cap,3,3/31/2014
29522,870,Water Bottle - 30 oz.,4,3/31/2014
"29522,855,""Men's Bib-Shorts, S"",3,3/30/2013"
"29522,864,""Classic Vest, S"",3,3/31/2014"
"29522,709,""Mountain Bike Socks, M"",3,3/30/2012"
"29522,869,""Women's Mountain Shorts, L"",3,3/31/2014"
29522,877,Bike Wash - Dissolver,4,3/31/2014
"29522,849,""Men's Sports Shorts, M"",3,3/30/2013"
29522,880,Hydration Pack - 70 oz.,4,3/31/2014
29522,844,Minipump,4,3/30/2013
"29522,884,""Short-Sleeve Classic Jersey, XL"",3,3/31/2014"
"29522,863,""Full-Finger Gloves, L"",3,3/30/2013"
"29522,714,""Long-Sleeve Logo Jersey, M"",3,3/31/2014"
"29522,868,""Women's Mountain Shorts, M"",3,3/31/2014"
"29522,854,""Women's Tights, L"",3,3/30/2013"
"29522,881,""Short-Sleeve Classic Jersey, S"",3,3/31/2014"
"29523,708,""Sport-100 Helmet, Black"",4,3/31/2014"
"29523,854,""Women's Tights, L"",3,3/30/2013"
"29523,709,""Mountain Bike Socks, M"",3,3/30/2012"
"29523,858,""Half-Finger Gloves, S"",3,9/30/2013"
"29523,869,""Women's Mountain Shorts, L"",3,3/31/2014"
"29523,862,""Full-Finger Gloves, M"",3,3/30/2013"
"29523,884,""Short-Sleeve Classic Jersey, XL"",3,3/31/2014"
"29523,859,""Half-Finger Gloves, M"",3,3/31/2014"
"29523,867,""Women's Mountain Shorts, S"",3,12/31/2013"
"29523,868,""Women's Mountain Shorts, M"",3,3/31/2014"
"29523,714,""Long-Sleeve Logo Jersey, M"",3,3/31/2014"
"29523,711,""Sport-100 Helmet, Blue"",4,3/31/2014"
"29523,841,""Men's Sports Shorts, S"",3,6/30/2012"
29523,876,Hitch Rack - 4-Bike,4,3/31/2014
"29523,865,""Classic Vest, M"",3,3/31/2014"
29523,873,Patch Kit/8 Patches,4,6/30/2013
29523,843,Cable Lock,4,3/30/2013
"29523,710,""Mountain Bike Socks, L"",3,10/1/2011"
"29523,881,""Short-Sleeve Classic Jersey, S"",3,3/31/2014"
"29523,707,""Sport-100 Helmet, Red"",4,3/31/2014"
"29523,883,""Short-Sleeve Classic Jersey, L"",3,3/31/2014"
"29523,855,""Men's Bib-Shorts, S"",3,6/30/2012"
29523,712,AWC Logo Cap,3,3/31/2014
29523,870,Water Bottle - 30 oz.,4,3/31/2014
"29523,715,""Long-Sleeve Logo Jersey, L"",3,3/31/2014"
"29523,716,""Long-Sleeve Logo Jersey, XL"",3,6/30/2013"
29523,844,Minipump,4,3/30/2013
29523,877,Bike Wash - Dissolver,4,3/31/2014
"29525,714,""Long-Sleeve Logo Jersey, M"",3,4/30/2012"
29525,712,AWC Logo Cap,3,1/29/2012
"29525,711,""Sport-100 Helmet, Blue"",4,4/30/2012"
"29525,716,""Long-Sleeve Logo Jersey, XL"",3,4/30/2012"
"29525,708,""Sport-100 Helmet, Black"",4,4/30/2012"
"29525,707,""Sport-100 Helmet, Red"",4,4/30/2012"
"29526,864,""Classic Vest, S"",3,3/31/2014"
29526,712,AWC Logo Cap,3,6/30/2013
29526,877,Bike Wash - Dissolver,4,6/30/2013
29526,876,Hitch Rack - 4-Bike,4,6/30/2013
29526,870,Water Bottle - 30 oz.,4,6/30/2013
29528,873,Patch Kit/8 Patches,4,7/31/2013
"29528,874,""Racing Socks, M"",3,5/1/2014"
"29528,711,""Sport-100 Helmet, Blue"",4,1/29/2014"
"29528,875,""Racing Socks, L"",3,5/1/2014"
"29531,874,""Racing Socks, M"",3,5/1/2014"
"29531,852,""Women's Tights, S"",3,7/31/2012"
"29531,875,""Racing Socks, L"",3,5/1/2014"
"29531,715,""Long-Sleeve Logo Jersey, L"",3,7/31/2012"
"29531,864,""Classic Vest, S"",3,10/30/2013"
29531,712,AWC Logo Cap,3,7/31/2012
29533,712,AWC Logo Cap,3,3/1/2014
"29533,714,""Long-Sleeve Logo Jersey, M"",3,5/30/2013"
"29533,884,""Short-Sleeve Classic Jersey, XL"",3,11/30/2013"
"29533,864,""Classic Vest, S"",3,11/30/2013"
29533,877,Bike Wash - Dissolver,4,3/1/2014
"29533,715,""Long-Sleeve Logo Jersey, L"",3,8/30/2013"
"29533,856,""Men's Bib-Shorts, M"",3,2/28/2013"
"29533,716,""Long-Sleeve Logo Jersey, XL"",3,5/30/2012"
29533,876,Hitch Rack - 4-Bike,4,3/1/2014
"29533,883,""Short-Sleeve Classic Jersey, L"",3,3/1/2014"
"29533,852,""Women's Tights, S"",3,2/28/2013"
"29533,875,""Racing Socks, L"",3,11/30/2013"
29533,870,Water Bottle - 30 oz.,4,3/1/2014
"29533,854,""Women's Tights, L"",3,2/28/2013"
"29533,874,""Racing Socks, M"",3,3/1/2014"
"29534,865,""Classic Vest, M"",3,1/29/2014"
29534,873,Patch Kit/8 Patches,4,7/31/2013
"29534,858,""Half-Finger Gloves, S"",3,10/30/2013"
"29534,711,""Sport-100 Helmet, Blue"",4,1/29/2014"
"29535,708,""Sport-100 Helmet, Black"",4,1/28/2013"
"29536,856,""Men's Bib-Shorts, M"",3,1/28/2013"
"29536,861,""Full-Finger Gloves, S"",3,10/30/2012"
"29536,716,""Long-Sleeve Logo Jersey, XL"",3,4/30/2013"
"29538,864,""Classic Vest, S"",3,12/31/2013"
"29538,883,""Short-Sleeve Classic Jersey, L"",3,3/31/2014"
"29538,715,""Long-Sleeve Logo Jersey, L"",3,3/31/2014"
29538,712,AWC Logo Cap,3,3/31/2014
29539,876,Hitch Rack - 4-Bike,4,3/31/2014
"29539,859,""Half-Finger Gloves, M"",3,6/30/2013"
"29539,881,""Short-Sleeve Classic Jersey, S"",3,6/30/2013"
"29539,865,""Classic Vest, M"",3,6/30/2013"
"29539,874,""Racing Socks, M"",3,3/31/2014"
"29539,711,""Sport-100 Helmet, Blue"",4,6/30/2013"
29539,877,Bike Wash - Dissolver,4,9/30/2013
"29539,884,""Short-Sleeve Classic Jersey, XL"",3,3/31/2014"
"29539,883,""Short-Sleeve Classic Jersey, L"",3,3/31/2014"
"29539,715,""Long-Sleeve Logo Jersey, L"",3,3/31/2014"
29539,712,AWC Logo Cap,3,3/31/2014
"29539,716,""Long-Sleeve Logo Jersey, XL"",3,6/30/2012"
"29539,708,""Sport-100 Helmet, Black"",4,6/30/2013"
"29539,854,""Women's Tights, L"",3,3/30/2013"
"29539,707,""Sport-100 Helmet, Red"",4,6/30/2012"
29539,870,Water Bottle - 30 oz.,4,3/31/2014
"29539,714,""Long-Sleeve Logo Jersey, M"",3,6/30/2013"
"29540,884,""Short-Sleeve Classic Jersey, XL"",3,3/31/2014"
"29540,859,""Half-Finger Gloves, M"",3,6/30/2013"
29540,880,Hydration Pack - 70 oz.,4,6/30/2013
29540,712,AWC Logo Cap,3,9/30/2013
"29540,868,""Women's Mountain Shorts, M"",3,3/31/2014"
"29540,864,""Classic Vest, S"",3,3/31/2014"
29540,877,Bike Wash - Dissolver,4,6/30/2013
"29540,863,""Full-Finger Gloves, L"",3,3/30/2013"
"29540,883,""Short-Sleeve Classic Jersey, L"",3,6/30/2013"
"29540,708,""Sport-100 Helmet, Black"",4,6/30/2013"
"29540,861,""Full-Finger Gloves, S"",3,3/30/2013"
"29540,869,""Women's Mountain Shorts, L"",3,3/31/2014"
"29540,852,""Women's Tights, S"",3,9/30/2012"
"29540,856,""Men's Bib-Shorts, M"",3,6/30/2012"
"29540,715,""Long-Sleeve Logo Jersey, L"",3,9/30/2013"
"29540,862,""Full-Finger Gloves, M"",3,3/30/2013"
29540,870,Water Bottle - 30 oz.,4,9/30/2013
"29540,711,""Sport-100 Helmet, Blue"",4,6/30/2013"
"29541,714,""Long-Sleeve Logo Jersey, M"",3,10/1/2011"
"29542,884,""Short-Sleeve Classic Jersey, XL"",3,6/30/2013"
"29543,860,""Half-Finger Gloves, L"",3,9/30/2012"
"29543,864,""Classic Vest, S"",3,6/30/2013"
"29543,850,""Men's Sports Shorts, L"",3,12/31/2012"
"29543,853,""Women's Tights, M"",3,9/30/2012"
"29544,867,""Women's Mountain Shorts, S"",3,12/31/2013"
"29544,852,""Women's Tights, S"",3,9/30/2012"
"29544,869,""Women's Mountain Shorts, L"",3,3/31/2014"
"29544,863,""Full-Finger Gloves, L"",3,3/30/2013"
"29544,711,""Sport-100 Helmet, Blue"",4,6/30/2013"
"29544,861,""Full-Finger Gloves, S"",3,3/30/2013"
"29544,864,""Classic Vest, S"",3,3/31/2014"
"29544,854,""Women's Tights, L"",3,3/30/2013"
"29544,708,""Sport-100 Helmet, Black"",4,6/30/2013"
"29544,862,""Full-Finger Gloves, M"",3,3/30/2013"
29544,876,Hitch Rack - 4-Bike,4,3/31/2014
"29544,859,""Half-Finger Gloves, M"",3,6/30/2013"
29544,870,Water Bottle - 30 oz.,4,3/31/2014
29544,880,Hydration Pack - 70 oz.,4,6/30/2013
"29544,715,""Long-Sleeve Logo Jersey, L"",3,9/30/2013"
29544,712,AWC Logo Cap,3,9/30/2013
"29544,856,""Men's Bib-Shorts, M"",3,6/30/2012"
29544,877,Bike Wash - Dissolver,4,6/30/2013
"29546,711,""Sport-100 Helmet, Blue"",4,5/1/2014"
29546,876,Hitch Rack - 4-Bike,4,5/1/2014
"29546,881,""Short-Sleeve Classic Jersey, S"",3,5/1/2014"
"29546,859,""Half-Finger Gloves, M"",3,5/1/2014"
29546,844,Minipump,4,4/30/2013
"29546,865,""Classic Vest, M"",3,5/1/2014"
"29546,874,""Racing Socks, M"",3,5/1/2014"
"29546,856,""Men's Bib-Shorts, M"",3,4/30/2013"
"29546,854,""Women's Tights, L"",3,4/30/2013"
"29546,716,""Long-Sleeve Logo Jersey, XL"",3,7/31/2013"
29546,877,Bike Wash - Dissolver,4,5/1/2014
29546,870,Water Bottle - 30 oz.,4,5/1/2014
"29546,715,""Long-Sleeve Logo Jersey, L"",3,5/1/2014"
"29546,858,""Half-Finger Gloves, S"",3,7/31/2013"
29546,843,Cable Lock,4,7/31/2012
29546,712,AWC Logo Cap,3,5/1/2014
"29546,855,""Men's Bib-Shorts, S"",3,7/31/2012"
"29546,707,""Sport-100 Helmet, Red"",4,5/1/2014"
"29546,708,""Sport-100 Helmet, Black"",4,5/1/2014"
29546,880,Hydration Pack - 70 oz.,4,5/1/2014
"29546,849,""Men's Sports Shorts, M"",3,4/30/2013"
"29546,714,""Long-Sleeve Logo Jersey, M"",3,5/1/2014"
29548,712,AWC Logo Cap,3,7/1/2011
"29549,709,""Mountain Bike Socks, M"",3,2/29/2012"
"29549,849,""Men's Sports Shorts, M"",3,2/28/2013"
"29549,852,""Women's Tights, S"",3,2/28/2013"
"29549,863,""Full-Finger Gloves, L"",3,2/28/2013"
"29549,716,""Long-Sleeve Logo Jersey, XL"",3,2/28/2013"
29549,843,Cable Lock,4,2/28/2013
"29549,715,""Long-Sleeve Logo Jersey, L"",3,2/28/2013"
29549,844,Minipump,4,2/28/2013
"29549,862,""Full-Finger Gloves, M"",3,2/28/2013"
"29549,857,""Men's Bib-Shorts, L"",3,5/30/2012"
"29549,854,""Women's Tights, L"",3,2/28/2013"
"29549,856,""Men's Bib-Shorts, M"",3,2/28/2013"
"29549,859,""Half-Finger Gloves, M"",3,2/28/2013"
"29549,708,""Sport-100 Helmet, Black"",4,2/28/2013"
"29549,714,""Long-Sleeve Logo Jersey, M"",3,2/28/2013"
"29550,715,""Long-Sleeve Logo Jersey, L"",3,5/1/2014"
"29550,716,""Long-Sleeve Logo Jersey, XL"",3,7/31/2013"
"29550,707,""Sport-100 Helmet, Red"",4,7/31/2013"
29550,876,Hitch Rack - 4-Bike,4,5/1/2014
"29550,883,""Short-Sleeve Classic Jersey, L"",3,5/1/2014"
"29550,864,""Classic Vest, S"",3,5/1/2014"
"29550,859,""Half-Finger Gloves, M"",3,5/1/2014"
"29550,711,""Sport-100 Helmet, Blue"",4,5/1/2014"
"29550,858,""Half-Finger Gloves, S"",3,7/31/2013"
"29550,708,""Sport-100 Helmet, Black"",4,5/1/2014"
"29550,865,""Classic Vest, M"",3,5/1/2014"
29550,712,AWC Logo Cap,3,5/1/2014
"29550,714,""Long-Sleeve Logo Jersey, M"",3,10/30/2013"
"29550,881,""Short-Sleeve Classic Jersey, S"",3,10/30/2013"
29551,876,Hitch Rack - 4-Bike,4,5/1/2014
"29551,715,""Long-Sleeve Logo Jersey, L"",3,5/1/2014"
"29551,881,""Short-Sleeve Classic Jersey, S"",3,5/1/2014"
"29551,864,""Classic Vest, S"",3,5/1/2014"
29551,877,Bike Wash - Dissolver,4,5/1/2014
29551,870,Water Bottle - 30 oz.,4,5/1/2014
"29551,711,""Sport-100 Helmet, Blue"",4,5/1/2014"
"29551,859,""Half-Finger Gloves, M"",3,5/1/2014"
"29551,865,""Classic Vest, M"",3,5/1/2014"
"29551,708,""Sport-100 Helmet, Black"",4,5/1/2014"
"29551,714,""Long-Sleeve Logo Jersey, M"",3,5/1/2014"
29551,712,AWC Logo Cap,3,5/1/2014
29551,880,Hydration Pack - 70 oz.,4,5/1/2014
29551,873,Patch Kit/8 Patches,4,7/31/2013
"29551,716,""Long-Sleeve Logo Jersey, XL"",3,7/31/2013"
"29552,707,""Sport-100 Helmet, Red"",4,5/1/2014"
"29552,858,""Half-Finger Gloves, S"",3,7/31/2013"
"29552,859,""Half-Finger Gloves, M"",3,5/1/2014"
"29552,865,""Classic Vest, M"",3,5/1/2014"
"29552,716,""Long-Sleeve Logo Jersey, XL"",3,7/31/2013"
29552,880,Hydration Pack - 70 oz.,4,5/1/2014
"29552,868,""Women's Mountain Shorts, M"",3,5/1/2014"
29552,876,Hitch Rack - 4-Bike,4,5/1/2014
"29552,714,""Long-Sleeve Logo Jersey, M"",3,5/1/2014"
"29552,867,""Women's Mountain Shorts, S"",3,5/1/2014"
"29552,883,""Short-Sleeve Classic Jersey, L"",3,5/1/2014"
"29552,884,""Short-Sleeve Classic Jersey, XL"",3,5/1/2014"
"29552,881,""Short-Sleeve Classic Jersey, S"",3,5/1/2014"
"29552,864,""Classic Vest, S"",3,5/1/2014"
"29552,711,""Sport-100 Helmet, Blue"",4,5/1/2014"
"29552,708,""Sport-100 Helmet, Black"",4,5/1/2014"
"29553,715,""Long-Sleeve Logo Jersey, L"",3,10/30/2013"
29553,712,AWC Logo Cap,3,5/1/2014
"29554,852,""Women's Tights, S"",3,6/30/2012"
"29554,865,""Classic Vest, M"",3,6/30/2013"
"29554,711,""Sport-100 Helmet, Blue"",4,6/30/2012"
"29554,856,""Men's Bib-Shorts, M"",3,6/30/2012"
"29554,715,""Long-Sleeve Logo Jersey, L"",3,9/30/2012"
29554,712,AWC Logo Cap,3,9/30/2012
29557,873,Patch Kit/8 Patches,4,5/1/2014
"29557,860,""Half-Finger Gloves, L"",3,10/30/2013"
"29557,711,""Sport-100 Helmet, Blue"",4,5/1/2014"
"29557,707,""Sport-100 Helmet, Red"",4,5/1/2014"
29557,876,Hitch Rack - 4-Bike,4,5/1/2014
"29557,716,""Long-Sleeve Logo Jersey, XL"",3,5/1/2014"
"29557,715,""Long-Sleeve Logo Jersey, L"",3,5/1/2014"
"29557,858,""Half-Finger Gloves, S"",3,5/1/2014"
"29557,883,""Short-Sleeve Classic Jersey, L"",3,5/1/2014"
"29557,708,""Sport-100 Helmet, Black"",4,5/1/2014"
"29557,881,""Short-Sleeve Classic Jersey, S"",3,5/1/2014"
"29557,884,""Short-Sleeve Classic Jersey, XL"",3,5/1/2014"
"29557,714,""Long-Sleeve Logo Jersey, M"",3,5/1/2014"
29557,712,AWC Logo Cap,3,5/1/2014
"29557,865,""Classic Vest, M"",3,5/1/2014"
29557,870,Water Bottle - 30 oz.,4,5/1/2014
"29558,709,""Mountain Bike Socks, M"",3,10/1/2011"
"29558,863,""Full-Finger Gloves, L"",3,3/30/2013"
"29558,710,""Mountain Bike Socks, L"",3,10/1/2011"
"29558,861,""Full-Finger Gloves, S"",3,3/30/2013"
"29559,852,""Women's Tights, S"",3,4/30/2013"
"29559,860,""Half-Finger Gloves, L"",3,4/30/2013"
"29559,867,""Women's Mountain Shorts, S"",3,5/1/2014"
"29559,841,""Men's Sports Shorts, S"",3,4/30/2013"
29559,876,Hitch Rack - 4-Bike,4,5/1/2014
"29559,868,""Women's Mountain Shorts, M"",3,5/1/2014"
"29559,864,""Classic Vest, S"",3,5/1/2014"
"29559,716,""Long-Sleeve Logo Jersey, XL"",3,4/30/2013"
"29559,711,""Sport-100 Helmet, Blue"",4,4/30/2013"
"29559,863,""Full-Finger Gloves, L"",3,4/30/2013"
"29559,715,""Long-Sleeve Logo Jersey, L"",3,7/31/2013"
"29559,854,""Women's Tights, L"",3,4/30/2013"
"29559,861,""Full-Finger Gloves, S"",3,7/31/2012"
"29559,707,""Sport-100 Helmet, Red"",4,10/30/2013"
"29559,884,""Short-Sleeve Classic Jersey, XL"",3,10/30/2013"
"29559,858,""Half-Finger Gloves, S"",3,4/30/2013"
"29559,708,""Sport-100 Helmet, Black"",4,4/30/2013"
"29559,883,""Short-Sleeve Classic Jersey, L"",3,7/31/2013"
"29559,714,""Long-Sleeve Logo Jersey, M"",3,5/1/2014"
"29559,853,""Women's Tights, M"",3,4/30/2013"
"29559,850,""Men's Sports Shorts, L"",3,4/30/2013"
"29559,857,""Men's Bib-Shorts, L"",3,4/30/2013"
"29559,865,""Classic Vest, M"",3,7/31/2013"
29559,880,Hydration Pack - 70 oz.,4,7/31/2013
29559,712,AWC Logo Cap,3,5/1/2014
"29559,869,""Women's Mountain Shorts, L"",3,1/29/2014"
"29559,859,""Half-Finger Gloves, M"",3,4/30/2013"
"29559,856,""Men's Bib-Shorts, M"",3,4/30/2013"
"29560,714,""Long-Sleeve Logo Jersey, M"",3,6/30/2013"
"29560,884,""Short-Sleeve Classic Jersey, XL"",3,6/30/2013"
"29560,860,""Half-Finger Gloves, L"",3,3/31/2014"
"29560,864,""Classic Vest, S"",3,3/31/2014"
"29560,874,""Racing Socks, M"",3,9/30/2013"
"29560,855,""Men's Bib-Shorts, S"",3,6/30/2012"
29560,712,AWC Logo Cap,3,9/30/2013
"29560,875,""Racing Socks, L"",3,3/31/2014"
29560,880,Hydration Pack - 70 oz.,4,9/30/2013
"29562,711,""Sport-100 Helmet, Blue"",4,4/30/2012"
"29562,863,""Full-Finger Gloves, L"",3,4/30/2013"
"29562,715,""Long-Sleeve Logo Jersey, L"",3,4/30/2012"
29562,712,AWC Logo Cap,3,4/30/2012
"29562,862,""Full-Finger Gloves, M"",3,4/30/2013"
"29562,708,""Sport-100 Helmet, Black"",4,4/30/2012"
"29562,707,""Sport-100 Helmet, Red"",4,4/30/2012"
"29562,857,""Men's Bib-Shorts, L"",3,10/30/2012"
"29562,709,""Mountain Bike Socks, M"",3,4/30/2012"
"29562,861,""Full-Finger Gloves, S"",3,7/31/2012"
"29563,883,""Short-Sleeve Classic Jersey, L"",3,5/1/2014"
29563,880,Hydration Pack - 70 oz.,4,5/1/2014
"29563,860,""Half-Finger Gloves, L"",3,5/1/2014"
"29563,707,""Sport-100 Helmet, Red"",4,5/1/2014"
"29563,716,""Long-Sleeve Logo Jersey, XL"",3,5/1/2014"
"29563,864,""Classic Vest, S"",3,5/1/2014"
29563,870,Water Bottle - 30 oz.,4,5/1/2014
"29563,714,""Long-Sleeve Logo Jersey, M"",3,5/1/2014"
29563,877,Bike Wash - Dissolver,4,5/1/2014
"29563,858,""Half-Finger Gloves, S"",3,5/1/2014"
"29563,884,""Short-Sleeve Classic Jersey, XL"",3,5/1/2014"
"29563,865,""Classic Vest, M"",3,5/1/2014"
29563,873,Patch Kit/8 Patches,4,5/1/2014
"29563,711,""Sport-100 Helmet, Blue"",4,5/1/2014"
"29563,881,""Short-Sleeve Classic Jersey, S"",3,5/1/2014"
"29563,715,""Long-Sleeve Logo Jersey, L"",3,5/1/2014"
"29564,883,""Short-Sleeve Classic Jersey, L"",3,12/31/2013"
29564,712,AWC Logo Cap,3,6/30/2013
"29565,852,""Women's Tights, S"",3,2/28/2013"
"29566,710,""Mountain Bike Socks, L"",3,2/29/2012"
"29567,881,""Short-Sleeve Classic Jersey, S"",3,3/31/2014"
29567,876,Hitch Rack - 4-Bike,4,6/30/2013
"29567,714,""Long-Sleeve Logo Jersey, M"",3,3/31/2014"
"29567,711,""Sport-100 Helmet, Blue"",4,12/31/2013"
"29567,883,""Short-Sleeve Classic Jersey, L"",3,12/31/2013"
"29567,859,""Half-Finger Gloves, M"",3,3/31/2014"
"29567,708,""Sport-100 Helmet, Black"",4,12/31/2013"
"29567,715,""Long-Sleeve Logo Jersey, L"",3,12/31/2013"
29567,712,AWC Logo Cap,3,12/31/2013
"29568,716,""Long-Sleeve Logo Jersey, XL"",3,10/30/2012"
"29568,859,""Half-Finger Gloves, M"",3,10/30/2012"
"29568,865,""Classic Vest, M"",3,1/29/2014"
"29568,852,""Women's Tights, S"",3,4/30/2013"
29568,873,Patch Kit/8 Patches,4,7/31/2013
"29568,849,""Men's Sports Shorts, M"",3,4/30/2013"
"29568,857,""Men's Bib-Shorts, L"",3,7/31/2012"
"29568,708,""Sport-100 Helmet, Black"",4,1/29/2014"
"29568,867,""Women's Mountain Shorts, S"",3,10/30/2013"
"29568,711,""Sport-100 Helmet, Blue"",4,1/29/2014"
"29568,714,""Long-Sleeve Logo Jersey, M"",3,5/1/2014"
"29568,883,""Short-Sleeve Classic Jersey, L"",3,1/29/2014"
"29568,881,""Short-Sleeve Classic Jersey, S"",3,5/1/2014"
"29568,856,""Men's Bib-Shorts, M"",3,1/28/2013"
"29568,858,""Half-Finger Gloves, S"",3,10/30/2013"
"29569,708,""Sport-100 Helmet, Black"",4,12/31/2012"
"29570,865,""Classic Vest, M"",3,5/30/2013"
"29570,864,""Classic Vest, S"",3,3/1/2014"
"29570,884,""Short-Sleeve Classic Jersey, XL"",3,3/1/2014"
"29570,711,""Sport-100 Helmet, Blue"",4,5/30/2013"
29570,877,Bike Wash - Dissolver,4,5/30/2013
"29570,883,""Short-Sleeve Classic Jersey, L"",3,5/30/2013"
"29570,856,""Men's Bib-Shorts, M"",3,5/30/2012"
"29570,875,""Racing Socks, L"",3,3/1/2014"
"29570,707,""Sport-100 Helmet, Red"",4,5/30/2013"
29570,880,Hydration Pack - 70 oz.,4,5/30/2013
"29570,852,""Women's Tights, S"",3,8/30/2012"
"29570,874,""Racing Socks, M"",3,3/1/2014"
29570,876,Hitch Rack - 4-Bike,4,8/30/2013
"29570,854,""Women's Tights, L"",3,2/28/2013"
"29570,715,""Long-Sleeve Logo Jersey, L"",3,3/1/2014"
"29571,710,""Mountain Bike Socks, L"",3,3/30/2012"
"29571,709,""Mountain Bike Socks, M"",3,3/30/2012"
"29571,715,""Long-Sleeve Logo Jersey, L"",3,3/30/2012"
"29571,869,""Women's Mountain Shorts, L"",3,3/31/2014"
"29571,862,""Full-Finger Gloves, M"",3,12/31/2012"
"29571,867,""Women's Mountain Shorts, S"",3,12/31/2013"
29571,712,AWC Logo Cap,3,9/30/2013
"29571,861,""Full-Finger Gloves, S"",3,3/30/2013"
"29572,874,""Racing Socks, M"",3,5/1/2014"
"29572,875,""Racing Socks, L"",3,5/1/2014"
"29572,864,""Classic Vest, S"",3,10/30/2013"
29572,877,Bike Wash - Dissolver,4,5/1/2014
"29574,852,""Women's Tights, S"",3,4/30/2013"
"29574,715,""Long-Sleeve Logo Jersey, L"",3,5/1/2014"
"29574,854,""Women's Tights, L"",3,4/30/2013"
"29574,714,""Long-Sleeve Logo Jersey, M"",3,7/31/2013"
"29574,883,""Short-Sleeve Classic Jersey, L"",3,5/1/2014"
29574,870,Water Bottle - 30 oz.,4,10/30/2013
"29574,884,""Short-Sleeve Classic Jersey, XL"",3,1/29/2014"
29574,877,Bike Wash - Dissolver,4,5/1/2014
"29576,856,""Men's Bib-Shorts, M"",3,1/28/2013"
"29576,854,""Women's Tights, L"",3,10/30/2012"
"29576,861,""Full-Finger Gloves, S"",3,10/30/2012"
"29576,711,""Sport-100 Helmet, Blue"",4,1/28/2013"
29576,843,Cable Lock,4,10/30/2012
"29576,859,""Half-Finger Gloves, M"",3,10/30/2012"
"29577,711,""Sport-100 Helmet, Blue"",4,5/1/2014"
"29577,854,""Women's Tights, L"",3,4/30/2013"
"29577,856,""Men's Bib-Shorts, M"",3,7/31/2012"
"29577,883,""Short-Sleeve Classic Jersey, L"",3,10/30/2013"
"29577,852,""Women's Tights, S"",3,4/30/2013"
"29577,716,""Long-Sleeve Logo Jersey, XL"",3,7/31/2012"
"29577,864,""Classic Vest, S"",3,5/1/2014"
"29577,881,""Short-Sleeve Classic Jersey, S"",3,7/31/2013"
"29577,707,""Sport-100 Helmet, Red"",4,7/31/2012"
29577,844,Minipump,4,7/31/2012
"29577,875,""Racing Socks, L"",3,5/1/2014"
29577,880,Hydration Pack - 70 oz.,4,7/31/2013
"29577,884,""Short-Sleeve Classic Jersey, XL"",3,5/1/2014"
"29577,714,""Long-Sleeve Logo Jersey, M"",3,7/31/2013"
"29577,849,""Men's Sports Shorts, M"",3,7/31/2012"
29577,876,Hitch Rack - 4-Bike,4,5/1/2014
"29577,859,""Half-Finger Gloves, M"",3,7/31/2013"
"29577,865,""Classic Vest, M"",3,7/31/2013"
"29577,874,""Racing Socks, M"",3,5/1/2014"
"29579,852,""Women's Tights, S"",3,4/30/2013"
"29579,883,""Short-Sleeve Classic Jersey, L"",3,5/1/2014"
29579,843,Cable Lock,4,7/31/2012
"29579,716,""Long-Sleeve Logo Jersey, XL"",3,7/31/2012"
"29579,864,""Classic Vest, S"",3,5/1/2014"
"29579,856,""Men's Bib-Shorts, M"",3,4/30/2013"
"29579,863,""Full-Finger Gloves, L"",3,4/30/2013"
29579,870,Water Bottle - 30 oz.,4,5/1/2014
"29579,707,""Sport-100 Helmet, Red"",4,5/1/2014"
"29579,867,""Women's Mountain Shorts, S"",3,5/1/2014"
"29579,714,""Long-Sleeve Logo Jersey, M"",3,7/31/2013"
29579,877,Bike Wash - Dissolver,4,5/1/2014
"29579,868,""Women's Mountain Shorts, M"",3,5/1/2014"
"29579,849,""Men's Sports Shorts, M"",3,7/31/2012"
29579,880,Hydration Pack - 70 oz.,4,5/1/2014
29579,844,Minipump,4,7/31/2012
"29579,711,""Sport-100 Helmet, Blue"",4,5/1/2014"
"29579,884,""Short-Sleeve Classic Jersey, XL"",3,5/1/2014"
"29579,861,""Full-Finger Gloves, S"",3,7/31/2012"
"29579,865,""Classic Vest, M"",3,5/1/2014"
"29579,881,""Short-Sleeve Classic Jersey, S"",3,7/31/2013"
"29579,715,""Long-Sleeve Logo Jersey, L"",3,5/1/2014"
"29579,854,""Women's Tights, L"",3,4/30/2013"
"29580,707,""Sport-100 Helmet, Red"",4,2/28/2013"
29580,843,Cable Lock,4,2/28/2013
"29580,716,""Long-Sleeve Logo Jersey, XL"",3,5/30/2013"
"29580,715,""Long-Sleeve Logo Jersey, L"",3,11/30/2013"
"29580,854,""Women's Tights, L"",3,2/28/2013"
"29580,869,""Women's Mountain Shorts, L"",3,3/1/2014"
"29580,862,""Full-Finger Gloves, M"",3,2/28/2013"
"29580,856,""Men's Bib-Shorts, M"",3,2/28/2013"
"29580,708,""Sport-100 Helmet, Black"",4,11/30/2013"
29580,870,Water Bottle - 30 oz.,4,11/30/2013
"29580,867,""Women's Mountain Shorts, S"",3,3/1/2014"
"29580,858,""Half-Finger Gloves, S"",3,5/30/2013"
29580,876,Hitch Rack - 4-Bike,4,11/30/2013
"29580,859,""Half-Finger Gloves, M"",3,2/28/2013"
"29580,881,""Short-Sleeve Classic Jersey, S"",3,3/1/2014"
29580,712,AWC Logo Cap,3,11/30/2013
29580,844,Minipump,4,2/28/2013
"29580,711,""Sport-100 Helmet, Blue"",4,2/28/2013"
"29580,855,""Men's Bib-Shorts, S"",3,2/28/2013"
"29580,884,""Short-Sleeve Classic Jersey, XL"",3,3/1/2014"
29580,877,Bike Wash - Dissolver,4,11/30/2013
"29580,849,""Men's Sports Shorts, M"",3,2/28/2013"
"29580,863,""Full-Finger Gloves, L"",3,2/28/2013"
"29580,861,""Full-Finger Gloves, S"",3,2/28/2013"
29581,880,Hydration Pack - 70 oz.,4,1/29/2014
"29582,716,""Long-Sleeve Logo Jersey, XL"",3,3/30/2012"
"29582,715,""Long-Sleeve Logo Jersey, L"",3,3/30/2012"
"29582,711,""Sport-100 Helmet, Blue"",4,3/30/2012"
"29582,707,""Sport-100 Helmet, Red"",4,3/30/2012"
"29582,708,""Sport-100 Helmet, Black"",4,1/1/2012"
29582,712,AWC Logo Cap,3,1/1/2012
"29584,864,""Classic Vest, S"",3,5/1/2014"
"29584,865,""Classic Vest, M"",3,7/31/2013"
"29584,884,""Short-Sleeve Classic Jersey, XL"",3,10/30/2013"
"29584,707,""Sport-100 Helmet, Red"",4,1/29/2014"
"29586,883,""Short-Sleeve Classic Jersey, L"",3,6/30/2013"
"29586,854,""Women's Tights, L"",3,3/30/2014"
"29586,856,""Men's Bib-Shorts, M"",3,6/30/2013"
"29586,852,""Women's Tights, S"",3,9/30/2013"
"29586,875,""Racing Socks, L"",3,3/31/2014"
"29586,707,""Sport-100 Helmet, Red"",4,6/30/2013"
29586,877,Bike Wash - Dissolver,4,6/30/2013
"29586,864,""Classic Vest, S"",3,3/31/2014"
"29586,884,""Short-Sleeve Classic Jersey, XL"",3,3/31/2014"
"29586,865,""Classic Vest, M"",3,6/30/2013"
29586,876,Hitch Rack - 4-Bike,4,9/30/2013
"29586,711,""Sport-100 Helmet, Blue"",4,6/30/2013"
29586,880,Hydration Pack - 70 oz.,4,6/30/2013
"29586,874,""Racing Socks, M"",3,3/31/2014"
"29586,715,""Long-Sleeve Logo Jersey, L"",3,3/31/2014"
29587,843,Cable Lock,4,2/28/2013
"29587,852,""Women's Tights, S"",3,2/28/2013"
"29587,850,""Men's Sports Shorts, L"",3,2/28/2013"
"29587,881,""Short-Sleeve Classic Jersey, S"",3,3/1/2014"
"29587,856,""Men's Bib-Shorts, M"",3,2/28/2013"
"29587,715,""Long-Sleeve Logo Jersey, L"",3,3/1/2014"
"29587,864,""Classic Vest, S"",3,3/1/2014"
"29587,707,""Sport-100 Helmet, Red"",4,3/1/2014"
"29587,708,""Sport-100 Helmet, Black"",4,3/1/2014"
"29587,854,""Women's Tights, L"",3,2/28/2013"
"29587,858,""Half-Finger Gloves, S"",3,3/1/2014"
29587,877,Bike Wash - Dissolver,4,3/1/2014
"29587,849,""Men's Sports Shorts, M"",3,2/28/2013"
"29587,855,""Men's Bib-Shorts, S"",3,2/28/2013"
"29587,857,""Men's Bib-Shorts, L"",3,2/28/2013"
29587,873,Patch Kit/8 Patches,4,3/1/2014
29587,870,Water Bottle - 30 oz.,4,3/1/2014
"29587,859,""Half-Finger Gloves, M"",3,3/1/2014"
"29587,865,""Classic Vest, M"",3,3/1/2014"
29587,712,AWC Logo Cap,3,3/1/2014
"29587,874,""Racing Socks, M"",3,8/30/2013"
29587,876,Hitch Rack - 4-Bike,4,3/1/2014
"29587,853,""Women's Tights, M"",3,2/28/2013"
"29587,841,""Men's Sports Shorts, S"",3,2/28/2013"
29587,880,Hydration Pack - 70 oz.,4,3/1/2014
29587,844,Minipump,4,2/28/2013
"29589,715,""Long-Sleeve Logo Jersey, L"",3,3/1/2014"
"29589,881,""Short-Sleeve Classic Jersey, S"",3,3/1/2014"
"29589,711,""Sport-100 Helmet, Blue"",4,3/1/2014"
"29589,707,""Sport-100 Helmet, Red"",4,3/1/2014"
"29589,716,""Long-Sleeve Logo Jersey, XL"",3,3/1/2014"
29589,876,Hitch Rack - 4-Bike,4,3/1/2014
"29589,858,""Half-Finger Gloves, S"",3,3/1/2014"
"29589,708,""Sport-100 Helmet, Black"",4,3/1/2014"
"29589,883,""Short-Sleeve Classic Jersey, L"",3,3/1/2014"
"29589,884,""Short-Sleeve Classic Jersey, XL"",3,3/1/2014"
"29589,859,""Half-Finger Gloves, M"",3,3/1/2014"
29589,712,AWC Logo Cap,3,3/1/2014
29589,870,Water Bottle - 30 oz.,4,3/1/2014
"29589,865,""Classic Vest, M"",3,3/1/2014"
29589,873,Patch Kit/8 Patches,4,3/1/2014
29589,877,Bike Wash - Dissolver,4,3/1/2014
"29591,708,""Sport-100 Helmet, Black"",4,5/30/2013"
"29591,707,""Sport-100 Helmet, Red"",4,5/30/2013"
"29591,883,""Short-Sleeve Classic Jersey, L"",3,3/1/2014"
29591,870,Water Bottle - 30 oz.,4,5/30/2013
29591,712,AWC Logo Cap,3,3/1/2014
"29591,865,""Classic Vest, M"",3,5/30/2013"
"29591,715,""Long-Sleeve Logo Jersey, L"",3,8/30/2013"
"29591,884,""Short-Sleeve Classic Jersey, XL"",3,3/1/2014"
"29591,711,""Sport-100 Helmet, Blue"",4,5/30/2013"
29591,876,Hitch Rack - 4-Bike,4,3/1/2014
"29592,854,""Women's Tights, L"",3,4/30/2013"
"29592,874,""Racing Socks, M"",3,5/1/2014"
"29592,883,""Short-Sleeve Classic Jersey, L"",3,5/1/2014"
"29592,881,""Short-Sleeve Classic Jersey, S"",3,7/31/2013"
29592,870,Water Bottle - 30 oz.,4,5/1/2014
"29592,852,""Women's Tights, S"",3,4/30/2013"
"29592,856,""Men's Bib-Shorts, M"",3,7/31/2012"
29592,877,Bike Wash - Dissolver,4,5/1/2014
29592,712,AWC Logo Cap,3,5/1/2014
"29592,875,""Racing Socks, L"",3,5/1/2014"
"29592,708,""Sport-100 Helmet, Black"",4,5/1/2014"
"29592,715,""Long-Sleeve Logo Jersey, L"",3,5/1/2014"
29592,880,Hydration Pack - 70 oz.,4,7/31/2013
"29592,884,""Short-Sleeve Classic Jersey, XL"",3,5/1/2014"
"29592,714,""Long-Sleeve Logo Jersey, M"",3,7/31/2013"
"29592,711,""Sport-100 Helmet, Blue"",4,7/31/2013"
"29593,716,""Long-Sleeve Logo Jersey, XL"",3,3/30/2013"
"29593,856,""Men's Bib-Shorts, M"",3,12/31/2012"
"29593,867,""Women's Mountain Shorts, S"",3,6/30/2013"
"29593,711,""Sport-100 Helmet, Blue"",4,12/31/2012"
29594,843,Cable Lock,4,2/28/2013
"29594,857,""Men's Bib-Shorts, L"",3,5/30/2012"
"29594,855,""Men's Bib-Shorts, S"",3,2/28/2013"
"29594,707,""Sport-100 Helmet, Red"",4,2/28/2013"
"29594,715,""Long-Sleeve Logo Jersey, L"",3,2/28/2013"
29594,712,AWC Logo Cap,3,2/28/2013
"29594,708,""Sport-100 Helmet, Black"",4,2/28/2013"
"29594,859,""Half-Finger Gloves, M"",3,2/28/2013"
"29594,852,""Women's Tights, S"",3,2/28/2013"
"29594,849,""Men's Sports Shorts, M"",3,2/28/2013"
29594,844,Minipump,4,2/28/2013
"29594,711,""Sport-100 Helmet, Blue"",4,2/28/2013"
"29595,858,""Half-Finger Gloves, S"",3,3/1/2014"
"29596,715,""Long-Sleeve Logo Jersey, L"",3,2/29/2012"
"29598,854,""Women's Tights, L"",3,9/30/2012"
"29598,883,""Short-Sleeve Classic Jersey, L"",3,6/30/2013"
29598,870,Water Bottle - 30 oz.,4,3/31/2014
"29598,874,""Racing Socks, M"",3,3/31/2014"
29598,877,Bike Wash - Dissolver,4,3/31/2014
"29598,708,""Sport-100 Helmet, Black"",4,6/30/2013"
"29598,859,""Half-Finger Gloves, M"",3,6/30/2013"
"29598,881,""Short-Sleeve Classic Jersey, S"",3,6/30/2013"
"29598,884,""Short-Sleeve Classic Jersey, XL"",3,3/31/2014"
"29598,714,""Long-Sleeve Logo Jersey, M"",3,6/30/2013"
"29598,865,""Classic Vest, M"",3,6/30/2013"
29598,712,AWC Logo Cap,3,3/31/2014
"29598,711,""Sport-100 Helmet, Blue"",4,6/30/2013"
"29598,707,""Sport-100 Helmet, Red"",4,6/30/2013"
"29598,715,""Long-Sleeve Logo Jersey, L"",3,3/31/2014"
29598,876,Hitch Rack - 4-Bike,4,3/31/2014
"29599,708,""Sport-100 Helmet, Black"",4,3/1/2014"
"29599,849,""Men's Sports Shorts, M"",3,5/30/2012"
"29599,716,""Long-Sleeve Logo Jersey, XL"",3,5/30/2012"
"29599,884,""Short-Sleeve Classic Jersey, XL"",3,11/30/2013"
"29601,859,""Half-Finger Gloves, M"",3,3/30/2013"
"29601,856,""Men's Bib-Shorts, M"",3,3/30/2013"
"29601,881,""Short-Sleeve Classic Jersey, S"",3,6/30/2013"
"29601,864,""Classic Vest, S"",3,9/30/2013"
"29601,714,""Long-Sleeve Logo Jersey, M"",3,3/30/2013"
29601,844,Minipump,4,3/30/2013
"29601,883,""Short-Sleeve Classic Jersey, L"",3,3/31/2014"
"29601,857,""Men's Bib-Shorts, L"",3,3/30/2013"
"29601,855,""Men's Bib-Shorts, S"",3,3/30/2013"
"29601,874,""Racing Socks, M"",3,6/30/2013"
"29601,875,""Racing Socks, L"",3,9/30/2013"
"29601,715,""Long-Sleeve Logo Jersey, L"",3,6/30/2013"
29601,870,Water Bottle - 30 oz.,4,6/30/2013
"29601,854,""Women's Tights, L"",3,3/30/2013"
29601,843,Cable Lock,4,3/30/2013
"29601,711,""Sport-100 Helmet, Blue"",4,3/30/2013"
"29601,860,""Half-Finger Gloves, L"",3,3/30/2013"
"29601,849,""Men's Sports Shorts, M"",3,3/30/2013"
"29601,852,""Women's Tights, S"",3,3/30/2013"
"29601,850,""Men's Sports Shorts, L"",3,3/30/2013"
29601,712,AWC Logo Cap,3,3/30/2013
"29601,708,""Sport-100 Helmet, Black"",4,9/30/2013"
"29604,861,""Full-Finger Gloves, S"",3,8/30/2012"
"29604,863,""Full-Finger Gloves, L"",3,2/28/2013"
"29604,867,""Women's Mountain Shorts, S"",3,11/30/2013"
"29604,855,""Men's Bib-Shorts, S"",3,2/28/2013"
"29605,869,""Women's Mountain Shorts, L"",3,3/1/2014"
"29605,862,""Full-Finger Gloves, M"",3,2/28/2013"
"29605,867,""Women's Mountain Shorts, S"",3,3/1/2014"
"29605,861,""Full-Finger Gloves, S"",3,2/28/2013"
29608,877,Bike Wash - Dissolver,4,3/31/2014
29608,870,Water Bottle - 30 oz.,4,3/31/2014
"29608,716,""Long-Sleeve Logo Jersey, XL"",3,3/31/2014"
"29608,715,""Long-Sleeve Logo Jersey, L"",3,3/31/2014"
29608,712,AWC Logo Cap,3,3/31/2014
"29608,708,""Sport-100 Helmet, Black"",4,3/31/2014"
29608,880,Hydration Pack - 70 oz.,4,3/31/2014
"29608,860,""Half-Finger Gloves, L"",3,9/30/2013"
"29608,714,""Long-Sleeve Logo Jersey, M"",3,3/31/2014"
"29608,881,""Short-Sleeve Classic Jersey, S"",3,3/31/2014"
29608,876,Hitch Rack - 4-Bike,4,3/31/2014
"29608,859,""Half-Finger Gloves, M"",3,3/31/2014"
"29608,864,""Classic Vest, S"",3,3/31/2014"
"29608,884,""Short-Sleeve Classic Jersey, XL"",3,3/31/2014"
"29608,883,""Short-Sleeve Classic Jersey, L"",3,3/31/2014"
"29609,716,""Long-Sleeve Logo Jersey, XL"",3,3/31/2014"
"29609,707,""Sport-100 Helmet, Red"",4,3/31/2014"
29609,712,AWC Logo Cap,3,3/31/2014
"29609,715,""Long-Sleeve Logo Jersey, L"",3,3/31/2014"
"29609,708,""Sport-100 Helmet, Black"",4,3/31/2014"
29609,880,Hydration Pack - 70 oz.,4,3/31/2014
"29609,881,""Short-Sleeve Classic Jersey, S"",3,3/31/2014"
"29609,859,""Half-Finger Gloves, M"",3,3/31/2014"
"29609,711,""Sport-100 Helmet, Blue"",4,3/31/2014"
"29609,884,""Short-Sleeve Classic Jersey, XL"",3,3/31/2014"
"29609,714,""Long-Sleeve Logo Jersey, M"",3,3/31/2014"
"29609,864,""Classic Vest, S"",3,3/31/2014"
29609,873,Patch Kit/8 Patches,4,3/31/2014
"29609,865,""Classic Vest, M"",3,3/31/2014"
29609,876,Hitch Rack - 4-Bike,4,3/31/2014
"29609,860,""Half-Finger Gloves, L"",3,9/30/2013"
29610,712,AWC Logo Cap,3,12/1/2011
"29610,850,""Men's Sports Shorts, L"",3,11/30/2012"
29611,712,AWC Logo Cap,3,10/1/2011
29612,870,Water Bottle - 30 oz.,4,7/31/2013
"29612,708,""Sport-100 Helmet, Black"",4,7/31/2013"
"29612,859,""Half-Finger Gloves, M"",3,7/31/2013"
"29612,711,""Sport-100 Helmet, Blue"",4,7/31/2013"
29612,877,Bike Wash - Dissolver,4,7/31/2013
29612,876,Hitch Rack - 4-Bike,4,5/1/2014
29612,880,Hydration Pack - 70 oz.,4,7/31/2013
29612,712,AWC Logo Cap,3,7/31/2013
"29612,865,""Classic Vest, M"",3,7/31/2013"
"29612,715,""Long-Sleeve Logo Jersey, L"",3,7/31/2013"
"29612,864,""Classic Vest, S"",3,5/1/2014"
"29613,856,""Men's Bib-Shorts, M"",3,5/30/2012"
"29613,852,""Women's Tights, S"",3,5/30/2012"
"29613,861,""Full-Finger Gloves, S"",3,2/28/2013"
"29613,863,""Full-Finger Gloves, L"",3,2/28/2013"
"29613,707,""Sport-100 Helmet, Red"",4,5/30/2012"
"29613,862,""Full-Finger Gloves, M"",3,2/28/2013"
"29613,708,""Sport-100 Helmet, Black"",4,5/30/2012"
29613,712,AWC Logo Cap,3,2/28/2013
"29614,853,""Women's Tights, M"",3,2/28/2013"
"29614,850,""Men's Sports Shorts, L"",3,2/28/2013"
29614,843,Cable Lock,4,2/28/2013
"29614,855,""Men's Bib-Shorts, S"",3,2/28/2013"
"29614,859,""Half-Finger Gloves, M"",3,2/28/2013"
29614,844,Minipump,4,2/28/2013
29614,712,AWC Logo Cap,3,2/28/2013
"29614,841,""Men's Sports Shorts, S"",3,2/28/2013"
"29614,715,""Long-Sleeve Logo Jersey, L"",3,2/28/2013"
"29614,716,""Long-Sleeve Logo Jersey, XL"",3,2/28/2013"
"29614,883,""Short-Sleeve Classic Jersey, L"",3,11/30/2013"
"29614,708,""Sport-100 Helmet, Black"",4,2/28/2013"
"29614,711,""Sport-100 Helmet, Blue"",4,2/28/2013"
"29614,854,""Women's Tights, L"",3,2/28/2013"
"29614,874,""Racing Socks, M"",3,8/30/2013"
"29614,707,""Sport-100 Helmet, Red"",4,2/28/2013"
"29614,858,""Half-Finger Gloves, S"",3,8/30/2013"
"29614,857,""Men's Bib-Shorts, L"",3,2/28/2013"
"29614,714,""Long-Sleeve Logo Jersey, M"",3,3/1/2014"
"29614,875,""Racing Socks, L"",3,3/1/2014"
"29615,866,""Classic Vest, L"",3,6/30/2013"
"29615,708,""Sport-100 Helmet, Black"",4,9/30/2013"
"29616,711,""Sport-100 Helmet, Blue"",4,3/31/2014"
29616,876,Hitch Rack - 4-Bike,4,3/31/2014
"29616,881,""Short-Sleeve Classic Jersey, S"",3,3/31/2014"
"29616,714,""Long-Sleeve Logo Jersey, M"",3,3/31/2014"
"29616,884,""Short-Sleeve Classic Jersey, XL"",3,3/31/2014"
29616,873,Patch Kit/8 Patches,4,6/30/2013
"29616,883,""Short-Sleeve Classic Jersey, L"",3,3/31/2014"
"29616,854,""Women's Tights, L"",3,3/30/2013"
"29616,874,""Racing Socks, M"",3,3/31/2014"
"29616,716,""Long-Sleeve Logo Jersey, XL"",3,6/30/2013"
"29616,707,""Sport-100 Helmet, Red"",4,3/31/2014"
"29616,858,""Half-Finger Gloves, S"",3,9/30/2013"
"29616,875,""Racing Socks, L"",3,3/31/2014"
"29616,715,""Long-Sleeve Logo Jersey, L"",3,3/31/2014"
29616,843,Cable Lock,4,3/30/2013
29616,870,Water Bottle - 30 oz.,4,3/31/2014
"29616,865,""Classic Vest, M"",3,3/31/2014"
"29616,859,""Half-Finger Gloves, M"",3,3/31/2014"
29616,712,AWC Logo Cap,3,3/31/2014
"29616,855,""Men's Bib-Shorts, S"",3,3/30/2013"
"29616,708,""Sport-100 Helmet, Black"",4,3/31/2014"
"29616,856,""Men's Bib-Shorts, M"",3,3/30/2013"
"29617,881,""Short-Sleeve Classic Jersey, S"",3,6/30/2013"
29617,876,Hitch Rack - 4-Bike,4,3/31/2014
"29617,864,""Classic Vest, S"",3,3/31/2014"
"29617,711,""Sport-100 Helmet, Blue"",4,3/31/2014"
"29617,883,""Short-Sleeve Classic Jersey, L"",3,3/31/2014"
"29617,884,""Short-Sleeve Classic Jersey, XL"",3,3/31/2014"
29617,877,Bike Wash - Dissolver,4,3/31/2014
"29617,854,""Women's Tights, L"",3,3/30/2013"
"29617,874,""Racing Socks, M"",3,3/31/2014"
29617,870,Water Bottle - 30 oz.,4,3/31/2014
"29617,715,""Long-Sleeve Logo Jersey, L"",3,3/31/2014"
29617,880,Hydration Pack - 70 oz.,4,3/31/2014
"29617,875,""Racing Socks, L"",3,3/31/2014"
29617,712,AWC Logo Cap,3,3/31/2014
"29617,859,""Half-Finger Gloves, M"",3,9/30/2013"
"29617,708,""Sport-100 Helmet, Black"",4,3/31/2014"
"29618,716,""Long-Sleeve Logo Jersey, XL"",3,6/30/2013"
"29618,875,""Racing Socks, L"",3,3/31/2014"
"29618,715,""Long-Sleeve Logo Jersey, L"",3,3/31/2014"
"29618,707,""Sport-100 Helmet, Red"",4,3/31/2014"
29618,712,AWC Logo Cap,3,3/31/2014
"29618,858,""Half-Finger Gloves, S"",3,6/30/2013"
"29618,854,""Women's Tights, L"",3,3/30/2013"
"29618,849,""Men's Sports Shorts, M"",3,3/30/2013"
"29618,852,""Women's Tights, S"",3,3/30/2013"
"29618,859,""Half-Finger Gloves, M"",3,9/30/2013"
"29618,708,""Sport-100 Helmet, Black"",4,3/31/2014"
"29618,856,""Men's Bib-Shorts, M"",3,3/30/2013"
"29618,865,""Classic Vest, M"",3,3/31/2014"
29618,876,Hitch Rack - 4-Bike,4,3/31/2014
29618,880,Hydration Pack - 70 oz.,4,3/31/2014
"29618,864,""Classic Vest, S"",3,3/31/2014"
"29618,881,""Short-Sleeve Classic Jersey, S"",3,6/30/2013"
"29618,884,""Short-Sleeve Classic Jersey, XL"",3,3/31/2014"
"29618,714,""Long-Sleeve Logo Jersey, M"",3,6/30/2013"
"29618,883,""Short-Sleeve Classic Jersey, L"",3,3/31/2014"
"29618,711,""Sport-100 Helmet, Blue"",4,3/31/2014"
"29619,707,""Sport-100 Helmet, Red"",4,6/30/2013"
29619,876,Hitch Rack - 4-Bike,4,3/31/2014
"29619,854,""Women's Tights, L"",3,3/30/2013"
29619,877,Bike Wash - Dissolver,4,6/30/2013
"29619,708,""Sport-100 Helmet, Black"",4,6/30/2013"
29619,870,Water Bottle - 30 oz.,4,6/30/2013
"29619,852,""Women's Tights, S"",3,9/30/2012"
"29619,859,""Half-Finger Gloves, M"",3,6/30/2013"
"29619,856,""Men's Bib-Shorts, M"",3,6/30/2012"
29619,712,AWC Logo Cap,3,3/31/2014
"29619,865,""Classic Vest, M"",3,6/30/2013"
"29619,874,""Racing Socks, M"",3,3/31/2014"
"29619,864,""Classic Vest, S"",3,12/31/2013"
"29619,875,""Racing Socks, L"",3,3/31/2014"
"29619,715,""Long-Sleeve Logo Jersey, L"",3,9/30/2013"
"29620,861,""Full-Finger Gloves, S"",3,12/31/2012"
"29620,867,""Women's Mountain Shorts, S"",3,12/31/2013"
"29620,868,""Women's Mountain Shorts, M"",3,3/31/2014"
"29620,709,""Mountain Bike Socks, M"",3,3/30/2012"
"29620,863,""Full-Finger Gloves, L"",3,3/30/2013"
"29620,869,""Women's Mountain Shorts, L"",3,3/31/2014"
"29622,869,""Women's Mountain Shorts, L"",3,5/1/2014"
"29622,868,""Women's Mountain Shorts, M"",3,10/30/2013"
"29622,709,""Mountain Bike Socks, M"",3,1/29/2012"
"29622,863,""Full-Finger Gloves, L"",3,1/28/2013"
"29624,715,""Long-Sleeve Logo Jersey, L"",3,3/30/2012"
29624,712,AWC Logo Cap,3,1/1/2012
"29624,708,""Sport-100 Helmet, Black"",4,3/30/2012"
"29624,714,""Long-Sleeve Logo Jersey, M"",3,1/1/2012"
"29624,709,""Mountain Bike Socks, M"",3,3/30/2012"
"29624,716,""Long-Sleeve Logo Jersey, XL"",3,3/30/2012"
29625,712,AWC Logo Cap,3,5/1/2014
"29625,708,""Sport-100 Helmet, Black"",4,5/1/2014"
"29625,707,""Sport-100 Helmet, Red"",4,5/1/2014"
29625,876,Hitch Rack - 4-Bike,4,5/1/2014
"29625,714,""Long-Sleeve Logo Jersey, M"",3,5/1/2014"
"29625,859,""Half-Finger Gloves, M"",3,5/1/2014"
29625,873,Patch Kit/8 Patches,4,5/1/2014
"29625,864,""Classic Vest, S"",3,5/1/2014"
"29625,884,""Short-Sleeve Classic Jersey, XL"",3,5/1/2014"
"29625,865,""Classic Vest, M"",3,5/1/2014"
"29625,711,""Sport-100 Helmet, Blue"",4,5/1/2014"
"29625,860,""Half-Finger Gloves, L"",3,5/1/2014"
"29625,858,""Half-Finger Gloves, S"",3,5/1/2014"
"29625,883,""Short-Sleeve Classic Jersey, L"",3,5/1/2014"
"29625,881,""Short-Sleeve Classic Jersey, S"",3,5/1/2014"
"29625,715,""Long-Sleeve Logo Jersey, L"",3,5/1/2014"
"29626,868,""Women's Mountain Shorts, M"",3,3/31/2014"
"29626,857,""Men's Bib-Shorts, L"",3,12/31/2012"
"29626,860,""Half-Finger Gloves, L"",3,3/30/2013"
"29626,858,""Half-Finger Gloves, S"",3,12/31/2012"
"29626,841,""Men's Sports Shorts, S"",3,12/31/2012"
"29627,858,""Half-Finger Gloves, S"",3,3/31/2014"
29627,876,Hitch Rack - 4-Bike,4,3/31/2014
"29627,849,""Men's Sports Shorts, M"",3,3/30/2013"
29627,873,Patch Kit/8 Patches,4,3/31/2014
"29627,841,""Men's Sports Shorts, S"",3,3/30/2013"
"29627,859,""Half-Finger Gloves, M"",3,3/31/2014"
"29627,853,""Women's Tights, M"",3,3/30/2013"
29627,880,Hydration Pack - 70 oz.,4,3/31/2014
"29627,884,""Short-Sleeve Classic Jersey, XL"",3,3/31/2014"
"29627,857,""Men's Bib-Shorts, L"",3,3/30/2013"
"29627,714,""Long-Sleeve Logo Jersey, M"",3,3/31/2014"
"29627,711,""Sport-100 Helmet, Blue"",4,3/31/2014"
"29627,856,""Men's Bib-Shorts, M"",3,3/30/2013"
29627,844,Minipump,4,3/30/2013
"29627,850,""Men's Sports Shorts, L"",3,3/30/2013"
"29627,865,""Classic Vest, M"",3,3/31/2014"
"29627,860,""Half-Finger Gloves, L"",3,3/31/2014"
"29627,883,""Short-Sleeve Classic Jersey, L"",3,3/31/2014"
"29627,852,""Women's Tights, S"",3,3/30/2013"
"29627,716,""Long-Sleeve Logo Jersey, XL"",3,3/31/2014"
"29627,881,""Short-Sleeve Classic Jersey, S"",3,3/31/2014"
"29627,864,""Classic Vest, S"",3,3/31/2014"
"29627,707,""Sport-100 Helmet, Red"",4,3/31/2014"
"29627,854,""Women's Tights, L"",3,3/30/2013"
"29627,875,""Racing Socks, L"",3,9/30/2013"
29627,877,Bike Wash - Dissolver,4,3/31/2014
"29628,867,""Women's Mountain Shorts, S"",3,5/1/2014"
"29628,869,""Women's Mountain Shorts, L"",3,5/1/2014"
"29629,865,""Classic Vest, M"",3,7/31/2013"
"29629,714,""Long-Sleeve Logo Jersey, M"",3,1/29/2014"
"29632,710,""Mountain Bike Socks, L"",3,4/30/2012"
29633,712,AWC Logo Cap,3,3/31/2014
"29633,864,""Classic Vest, S"",3,12/31/2013"
"29633,875,""Racing Socks, L"",3,3/31/2014"
"29633,715,""Long-Sleeve Logo Jersey, L"",3,3/31/2014"
29634,876,Hitch Rack - 4-Bike,4,3/1/2014
"29634,714,""Long-Sleeve Logo Jersey, M"",3,5/30/2013"
"29634,883,""Short-Sleeve Classic Jersey, L"",3,3/1/2014"
"29634,881,""Short-Sleeve Classic Jersey, S"",3,5/30/2013"
29635,877,Bike Wash - Dissolver,4,7/31/2013
29635,876,Hitch Rack - 4-Bike,4,5/1/2014
"29635,708,""Sport-100 Helmet, Black"",4,7/31/2013"
"29635,859,""Half-Finger Gloves, M"",3,7/31/2013"
"29635,862,""Full-Finger Gloves, M"",3,4/30/2013"
"29635,856,""Men's Bib-Shorts, M"",3,7/31/2012"
"29635,867,""Women's Mountain Shorts, S"",3,5/1/2014"
29635,870,Water Bottle - 30 oz.,4,7/31/2013
29635,712,AWC Logo Cap,3,10/30/2013
29635,880,Hydration Pack - 70 oz.,4,7/31/2013
"29635,865,""Classic Vest, M"",3,7/31/2013"
"29635,711,""Sport-100 Helmet, Blue"",4,7/31/2013"
"29635,852,""Women's Tights, S"",3,10/30/2012"
"29635,861,""Full-Finger Gloves, S"",3,4/30/2013"
"29635,715,""Long-Sleeve Logo Jersey, L"",3,10/30/2013"
"29635,864,""Classic Vest, S"",3,5/1/2014"
"29635,863,""Full-Finger Gloves, L"",3,4/30/2013"
"29637,859,""Half-Finger Gloves, M"",3,5/1/2014"
29637,870,Water Bottle - 30 oz.,4,5/1/2014
"29637,865,""Classic Vest, M"",3,5/1/2014"
"29637,855,""Men's Bib-Shorts, S"",3,4/30/2013"
"29637,864,""Classic Vest, S"",3,5/1/2014"
29637,712,AWC Logo Cap,3,5/1/2014
29637,873,Patch Kit/8 Patches,4,5/1/2014
"29637,849,""Men's Sports Shorts, M"",3,4/30/2013"
29637,844,Minipump,4,4/30/2013
"29637,857,""Men's Bib-Shorts, L"",3,4/30/2013"
29637,877,Bike Wash - Dissolver,4,5/1/2014
"29637,707,""Sport-100 Helmet, Red"",4,5/1/2014"
"29637,856,""Men's Bib-Shorts, M"",3,4/30/2013"
29637,843,Cable Lock,4,4/30/2013
29637,880,Hydration Pack - 70 oz.,4,5/1/2014
"29637,715,""Long-Sleeve Logo Jersey, L"",3,5/1/2014"
"29637,841,""Men's Sports Shorts, S"",3,4/30/2013"
"29637,854,""Women's Tights, L"",3,4/30/2013"
"29637,881,""Short-Sleeve Classic Jersey, S"",3,5/1/2014"
"29637,874,""Racing Socks, M"",3,7/31/2013"
29637,876,Hitch Rack - 4-Bike,4,5/1/2014
"29637,711,""Sport-100 Helmet, Blue"",4,5/1/2014"
"29637,858,""Half-Finger Gloves, S"",3,5/1/2014"
"29637,852,""Women's Tights, S"",3,4/30/2013"
"29637,708,""Sport-100 Helmet, Black"",4,5/1/2014"
"29637,850,""Men's Sports Shorts, L"",3,4/30/2013"
"29639,865,""Classic Vest, M"",3,1/29/2014"
29639,712,AWC Logo Cap,3,4/30/2013
"29639,841,""Men's Sports Shorts, S"",3,7/31/2012"
"29639,874,""Racing Socks, M"",3,5/1/2014"
"29639,711,""Sport-100 Helmet, Blue"",4,4/30/2013"
"29639,716,""Long-Sleeve Logo Jersey, XL"",3,4/30/2013"
"29639,854,""Women's Tights, L"",3,4/30/2013"
"29639,707,""Sport-100 Helmet, Red"",4,1/29/2014"
"29639,708,""Sport-100 Helmet, Black"",4,4/30/2013"
29639,843,Cable Lock,4,4/30/2013
"29639,855,""Men's Bib-Shorts, S"",3,4/30/2013"
29639,844,Minipump,4,4/30/2013
"29639,859,""Half-Finger Gloves, M"",3,4/30/2013"
"29639,715,""Long-Sleeve Logo Jersey, L"",3,4/30/2013"
29639,880,Hydration Pack - 70 oz.,4,1/29/2014
"29639,857,""Men's Bib-Shorts, L"",3,7/31/2012"
29641,873,Patch Kit/8 Patches,4,3/1/2014
"29641,708,""Sport-100 Helmet, Black"",4,3/1/2014"
29641,876,Hitch Rack - 4-Bike,4,3/1/2014
"29641,859,""Half-Finger Gloves, M"",3,3/1/2014"
"29641,711,""Sport-100 Helmet, Blue"",4,3/1/2014"
"29641,714,""Long-Sleeve Logo Jersey, M"",3,3/1/2014"
"29641,884,""Short-Sleeve Classic Jersey, XL"",3,3/1/2014"
"29641,865,""Classic Vest, M"",3,3/1/2014"
"29641,860,""Half-Finger Gloves, L"",3,3/1/2014"
"29641,858,""Half-Finger Gloves, S"",3,3/1/2014"
"29641,881,""Short-Sleeve Classic Jersey, S"",3,3/1/2014"
"29641,883,""Short-Sleeve Classic Jersey, L"",3,3/1/2014"
29641,870,Water Bottle - 30 oz.,4,3/1/2014
29641,712,AWC Logo Cap,3,3/1/2014
"29641,707,""Sport-100 Helmet, Red"",4,3/1/2014"
"29641,715,""Long-Sleeve Logo Jersey, L"",3,3/1/2014"
"29642,709,""Mountain Bike Socks, M"",3,1/29/2012"
"29642,711,""Sport-100 Helmet, Blue"",4,8/1/2011"
"29643,884,""Short-Sleeve Classic Jersey, XL"",3,3/31/2014"
"29643,881,""Short-Sleeve Classic Jersey, S"",3,3/31/2014"
"29643,714,""Long-Sleeve Logo Jersey, M"",3,3/31/2014"
"29643,864,""Classic Vest, S"",3,3/31/2014"
"29643,859,""Half-Finger Gloves, M"",3,3/31/2014"
29643,712,AWC Logo Cap,3,3/31/2014
"29643,865,""Classic Vest, M"",3,3/31/2014"
29643,873,Patch Kit/8 Patches,4,3/31/2014
29643,880,Hydration Pack - 70 oz.,4,3/31/2014
"29643,711,""Sport-100 Helmet, Blue"",4,3/31/2014"
"29643,883,""Short-Sleeve Classic Jersey, L"",3,3/31/2014"
"29643,860,""Half-Finger Gloves, L"",3,3/31/2014"
29643,876,Hitch Rack - 4-Bike,4,3/31/2014
"29643,707,""Sport-100 Helmet, Red"",4,3/31/2014"
"29643,716,""Long-Sleeve Logo Jersey, XL"",3,3/31/2014"
"29643,708,""Sport-100 Helmet, Black"",4,3/31/2014"
"29644,874,""Racing Socks, M"",3,10/30/2013"
29645,876,Hitch Rack - 4-Bike,4,1/29/2014
"29646,841,""Men's Sports Shorts, S"",3,11/30/2012"
"29646,850,""Men's Sports Shorts, L"",3,2/28/2013"
"29646,874,""Racing Socks, M"",3,8/30/2013"
"29646,853,""Women's Tights, M"",3,2/28/2013"
"29646,858,""Half-Finger Gloves, S"",3,11/30/2012"
29646,843,Cable Lock,4,2/28/2013
"29646,860,""Half-Finger Gloves, L"",3,2/28/2013"
29647,873,Patch Kit/8 Patches,4,5/30/2013
"29647,849,""Men's Sports Shorts, M"",3,2/28/2013"
"29647,868,""Women's Mountain Shorts, M"",3,3/1/2014"
"29647,852,""Women's Tights, S"",3,2/28/2013"
"29647,716,""Long-Sleeve Logo Jersey, XL"",3,2/28/2013"
"29647,869,""Women's Mountain Shorts, L"",3,3/1/2014"
"29647,863,""Full-Finger Gloves, L"",3,2/28/2013"
"29647,714,""Long-Sleeve Logo Jersey, M"",3,2/28/2013"
"29647,884,""Short-Sleeve Classic Jersey, XL"",3,8/30/2013"
29647,844,Minipump,4,2/28/2013
"29647,883,""Short-Sleeve Classic Jersey, L"",3,11/30/2013"
"29647,861,""Full-Finger Gloves, S"",3,2/28/2013"
"29647,862,""Full-Finger Gloves, M"",3,2/28/2013"
"29647,857,""Men's Bib-Shorts, L"",3,5/30/2012"
"29647,856,""Men's Bib-Shorts, M"",3,2/28/2013"
"29647,858,""Half-Finger Gloves, S"",3,8/30/2013"
29647,843,Cable Lock,4,2/28/2013
"29647,855,""Men's Bib-Shorts, S"",3,2/28/2013"
"29647,707,""Sport-100 Helmet, Red"",4,5/30/2013"
"29647,867,""Women's Mountain Shorts, S"",3,3/1/2014"
"29647,711,""Sport-100 Helmet, Blue"",4,11/30/2013"
"29648,883,""Short-Sleeve Classic Jersey, L"",3,3/1/2014"
29648,877,Bike Wash - Dissolver,4,11/30/2013
"29648,715,""Long-Sleeve Logo Jersey, L"",3,11/30/2013"
"29648,858,""Half-Finger Gloves, S"",3,5/30/2013"
"29648,716,""Long-Sleeve Logo Jersey, XL"",3,5/30/2013"
"29648,881,""Short-Sleeve Classic Jersey, S"",3,3/1/2014"
"29648,865,""Classic Vest, M"",3,3/1/2014"
29648,712,AWC Logo Cap,3,11/30/2013
"29648,859,""Half-Finger Gloves, M"",3,3/1/2014"
"29649,709,""Mountain Bike Socks, M"",3,4/30/2012"
"29649,708,""Sport-100 Helmet, Black"",4,4/30/2013"
"29649,859,""Half-Finger Gloves, M"",3,4/30/2013"
"29649,863,""Full-Finger Gloves, L"",3,4/30/2013"
"29649,714,""Long-Sleeve Logo Jersey, M"",3,7/31/2012"
29649,844,Minipump,4,7/31/2012
"29649,852,""Women's Tights, S"",3,4/30/2013"
"29649,861,""Full-Finger Gloves, S"",3,7/31/2012"
"29649,862,""Full-Finger Gloves, M"",3,4/30/2013"
"29649,856,""Men's Bib-Shorts, M"",3,4/30/2013"
"29649,715,""Long-Sleeve Logo Jersey, L"",3,4/30/2013"
29649,843,Cable Lock,4,7/31/2012
"29651,859,""Half-Finger Gloves, M"",3,4/30/2013"
"29651,855,""Men's Bib-Shorts, S"",3,7/31/2012"
"29651,714,""Long-Sleeve Logo Jersey, M"",3,4/30/2013"
29651,712,AWC Logo Cap,3,4/30/2013
29651,844,Minipump,4,4/30/2013
"29651,857,""Men's Bib-Shorts, L"",3,7/31/2012"
29651,843,Cable Lock,4,4/30/2013
"29651,711,""Sport-100 Helmet, Blue"",4,4/30/2013"
"29651,856,""Men's Bib-Shorts, M"",3,4/30/2013"
"29651,874,""Racing Socks, M"",3,1/29/2014"
"29651,715,""Long-Sleeve Logo Jersey, L"",3,4/30/2013"
"29651,875,""Racing Socks, L"",3,5/1/2014"
"29651,849,""Men's Sports Shorts, M"",3,4/30/2013"
"29651,852,""Women's Tights, S"",3,4/30/2013"
"29652,884,""Short-Sleeve Classic Jersey, XL"",3,5/1/2014"
29652,880,Hydration Pack - 70 oz.,4,7/31/2013
"29652,865,""Classic Vest, M"",3,7/31/2013"
"29652,864,""Classic Vest, S"",3,5/1/2014"
"29652,707,""Sport-100 Helmet, Red"",4,7/31/2013"
29652,876,Hitch Rack - 4-Bike,4,5/1/2014
"29652,883,""Short-Sleeve Classic Jersey, L"",3,7/31/2013"
"29652,859,""Half-Finger Gloves, M"",3,7/31/2013"
"29652,868,""Women's Mountain Shorts, M"",3,5/1/2014"
"29652,711,""Sport-100 Helmet, Blue"",4,7/31/2013"
"29652,867,""Women's Mountain Shorts, S"",3,7/31/2013"
29652,712,AWC Logo Cap,3,10/30/2013
29652,877,Bike Wash - Dissolver,4,7/31/2013
29653,712,AWC Logo Cap,3,5/1/2014
"29653,864,""Classic Vest, S"",3,1/29/2014"
29653,877,Bike Wash - Dissolver,4,5/1/2014
"29653,707,""Sport-100 Helmet, Red"",4,7/31/2013"
"29653,715,""Long-Sleeve Logo Jersey, L"",3,5/1/2014"
"29654,863,""Full-Finger Gloves, L"",3,2/28/2013"
"29654,861,""Full-Finger Gloves, S"",3,2/28/2013"
"29654,868,""Women's Mountain Shorts, M"",3,3/1/2014"
"29654,867,""Women's Mountain Shorts, S"",3,3/1/2014"
"29654,869,""Women's Mountain Shorts, L"",3,3/1/2014"
"29655,715,""Long-Sleeve Logo Jersey, L"",3,4/30/2012"
29655,712,AWC Logo Cap,3,4/30/2012
"29658,714,""Long-Sleeve Logo Jersey, M"",3,3/1/2014"
"29658,884,""Short-Sleeve Classic Jersey, XL"",3,3/1/2014"
"29658,881,""Short-Sleeve Classic Jersey, S"",3,3/1/2014"
29658,880,Hydration Pack - 70 oz.,4,3/1/2014
"29658,864,""Classic Vest, S"",3,3/1/2014"
"29658,861,""Full-Finger Gloves, S"",3,5/30/2012"
29658,877,Bike Wash - Dissolver,4,3/1/2014
"29658,860,""Half-Finger Gloves, L"",3,3/1/2014"
"29658,883,""Short-Sleeve Classic Jersey, L"",3,3/1/2014"
29658,876,Hitch Rack - 4-Bike,4,3/1/2014
"29658,863,""Full-Finger Gloves, L"",3,2/28/2013"
"29658,716,""Long-Sleeve Logo Jersey, XL"",3,3/1/2014"
29658,712,AWC Logo Cap,3,3/1/2014
29658,870,Water Bottle - 30 oz.,4,3/1/2014
"29658,715,""Long-Sleeve Logo Jersey, L"",3,3/1/2014"
"29658,708,""Sport-100 Helmet, Black"",4,3/1/2014"
"29658,869,""Women's Mountain Shorts, L"",3,3/1/2014"
"29658,862,""Full-Finger Gloves, M"",3,2/28/2013"
"29658,859,""Half-Finger Gloves, M"",3,3/1/2014"
"29658,868,""Women's Mountain Shorts, M"",3,3/1/2014"
29659,712,AWC Logo Cap,3,4/30/2012
"29659,711,""Sport-100 Helmet, Blue"",4,4/30/2012"
"29659,716,""Long-Sleeve Logo Jersey, XL"",3,1/29/2012"
"29659,707,""Sport-100 Helmet, Red"",4,1/29/2012"
"29659,708,""Sport-100 Helmet, Black"",4,4/30/2012"
"29661,716,""Long-Sleeve Logo Jersey, XL"",3,2/29/2012"
"29661,711,""Sport-100 Helmet, Blue"",4,2/29/2012"
"29661,707,""Sport-100 Helmet, Red"",4,2/29/2012"
"29661,714,""Long-Sleeve Logo Jersey, M"",3,2/29/2012"
"29661,715,""Long-Sleeve Logo Jersey, L"",3,12/1/2011"
"29665,868,""Women's Mountain Shorts, M"",3,3/31/2014"
"29665,859,""Half-Finger Gloves, M"",3,6/30/2013"
"29665,884,""Short-Sleeve Classic Jersey, XL"",3,3/31/2014"
"29665,864,""Classic Vest, S"",3,3/31/2014"
"29665,883,""Short-Sleeve Classic Jersey, L"",3,6/30/2013"
29665,870,Water Bottle - 30 oz.,4,6/30/2013
29665,877,Bike Wash - Dissolver,4,6/30/2013
"29665,715,""Long-Sleeve Logo Jersey, L"",3,9/30/2013"
29665,880,Hydration Pack - 70 oz.,4,6/30/2013
29665,712,AWC Logo Cap,3,9/30/2013
"29665,869,""Women's Mountain Shorts, L"",3,3/31/2014"
"29665,708,""Sport-100 Helmet, Black"",4,6/30/2013"
"29666,711,""Sport-100 Helmet, Blue"",4,6/30/2013"
29666,880,Hydration Pack - 70 oz.,4,6/30/2013
"29666,881,""Short-Sleeve Classic Jersey, S"",3,6/30/2013"
"29666,884,""Short-Sleeve Classic Jersey, XL"",3,3/31/2014"
"29666,865,""Classic Vest, M"",3,6/30/2013"
"29666,883,""Short-Sleeve Classic Jersey, L"",3,3/31/2014"
29666,876,Hitch Rack - 4-Bike,4,3/31/2014
29666,870,Water Bottle - 30 oz.,4,9/30/2013
"29666,715,""Long-Sleeve Logo Jersey, L"",3,3/31/2014"
"29666,707,""Sport-100 Helmet, Red"",4,6/30/2013"
"29666,859,""Half-Finger Gloves, M"",3,6/30/2013"
29666,712,AWC Logo Cap,3,3/31/2014
29667,712,AWC Logo Cap,3,3/30/2013
"29667,711,""Sport-100 Helmet, Blue"",4,6/30/2012"
"29667,716,""Long-Sleeve Logo Jersey, XL"",3,6/30/2012"
"29667,715,""Long-Sleeve Logo Jersey, L"",3,3/30/2013"
"29667,852,""Women's Tights, S"",3,9/30/2012"
"29667,856,""Men's Bib-Shorts, M"",3,6/30/2012"
"29667,854,""Women's Tights, L"",3,3/30/2013"
"29667,708,""Sport-100 Helmet, Black"",4,6/30/2012"
29669,876,Hitch Rack - 4-Bike,4,7/31/2013
"29669,852,""Women's Tights, S"",3,7/31/2012"
"29669,715,""Long-Sleeve Logo Jersey, L"",3,10/30/2012"
"29669,874,""Racing Socks, M"",3,5/1/2014"
29669,877,Bike Wash - Dissolver,4,7/31/2013
"29669,856,""Men's Bib-Shorts, M"",3,7/31/2012"
"29669,875,""Racing Socks, L"",3,5/1/2014"
"29670,881,""Short-Sleeve Classic Jersey, S"",3,5/30/2013"
"29670,864,""Classic Vest, S"",3,11/30/2013"
"29670,883,""Short-Sleeve Classic Jersey, L"",3,3/1/2014"
"29670,715,""Long-Sleeve Logo Jersey, L"",3,3/1/2014"
"29671,881,""Short-Sleeve Classic Jersey, S"",3,5/30/2013"
29671,877,Bike Wash - Dissolver,4,3/1/2014
29671,870,Water Bottle - 30 oz.,4,8/30/2013
29673,712,AWC Logo Cap,3,4/30/2012
"29674,715,""Long-Sleeve Logo Jersey, L"",3,10/30/2012"
"29674,708,""Sport-100 Helmet, Black"",4,7/31/2012"
29674,712,AWC Logo Cap,3,10/30/2012
"29675,883,""Short-Sleeve Classic Jersey, L"",3,3/31/2014"
"29675,715,""Long-Sleeve Logo Jersey, L"",3,3/31/2014"
"29675,864,""Classic Vest, S"",3,12/31/2013"
"29675,854,""Women's Tights, L"",3,3/30/2013"
29675,712,AWC Logo Cap,3,3/31/2014
"29675,852,""Women's Tights, S"",3,3/30/2013"
"29676,849,""Men's Sports Shorts, M"",3,7/31/2013"
"29676,852,""Women's Tights, S"",3,4/30/2014"
"29676,881,""Short-Sleeve Classic Jersey, S"",3,7/31/2013"
"29676,856,""Men's Bib-Shorts, M"",3,4/30/2014"
"29676,711,""Sport-100 Helmet, Blue"",4,5/1/2014"
"29676,715,""Long-Sleeve Logo Jersey, L"",3,5/1/2014"
29676,876,Hitch Rack - 4-Bike,4,5/1/2014
"29676,883,""Short-Sleeve Classic Jersey, L"",3,10/30/2013"
"29676,708,""Sport-100 Helmet, Black"",4,10/30/2013"
"29677,711,""Sport-100 Helmet, Blue"",4,6/30/2012"
"29677,852,""Women's Tights, S"",3,9/30/2012"
"29677,881,""Short-Sleeve Classic Jersey, S"",3,6/30/2013"
"29677,864,""Classic Vest, S"",3,3/31/2014"
"29677,715,""Long-Sleeve Logo Jersey, L"",3,9/30/2013"
"29677,856,""Men's Bib-Shorts, M"",3,6/30/2012"
"29677,854,""Women's Tights, L"",3,3/30/2013"
"29677,883,""Short-Sleeve Classic Jersey, L"",3,3/31/2014"
"29677,707,""Sport-100 Helmet, Red"",4,6/30/2013"
29677,876,Hitch Rack - 4-Bike,4,3/31/2014
"29677,714,""Long-Sleeve Logo Jersey, M"",3,6/30/2013"
"29677,859,""Half-Finger Gloves, M"",3,6/30/2013"
29677,880,Hydration Pack - 70 oz.,4,6/30/2013
"29677,875,""Racing Socks, L"",3,3/31/2014"
"29677,884,""Short-Sleeve Classic Jersey, XL"",3,3/31/2014"
"29677,865,""Classic Vest, M"",3,6/30/2013"
"29678,863,""Full-Finger Gloves, L"",3,1/28/2013"
"29678,715,""Long-Sleeve Logo Jersey, L"",3,7/31/2012"
"29678,861,""Full-Finger Gloves, S"",3,4/30/2013"
"29678,862,""Full-Finger Gloves, M"",3,1/28/2013"
"29678,867,""Women's Mountain Shorts, S"",3,5/1/2014"
"29678,869,""Women's Mountain Shorts, L"",3,5/1/2014"
"29679,856,""Men's Bib-Shorts, M"",3,2/28/2014"
"29679,711,""Sport-100 Helmet, Blue"",4,2/28/2014"
"29679,884,""Short-Sleeve Classic Jersey, XL"",3,11/30/2013"
"29679,883,""Short-Sleeve Classic Jersey, L"",3,8/30/2013"
"29680,710,""Mountain Bike Socks, L"",3,3/30/2012"
"29680,862,""Full-Finger Gloves, M"",3,12/31/2012"
"29680,709,""Mountain Bike Socks, M"",3,3/30/2012"
"29680,863,""Full-Finger Gloves, L"",3,3/30/2013"
"29682,874,""Racing Socks, M"",3,3/1/2014"
29682,870,Water Bottle - 30 oz.,4,3/1/2014
29682,712,AWC Logo Cap,3,3/1/2014
"29682,864,""Classic Vest, S"",3,11/30/2013"
"29683,852,""Women's Tights, S"",3,8/30/2012"
"29683,715,""Long-Sleeve Logo Jersey, L"",3,2/28/2013"
"29683,863,""Full-Finger Gloves, L"",3,2/28/2013"
"29683,861,""Full-Finger Gloves, S"",3,2/28/2013"
"29683,862,""Full-Finger Gloves, M"",3,2/28/2013"
"29683,868,""Women's Mountain Shorts, M"",3,11/30/2013"
"29683,854,""Women's Tights, L"",3,2/28/2013"
"29683,856,""Men's Bib-Shorts, M"",3,5/30/2012"
"29683,708,""Sport-100 Helmet, Black"",4,5/30/2012"
"29683,869,""Women's Mountain Shorts, L"",3,11/30/2013"
29683,712,AWC Logo Cap,3,2/28/2013
"29684,852,""Women's Tights, S"",3,3/30/2013"
"29684,715,""Long-Sleeve Logo Jersey, L"",3,3/30/2013"
"29684,883,""Short-Sleeve Classic Jersey, L"",3,9/30/2013"
"29684,707,""Sport-100 Helmet, Red"",4,6/30/2012"
"29684,711,""Sport-100 Helmet, Blue"",4,6/30/2012"
"29684,874,""Racing Socks, M"",3,3/31/2014"
"29684,854,""Women's Tights, L"",3,3/30/2013"
"29684,875,""Racing Socks, L"",3,3/31/2014"
"29684,708,""Sport-100 Helmet, Black"",4,6/30/2012"
"29684,714,""Long-Sleeve Logo Jersey, M"",3,6/30/2013"
"29685,869,""Women's Mountain Shorts, L"",3,5/1/2014"
"29685,861,""Full-Finger Gloves, S"",3,4/30/2013"
"29685,710,""Mountain Bike Socks, L"",3,4/30/2012"
"29685,862,""Full-Finger Gloves, M"",3,4/30/2013"
"29685,863,""Full-Finger Gloves, L"",3,4/30/2013"
"29685,709,""Mountain Bike Socks, M"",3,10/31/2011"
"29686,715,""Long-Sleeve Logo Jersey, L"",3,10/31/2011"
"29687,874,""Racing Socks, M"",3,5/1/2014"
"29687,875,""Racing Socks, L"",3,5/1/2014"
"29688,868,""Women's Mountain Shorts, M"",3,12/31/2013"
"29689,850,""Men's Sports Shorts, L"",3,2/28/2013"
"29689,854,""Women's Tights, L"",3,5/30/2012"
"29689,874,""Racing Socks, M"",3,5/30/2013"
29689,843,Cable Lock,4,8/30/2012
"29689,858,""Half-Finger Gloves, S"",3,3/1/2014"
"29689,883,""Short-Sleeve Classic Jersey, L"",3,3/1/2014"
"29689,715,""Long-Sleeve Logo Jersey, L"",3,3/1/2014"
"29689,707,""Sport-100 Helmet, Red"",4,3/1/2014"
"29689,881,""Short-Sleeve Classic Jersey, S"",3,3/1/2014"
"29689,716,""Long-Sleeve Logo Jersey, XL"",3,3/1/2014"
29689,712,AWC Logo Cap,3,3/1/2014
29689,870,Water Bottle - 30 oz.,4,3/1/2014
"29689,853,""Women's Tights, M"",3,2/28/2013"
"29689,708,""Sport-100 Helmet, Black"",4,3/1/2014"
29689,877,Bike Wash - Dissolver,4,3/1/2014
"29689,859,""Half-Finger Gloves, M"",3,3/1/2014"
29689,876,Hitch Rack - 4-Bike,4,3/1/2014
"29689,884,""Short-Sleeve Classic Jersey, XL"",3,3/1/2014"
"29689,711,""Sport-100 Helmet, Blue"",4,3/1/2014"
29689,873,Patch Kit/8 Patches,4,3/1/2014
"29689,865,""Classic Vest, M"",3,3/1/2014"
"29689,841,""Men's Sports Shorts, S"",3,11/30/2012"
"29689,860,""Half-Finger Gloves, L"",3,3/1/2014"
"29690,716,""Long-Sleeve Logo Jersey, XL"",3,4/30/2012"
"29690,715,""Long-Sleeve Logo Jersey, L"",3,4/30/2012"
"29690,708,""Sport-100 Helmet, Black"",4,4/30/2012"
"29690,863,""Full-Finger Gloves, L"",3,4/30/2013"
29690,873,Patch Kit/8 Patches,4,7/31/2013
"29690,869,""Women's Mountain Shorts, L"",3,5/1/2014"
"29690,862,""Full-Finger Gloves, M"",3,4/30/2013"
"29690,709,""Mountain Bike Socks, M"",3,4/30/2012"
"29690,714,""Long-Sleeve Logo Jersey, M"",3,4/30/2012"
29690,712,AWC Logo Cap,3,4/30/2012
"29690,861,""Full-Finger Gloves, S"",3,7/31/2012"
"29690,868,""Women's Mountain Shorts, M"",3,5/1/2014"
"29691,869,""Women's Mountain Shorts, L"",3,9/30/2013"
"29692,881,""Short-Sleeve Classic Jersey, S"",3,3/1/2014"
"29692,716,""Long-Sleeve Logo Jersey, XL"",3,3/1/2014"
"29692,711,""Sport-100 Helmet, Blue"",4,3/1/2014"
"29692,856,""Men's Bib-Shorts, M"",3,2/28/2013"
"29692,715,""Long-Sleeve Logo Jersey, L"",3,3/1/2014"
"29692,874,""Racing Socks, M"",3,8/30/2013"
"29692,854,""Women's Tights, L"",3,2/28/2013"
29692,876,Hitch Rack - 4-Bike,4,3/1/2014
"29692,708,""Sport-100 Helmet, Black"",4,3/1/2014"
"29692,883,""Short-Sleeve Classic Jersey, L"",3,3/1/2014"
29692,870,Water Bottle - 30 oz.,4,3/1/2014
"29692,852,""Women's Tights, S"",3,2/28/2013"
"29692,714,""Long-Sleeve Logo Jersey, M"",3,3/1/2014"
"29692,884,""Short-Sleeve Classic Jersey, XL"",3,3/1/2014"
"29692,864,""Classic Vest, S"",3,3/1/2014"
"29692,855,""Men's Bib-Shorts, S"",3,2/28/2013"
29692,712,AWC Logo Cap,3,3/1/2014
"29692,875,""Racing Socks, L"",3,3/1/2014"
"29692,859,""Half-Finger Gloves, M"",3,3/1/2014"
"29692,849,""Men's Sports Shorts, M"",3,2/28/2013"
29692,844,Minipump,4,2/28/2013
29692,880,Hydration Pack - 70 oz.,4,3/1/2014
"29692,860,""Half-Finger Gloves, L"",3,8/30/2013"
29692,877,Bike Wash - Dissolver,4,3/1/2014
29692,843,Cable Lock,4,2/28/2013
"29692,857,""Men's Bib-Shorts, L"",3,2/28/2013"
"29693,716,""Long-Sleeve Logo Jersey, XL"",3,3/1/2014"
"29693,711,""Sport-100 Helmet, Blue"",4,3/1/2014"
"29693,715,""Long-Sleeve Logo Jersey, L"",3,3/1/2014"
"29693,707,""Sport-100 Helmet, Red"",4,3/1/2014"
29693,876,Hitch Rack - 4-Bike,4,3/1/2014
"29693,708,""Sport-100 Helmet, Black"",4,3/1/2014"
"29693,883,""Short-Sleeve Classic Jersey, L"",3,3/1/2014"
"29693,858,""Half-Finger Gloves, S"",3,3/1/2014"
"29693,881,""Short-Sleeve Classic Jersey, S"",3,3/1/2014"
"29693,714,""Long-Sleeve Logo Jersey, M"",3,3/1/2014"
29693,712,AWC Logo Cap,3,3/1/2014
29693,880,Hydration Pack - 70 oz.,4,3/1/2014
"29693,859,""Half-Finger Gloves, M"",3,3/1/2014"
"29693,884,""Short-Sleeve Classic Jersey, XL"",3,3/1/2014"
"29693,864,""Classic Vest, S"",3,3/1/2014"
29693,873,Patch Kit/8 Patches,4,3/1/2014
"29696,874,""Racing Socks, M"",3,10/30/2013"
"29698,850,""Men's Sports Shorts, L"",3,12/31/2012"
"29698,883,""Short-Sleeve Classic Jersey, L"",3,6/30/2013"
"29698,874,""Racing Socks, M"",3,9/30/2013"
"29698,716,""Long-Sleeve Logo Jersey, XL"",3,3/30/2012"
"29698,715,""Long-Sleeve Logo Jersey, L"",3,9/30/2013"
"29698,707,""Sport-100 Helmet, Red"",4,12/31/2013"
29698,876,Hitch Rack - 4-Bike,4,12/31/2013
29698,870,Water Bottle - 30 oz.,4,12/31/2013
"29698,855,""Men's Bib-Shorts, S"",3,9/30/2012"
29698,877,Bike Wash - Dissolver,4,12/31/2013
"29698,858,""Half-Finger Gloves, S"",3,6/30/2013"
29698,873,Patch Kit/8 Patches,4,3/31/2014
"29698,708,""Sport-100 Helmet, Black"",4,3/31/2014"
"29698,711,""Sport-100 Helmet, Blue"",4,12/31/2013"
29698,712,AWC Logo Cap,3,3/30/2013
"29698,884,""Short-Sleeve Classic Jersey, XL"",3,3/31/2014"
"29699,852,""Women's Tights, S"",3,3/30/2013"
"29699,716,""Long-Sleeve Logo Jersey, XL"",3,3/30/2013"
"29699,715,""Long-Sleeve Logo Jersey, L"",3,3/30/2013"
"29699,860,""Half-Finger Gloves, L"",3,3/30/2013"
29699,843,Cable Lock,4,3/30/2013
"29699,856,""Men's Bib-Shorts, M"",3,3/30/2013"
"29699,859,""Half-Finger Gloves, M"",3,3/30/2013"
"29699,858,""Half-Finger Gloves, S"",3,3/30/2013"
"29699,857,""Men's Bib-Shorts, L"",3,3/30/2013"
"29699,708,""Sport-100 Helmet, Black"",4,3/30/2013"
"29699,853,""Women's Tights, M"",3,3/30/2013"
"29699,855,""Men's Bib-Shorts, S"",3,3/30/2013"
29699,844,Minipump,4,3/30/2013
"29699,849,""Men's Sports Shorts, M"",3,3/30/2013"
"29699,714,""Long-Sleeve Logo Jersey, M"",3,3/30/2013"
29699,712,AWC Logo Cap,3,3/30/2013
"29701,715,""Long-Sleeve Logo Jersey, L"",3,4/30/2013"
"29701,856,""Men's Bib-Shorts, M"",3,4/30/2013"
29701,844,Minipump,4,4/30/2013
"29701,711,""Sport-100 Helmet, Blue"",4,4/30/2013"
"29701,874,""Racing Socks, M"",3,10/30/2013"
"29701,855,""Men's Bib-Shorts, S"",3,4/30/2013"
"29701,854,""Women's Tights, L"",3,4/30/2013"
"29701,875,""Racing Socks, L"",3,5/1/2014"
"29701,859,""Half-Finger Gloves, M"",3,4/30/2013"
"29701,852,""Women's Tights, S"",3,4/30/2013"
"29701,708,""Sport-100 Helmet, Black"",4,4/30/2013"
"29701,714,""Long-Sleeve Logo Jersey, M"",3,4/30/2013"
29701,712,AWC Logo Cap,3,4/30/2013
"29701,849,""Men's Sports Shorts, M"",3,4/30/2013"
"29701,857,""Men's Bib-Shorts, L"",3,4/30/2013"
29701,843,Cable Lock,4,4/30/2013
"29701,860,""Half-Finger Gloves, L"",3,4/30/2013"
"29701,716,""Long-Sleeve Logo Jersey, XL"",3,10/30/2013"
"29701,707,""Sport-100 Helmet, Red"",4,4/30/2013"
"29702,861,""Full-Finger Gloves, S"",3,7/31/2012"
"29702,708,""Sport-100 Helmet, Black"",4,4/30/2013"
"29702,707,""Sport-100 Helmet, Red"",4,4/30/2013"
"29702,854,""Women's Tights, L"",3,4/30/2013"
"29702,863,""Full-Finger Gloves, L"",3,4/30/2013"
"29702,711,""Sport-100 Helmet, Blue"",4,5/1/2014"
"29702,852,""Women's Tights, S"",3,4/30/2013"
"29702,859,""Half-Finger Gloves, M"",3,4/30/2013"
"29702,858,""Half-Finger Gloves, S"",3,4/30/2013"
"29702,715,""Long-Sleeve Logo Jersey, L"",3,4/30/2013"
"29702,856,""Men's Bib-Shorts, M"",3,4/30/2013"
"29702,853,""Women's Tights, M"",3,10/30/2012"
"29702,850,""Men's Sports Shorts, L"",3,10/30/2012"
"29702,849,""Men's Sports Shorts, M"",3,4/30/2013"
"29702,864,""Classic Vest, S"",3,7/31/2013"
"29702,857,""Men's Bib-Shorts, L"",3,4/30/2013"
"29702,841,""Men's Sports Shorts, S"",3,4/30/2013"
"29702,868,""Women's Mountain Shorts, M"",3,5/1/2014"
"29702,709,""Mountain Bike Socks, M"",3,1/29/2012"
"29702,716,""Long-Sleeve Logo Jersey, XL"",3,4/30/2013"
"29702,860,""Half-Finger Gloves, L"",3,7/31/2012"
"29702,867,""Women's Mountain Shorts, S"",3,5/1/2014"
"29702,714,""Long-Sleeve Logo Jersey, M"",3,4/30/2013"
29702,844,Minipump,4,4/30/2013
29703,844,Minipump,4,3/30/2013
"29703,852,""Women's Tights, S"",3,3/30/2013"
"29703,854,""Women's Tights, L"",3,3/30/2013"
29703,843,Cable Lock,4,3/30/2013
"29703,850,""Men's Sports Shorts, L"",3,3/30/2013"
"29703,856,""Men's Bib-Shorts, M"",3,3/30/2013"
"29703,715,""Long-Sleeve Logo Jersey, L"",3,3/30/2013"
"29703,707,""Sport-100 Helmet, Red"",4,3/30/2013"
"29703,859,""Half-Finger Gloves, M"",3,3/30/2013"
29703,712,AWC Logo Cap,3,3/30/2013
"29703,855,""Men's Bib-Shorts, S"",3,3/30/2013"
"29703,708,""Sport-100 Helmet, Black"",4,3/30/2013"
"29703,849,""Men's Sports Shorts, M"",3,3/30/2013"
"29703,857,""Men's Bib-Shorts, L"",3,3/30/2013"
"29703,711,""Sport-100 Helmet, Blue"",4,3/30/2013"
"29703,841,""Men's Sports Shorts, S"",3,3/30/2013"
"29704,852,""Women's Tights, S"",3,2/28/2013"
"29704,883,""Short-Sleeve Classic Jersey, L"",3,3/1/2014"
"29704,860,""Half-Finger Gloves, L"",3,3/1/2014"
"29704,858,""Half-Finger Gloves, S"",3,3/1/2014"
"29704,857,""Men's Bib-Shorts, L"",3,2/28/2013"
"29704,850,""Men's Sports Shorts, L"",3,2/28/2013"
"29704,856,""Men's Bib-Shorts, M"",3,2/28/2013"
"29704,875,""Racing Socks, L"",3,3/1/2014"
"29704,853,""Women's Tights, M"",3,2/28/2013"
"29704,707,""Sport-100 Helmet, Red"",4,3/1/2014"
"29704,716,""Long-Sleeve Logo Jersey, XL"",3,3/1/2014"
29704,880,Hydration Pack - 70 oz.,4,3/1/2014
"29704,864,""Classic Vest, S"",3,3/1/2014"
29704,877,Bike Wash - Dissolver,4,3/1/2014
"29704,849,""Men's Sports Shorts, M"",3,2/28/2013"
29704,873,Patch Kit/8 Patches,4,3/1/2014
"29704,714,""Long-Sleeve Logo Jersey, M"",3,3/1/2014"
"29704,865,""Classic Vest, M"",3,3/1/2014"
"29704,884,""Short-Sleeve Classic Jersey, XL"",3,3/1/2014"
"29704,841,""Men's Sports Shorts, S"",3,2/28/2013"
"29704,711,""Sport-100 Helmet, Blue"",4,3/1/2014"
29704,844,Minipump,4,2/28/2013
"29704,854,""Women's Tights, L"",3,2/28/2013"
"29704,874,""Racing Socks, M"",3,5/30/2013"
29704,870,Water Bottle - 30 oz.,4,3/1/2014
29704,843,Cable Lock,4,2/28/2013
"29705,855,""Men's Bib-Shorts, S"",3,3/30/2013"
"29705,858,""Half-Finger Gloves, S"",3,3/31/2014"
29705,843,Cable Lock,4,3/30/2013
"29705,715,""Long-Sleeve Logo Jersey, L"",3,3/31/2014"
"29705,716,""Long-Sleeve Logo Jersey, XL"",3,3/31/2014"
29705,870,Water Bottle - 30 oz.,4,3/31/2014
"29705,850,""Men's Sports Shorts, L"",3,3/30/2013"
29705,712,AWC Logo Cap,3,3/31/2014
29705,880,Hydration Pack - 70 oz.,4,3/31/2014
"29705,708,""Sport-100 Helmet, Black"",4,3/31/2014"
"29705,707,""Sport-100 Helmet, Red"",4,3/31/2014"
"29705,849,""Men's Sports Shorts, M"",3,3/30/2013"
"29705,859,""Half-Finger Gloves, M"",3,3/31/2014"
"29705,856,""Men's Bib-Shorts, M"",3,3/30/2013"
"29705,881,""Short-Sleeve Classic Jersey, S"",3,3/31/2014"
29705,873,Patch Kit/8 Patches,4,3/31/2014
"29705,853,""Women's Tights, M"",3,3/30/2013"
"29705,865,""Classic Vest, M"",3,3/31/2014"
"29705,884,""Short-Sleeve Classic Jersey, XL"",3,3/31/2014"
"29705,854,""Women's Tights, L"",3,3/30/2013"
29705,877,Bike Wash - Dissolver,4,3/31/2014
"29705,711,""Sport-100 Helmet, Blue"",4,3/31/2014"
29705,876,Hitch Rack - 4-Bike,4,3/31/2014
"29705,874,""Racing Socks, M"",3,6/30/2013"
"29705,841,""Men's Sports Shorts, S"",3,3/30/2013"
29705,844,Minipump,4,3/30/2013
29706,870,Water Bottle - 30 oz.,4,3/31/2014
29706,712,AWC Logo Cap,3,12/31/2013
"29706,883,""Short-Sleeve Classic Jersey, L"",3,6/30/2013"
"29707,716,""Long-Sleeve Logo Jersey, XL"",3,5/1/2014"
"29707,715,""Long-Sleeve Logo Jersey, L"",3,5/1/2014"
"29707,707,""Sport-100 Helmet, Red"",4,5/1/2014"
"29707,858,""Half-Finger Gloves, S"",3,5/1/2014"
"29707,708,""Sport-100 Helmet, Black"",4,5/1/2014"
"29707,855,""Men's Bib-Shorts, S"",3,4/30/2013"
"29707,854,""Women's Tights, L"",3,4/30/2013"
"29707,850,""Men's Sports Shorts, L"",3,4/30/2013"
"29707,714,""Long-Sleeve Logo Jersey, M"",3,5/1/2014"
"29707,884,""Short-Sleeve Classic Jersey, XL"",3,5/1/2014"
29707,870,Water Bottle - 30 oz.,4,5/1/2014
29707,712,AWC Logo Cap,3,5/1/2014
"29707,853,""Women's Tights, M"",3,4/30/2013"
"29707,711,""Sport-100 Helmet, Blue"",4,5/1/2014"
"29707,881,""Short-Sleeve Classic Jersey, S"",3,5/1/2014"
"29707,859,""Half-Finger Gloves, M"",3,5/1/2014"
"29707,865,""Classic Vest, M"",3,5/1/2014"
29707,876,Hitch Rack - 4-Bike,4,5/1/2014
"29707,874,""Racing Socks, M"",3,10/30/2013"
29707,873,Patch Kit/8 Patches,4,5/1/2014
"29707,860,""Half-Finger Gloves, L"",3,5/1/2014"
29707,843,Cable Lock,4,4/30/2013
"29707,841,""Men's Sports Shorts, S"",3,4/30/2013"
"29707,883,""Short-Sleeve Classic Jersey, L"",3,5/1/2014"
"29707,856,""Men's Bib-Shorts, M"",3,4/30/2013"
"29707,875,""Racing Socks, L"",3,5/1/2014"
"29708,708,""Sport-100 Helmet, Black"",4,1/29/2012"
"29708,714,""Long-Sleeve Logo Jersey, M"",3,4/30/2012"
29708,712,AWC Logo Cap,3,4/30/2012
"29708,716,""Long-Sleeve Logo Jersey, XL"",3,4/30/2012"
"29708,715,""Long-Sleeve Logo Jersey, L"",3,4/30/2012"
"29709,874,""Racing Socks, M"",3,5/1/2014"
"29709,854,""Women's Tights, L"",3,4/30/2013"
"29709,708,""Sport-100 Helmet, Black"",4,7/31/2013"
"29709,881,""Short-Sleeve Classic Jersey, S"",3,7/31/2013"
"29709,883,""Short-Sleeve Classic Jersey, L"",3,5/1/2014"
"29709,859,""Half-Finger Gloves, M"",3,7/31/2013"
29709,712,AWC Logo Cap,3,5/1/2014
"29709,865,""Classic Vest, M"",3,7/31/2013"
"29709,875,""Racing Socks, L"",3,5/1/2014"
"29709,884,""Short-Sleeve Classic Jersey, XL"",3,5/1/2014"
"29709,707,""Sport-100 Helmet, Red"",4,7/31/2013"
29709,876,Hitch Rack - 4-Bike,4,5/1/2014
"29709,711,""Sport-100 Helmet, Blue"",4,7/31/2013"
"29709,864,""Classic Vest, S"",3,5/1/2014"
"29709,852,""Women's Tights, S"",3,4/30/2013"
"29709,715,""Long-Sleeve Logo Jersey, L"",3,5/1/2014"
"29712,854,""Women's Tights, L"",3,3/30/2013"
"29712,852,""Women's Tights, S"",3,3/30/2013"
"29712,850,""Men's Sports Shorts, L"",3,3/30/2013"
29712,870,Water Bottle - 30 oz.,4,3/31/2014
"29712,862,""Full-Finger Gloves, M"",3,3/30/2013"
"29712,857,""Men's Bib-Shorts, L"",3,3/30/2013"
29712,843,Cable Lock,4,3/30/2013
29712,880,Hydration Pack - 70 oz.,4,3/31/2014
"29712,715,""Long-Sleeve Logo Jersey, L"",3,3/31/2014"
"29712,881,""Short-Sleeve Classic Jersey, S"",3,3/31/2014"
"29712,864,""Classic Vest, S"",3,3/31/2014"
"29712,856,""Men's Bib-Shorts, M"",3,3/30/2013"
"29712,867,""Women's Mountain Shorts, S"",3,3/31/2014"
"29712,855,""Men's Bib-Shorts, S"",3,3/30/2013"
29712,712,AWC Logo Cap,3,3/31/2014
29712,876,Hitch Rack - 4-Bike,4,3/31/2014
"29712,707,""Sport-100 Helmet, Red"",4,3/31/2014"
"29712,708,""Sport-100 Helmet, Black"",4,3/31/2014"
"29712,869,""Women's Mountain Shorts, L"",3,3/31/2014"
"29712,859,""Half-Finger Gloves, M"",3,3/31/2014"
29712,877,Bike Wash - Dissolver,4,3/31/2014
"29712,841,""Men's Sports Shorts, S"",3,3/30/2013"
"29712,863,""Full-Finger Gloves, L"",3,3/30/2013"
"29712,711,""Sport-100 Helmet, Blue"",4,3/31/2014"
29712,873,Patch Kit/8 Patches,4,3/31/2014
"29712,849,""Men's Sports Shorts, M"",3,3/30/2013"
29712,844,Minipump,4,3/30/2013
"29712,865,""Classic Vest, M"",3,3/31/2014"
"29712,883,""Short-Sleeve Classic Jersey, L"",3,3/31/2014"
"29714,716,""Long-Sleeve Logo Jersey, XL"",3,7/31/2012"
"29714,707,""Sport-100 Helmet, Red"",4,4/30/2013"
"29714,715,""Long-Sleeve Logo Jersey, L"",3,4/30/2013"
"29714,854,""Women's Tights, L"",3,4/30/2013"
"29714,708,""Sport-100 Helmet, Black"",4,4/30/2013"
"29714,859,""Half-Finger Gloves, M"",3,7/31/2013"
"29714,711,""Sport-100 Helmet, Blue"",4,4/30/2013"
29714,712,AWC Logo Cap,3,4/30/2013
29714,844,Minipump,4,4/30/2013
"29714,855,""Men's Bib-Shorts, S"",3,7/31/2012"
"29714,874,""Racing Socks, M"",3,5/1/2014"
29714,843,Cable Lock,4,4/30/2013
29714,877,Bike Wash - Dissolver,4,1/29/2014
"29714,856,""Men's Bib-Shorts, M"",3,4/30/2013"
"29715,875,""Racing Socks, L"",3,5/1/2014"
"29715,716,""Long-Sleeve Logo Jersey, XL"",3,7/31/2012"
"29715,708,""Sport-100 Helmet, Black"",4,7/31/2013"
"29715,855,""Men's Bib-Shorts, S"",3,7/31/2012"
"29715,858,""Half-Finger Gloves, S"",3,10/30/2013"
"29715,852,""Women's Tights, S"",3,10/30/2012"
29715,880,Hydration Pack - 70 oz.,4,1/29/2014
29715,712,AWC Logo Cap,3,1/28/2013
"29715,883,""Short-Sleeve Classic Jersey, L"",3,10/30/2013"
"29715,874,""Racing Socks, M"",3,5/1/2014"
29715,873,Patch Kit/8 Patches,4,7/31/2013
29715,843,Cable Lock,4,4/30/2013
"29716,883,""Short-Sleeve Classic Jersey, L"",3,3/31/2014"
"29716,854,""Women's Tights, L"",3,3/30/2013"
"29716,708,""Sport-100 Helmet, Black"",4,3/31/2014"
"29716,707,""Sport-100 Helmet, Red"",4,3/31/2014"
"29716,874,""Racing Socks, M"",3,3/31/2014"
"29716,711,""Sport-100 Helmet, Blue"",4,3/31/2014"
29716,870,Water Bottle - 30 oz.,4,3/31/2014
"29716,859,""Half-Finger Gloves, M"",3,3/31/2014"
"29716,858,""Half-Finger Gloves, S"",3,6/30/2013"
"29716,881,""Short-Sleeve Classic Jersey, S"",3,3/31/2014"
"29716,865,""Classic Vest, M"",3,3/31/2014"
"29716,714,""Long-Sleeve Logo Jersey, M"",3,9/30/2013"
29716,876,Hitch Rack - 4-Bike,4,3/31/2014
29716,712,AWC Logo Cap,3,3/31/2014
"29716,716,""Long-Sleeve Logo Jersey, XL"",3,6/30/2013"
"29716,715,""Long-Sleeve Logo Jersey, L"",3,3/31/2014"
"29716,884,""Short-Sleeve Classic Jersey, XL"",3,3/31/2014"
29716,843,Cable Lock,4,6/30/2012
29716,844,Minipump,4,6/30/2012
"29716,852,""Women's Tights, S"",3,3/30/2013"
"29716,856,""Men's Bib-Shorts, M"",3,3/30/2013"
"29717,861,""Full-Finger Gloves, S"",3,3/30/2013"
"29717,855,""Men's Bib-Shorts, S"",3,3/30/2013"
"29717,709,""Mountain Bike Socks, M"",3,3/30/2012"
"29719,875,""Racing Socks, L"",3,12/31/2013"
29720,873,Patch Kit/8 Patches,4,10/30/2013
"29720,858,""Half-Finger Gloves, S"",3,5/1/2014"
"29720,860,""Half-Finger Gloves, L"",3,5/1/2014"
29720,870,Water Bottle - 30 oz.,4,10/30/2013
29721,873,Patch Kit/8 Patches,4,1/29/2014
"29721,874,""Racing Socks, M"",3,5/1/2014"
"29722,869,""Women's Mountain Shorts, L"",3,5/1/2014"
"29722,858,""Half-Finger Gloves, S"",3,5/1/2014"
"29722,707,""Sport-100 Helmet, Red"",4,5/1/2014"
"29722,849,""Men's Sports Shorts, M"",3,4/30/2013"
"29722,863,""Full-Finger Gloves, L"",3,4/30/2013"
29722,844,Minipump,4,1/28/2013
29722,873,Patch Kit/8 Patches,4,5/1/2014
"29722,868,""Women's Mountain Shorts, M"",3,5/1/2014"
"29722,852,""Women's Tights, S"",3,4/30/2013"
"29722,855,""Men's Bib-Shorts, S"",3,4/30/2013"
29722,870,Water Bottle - 30 oz.,4,5/1/2014
"29722,862,""Full-Finger Gloves, M"",3,4/30/2013"
"29722,856,""Men's Bib-Shorts, M"",3,4/30/2013"
"29722,714,""Long-Sleeve Logo Jersey, M"",3,5/1/2014"
"29722,865,""Classic Vest, M"",3,5/1/2014"
"29722,709,""Mountain Bike Socks, M"",3,4/30/2012"
"29722,853,""Women's Tights, M"",3,4/30/2013"
"29722,864,""Classic Vest, S"",3,5/1/2014"
"29722,841,""Men's Sports Shorts, S"",3,4/30/2013"
"29722,884,""Short-Sleeve Classic Jersey, XL"",3,5/1/2014"
29722,880,Hydration Pack - 70 oz.,4,5/1/2014
"29722,861,""Full-Finger Gloves, S"",3,7/31/2012"
29722,843,Cable Lock,4,4/30/2013
"29722,857,""Men's Bib-Shorts, L"",3,4/30/2013"
"29722,860,""Half-Finger Gloves, L"",3,10/30/2013"
"29722,883,""Short-Sleeve Classic Jersey, L"",3,5/1/2014"
29722,877,Bike Wash - Dissolver,4,5/1/2014
"29722,850,""Men's Sports Shorts, L"",3,4/30/2013"
"29722,716,""Long-Sleeve Logo Jersey, XL"",3,5/1/2014"
"29722,854,""Women's Tights, L"",3,4/30/2013"
"29724,875,""Racing Socks, L"",3,3/31/2014"
29724,712,AWC Logo Cap,3,7/1/2011
"29724,860,""Half-Finger Gloves, L"",3,9/30/2012"
"29725,858,""Half-Finger Gloves, S"",3,3/31/2014"
"29725,708,""Sport-100 Helmet, Black"",4,3/31/2014"
"29725,867,""Women's Mountain Shorts, S"",3,3/31/2014"
"29725,869,""Women's Mountain Shorts, L"",3,3/31/2014"
"29725,714,""Long-Sleeve Logo Jersey, M"",3,3/31/2014"
29725,870,Water Bottle - 30 oz.,4,3/31/2014
"29725,868,""Women's Mountain Shorts, M"",3,3/31/2014"
"29725,859,""Half-Finger Gloves, M"",3,3/31/2014"
29725,712,AWC Logo Cap,3,3/31/2014
"29725,865,""Classic Vest, M"",3,3/31/2014"
"29725,884,""Short-Sleeve Classic Jersey, XL"",3,3/31/2014"
"29725,860,""Half-Finger Gloves, L"",3,3/31/2014"
"29725,881,""Short-Sleeve Classic Jersey, S"",3,3/31/2014"
29725,873,Patch Kit/8 Patches,4,3/31/2014
"29725,711,""Sport-100 Helmet, Blue"",4,3/31/2014"
"29725,707,""Sport-100 Helmet, Red"",4,3/31/2014"
"29725,716,""Long-Sleeve Logo Jersey, XL"",3,3/31/2014"
"29725,715,""Long-Sleeve Logo Jersey, L"",3,3/31/2014"
"29731,857,""Men's Bib-Shorts, L"",3,12/31/2012"
"29731,874,""Racing Socks, M"",3,6/30/2013"
"29731,711,""Sport-100 Helmet, Blue"",4,3/30/2012"
"29732,862,""Full-Finger Gloves, M"",3,3/30/2013"
"29732,858,""Half-Finger Gloves, S"",3,12/31/2012"
"29732,868,""Women's Mountain Shorts, M"",3,3/31/2014"
"29732,867,""Women's Mountain Shorts, S"",3,3/31/2014"
"29732,869,""Women's Mountain Shorts, L"",3,3/31/2014"
"29732,857,""Men's Bib-Shorts, L"",3,12/31/2012"
"29734,715,""Long-Sleeve Logo Jersey, L"",3,2/28/2013"
"29734,707,""Sport-100 Helmet, Red"",4,2/28/2013"
"29734,859,""Half-Finger Gloves, M"",3,2/28/2013"
"29734,857,""Men's Bib-Shorts, L"",3,2/28/2013"
"29734,853,""Women's Tights, M"",3,2/28/2013"
29734,712,AWC Logo Cap,3,2/28/2013
"29734,855,""Men's Bib-Shorts, S"",3,2/28/2013"
"29734,869,""Women's Mountain Shorts, L"",3,3/1/2014"
"29734,867,""Women's Mountain Shorts, S"",3,3/1/2014"
"29734,852,""Women's Tights, S"",3,2/28/2013"
"29734,868,""Women's Mountain Shorts, M"",3,3/1/2014"
"29734,841,""Men's Sports Shorts, S"",3,2/28/2013"
"29734,716,""Long-Sleeve Logo Jersey, XL"",3,2/28/2013"
"29734,863,""Full-Finger Gloves, L"",3,2/28/2013"
"29734,714,""Long-Sleeve Logo Jersey, M"",3,2/28/2013"
"29734,711,""Sport-100 Helmet, Blue"",4,2/28/2013"
"29734,850,""Men's Sports Shorts, L"",3,2/28/2013"
"29734,860,""Half-Finger Gloves, L"",3,2/28/2013"
"29734,858,""Half-Finger Gloves, S"",3,2/28/2013"
"29734,862,""Full-Finger Gloves, M"",3,2/28/2013"
"29734,861,""Full-Finger Gloves, S"",3,5/30/2012"
"29734,708,""Sport-100 Helmet, Black"",4,2/28/2013"
"29736,707,""Sport-100 Helmet, Red"",4,5/1/2014"
29736,880,Hydration Pack - 70 oz.,4,5/1/2014
29736,873,Patch Kit/8 Patches,4,5/1/2014
"29736,865,""Classic Vest, M"",3,5/1/2014"
"29736,714,""Long-Sleeve Logo Jersey, M"",3,5/1/2014"
"29736,884,""Short-Sleeve Classic Jersey, XL"",3,5/1/2014"
29736,876,Hitch Rack - 4-Bike,4,5/1/2014
"29736,883,""Short-Sleeve Classic Jersey, L"",3,5/1/2014"
"29736,864,""Classic Vest, S"",3,5/1/2014"
"29736,858,""Half-Finger Gloves, S"",3,5/1/2014"
"29736,860,""Half-Finger Gloves, L"",3,10/30/2013"
"29736,716,""Long-Sleeve Logo Jersey, XL"",3,5/1/2014"
"29736,711,""Sport-100 Helmet, Blue"",4,5/1/2014"
"29736,881,""Short-Sleeve Classic Jersey, S"",3,5/1/2014"
29736,712,AWC Logo Cap,3,5/1/2014
"29736,708,""Sport-100 Helmet, Black"",4,5/1/2014"
"29739,862,""Full-Finger Gloves, M"",3,4/30/2013"
"29739,857,""Men's Bib-Shorts, L"",3,7/31/2012"
"29739,856,""Men's Bib-Shorts, M"",3,4/30/2013"
"29739,861,""Full-Finger Gloves, S"",3,7/31/2012"
"29740,875,""Racing Socks, L"",3,5/1/2014"
"29740,714,""Long-Sleeve Logo Jersey, M"",3,4/30/2012"
29740,712,AWC Logo Cap,3,4/30/2012
29740,873,Patch Kit/8 Patches,4,7/31/2013
"29740,874,""Racing Socks, M"",3,10/30/2013"
"29740,708,""Sport-100 Helmet, Black"",4,4/30/2012"
"29740,715,""Long-Sleeve Logo Jersey, L"",3,4/30/2012"
"29740,716,""Long-Sleeve Logo Jersey, XL"",3,4/30/2012"
29742,712,AWC Logo Cap,3,3/30/2012
"29742,714,""Long-Sleeve Logo Jersey, M"",3,3/30/2012"
"29742,709,""Mountain Bike Socks, M"",3,3/30/2012"
"29742,708,""Sport-100 Helmet, Black"",4,1/1/2012"
"29742,716,""Long-Sleeve Logo Jersey, XL"",3,3/30/2012"
"29742,715,""Long-Sleeve Logo Jersey, L"",3,1/1/2012"
29744,712,AWC Logo Cap,3,3/1/2014
29744,880,Hydration Pack - 70 oz.,4,3/1/2014
"29744,869,""Women's Mountain Shorts, L"",3,3/1/2014"
"29744,708,""Sport-100 Helmet, Black"",4,3/1/2014"
29744,844,Minipump,4,2/28/2013
"29744,867,""Women's Mountain Shorts, S"",3,11/30/2013"
"29744,849,""Men's Sports Shorts, M"",3,2/28/2013"
"29744,852,""Women's Tights, S"",3,2/28/2013"
"29744,714,""Long-Sleeve Logo Jersey, M"",3,3/1/2014"
"29744,864,""Classic Vest, S"",3,3/1/2014"
"29744,857,""Men's Bib-Shorts, L"",3,2/28/2013"
"29744,859,""Half-Finger Gloves, M"",3,3/1/2014"
"29744,863,""Full-Finger Gloves, L"",3,2/28/2013"
"29744,861,""Full-Finger Gloves, S"",3,5/30/2012"
"29744,865,""Classic Vest, M"",3,3/1/2014"
"29744,711,""Sport-100 Helmet, Blue"",4,3/1/2014"
"29744,854,""Women's Tights, L"",3,2/28/2013"
"29744,855,""Men's Bib-Shorts, S"",3,2/28/2013"
"29744,856,""Men's Bib-Shorts, M"",3,2/28/2013"
"29744,860,""Half-Finger Gloves, L"",3,3/1/2014"
29744,877,Bike Wash - Dissolver,4,3/1/2014
"29744,862,""Full-Finger Gloves, M"",3,8/30/2012"
29744,843,Cable Lock,4,2/28/2013
29744,870,Water Bottle - 30 oz.,4,3/1/2014
"29744,850,""Men's Sports Shorts, L"",3,2/28/2013"
"29744,881,""Short-Sleeve Classic Jersey, S"",3,3/1/2014"
"29744,715,""Long-Sleeve Logo Jersey, L"",3,3/1/2014"
29744,876,Hitch Rack - 4-Bike,4,3/1/2014
"29744,707,""Sport-100 Helmet, Red"",4,3/1/2014"
"29745,714,""Long-Sleeve Logo Jersey, M"",3,8/30/2013"
"29745,860,""Half-Finger Gloves, L"",3,8/30/2013"
"29745,855,""Men's Bib-Shorts, S"",3,5/30/2013"
29746,712,AWC Logo Cap,3,8/1/2011
"29749,714,""Long-Sleeve Logo Jersey, M"",3,3/30/2012"
29749,712,AWC Logo Cap,3,3/30/2012
"29749,716,""Long-Sleeve Logo Jersey, XL"",3,3/30/2012"
"29749,715,""Long-Sleeve Logo Jersey, L"",3,3/30/2012"
"29749,708,""Sport-100 Helmet, Black"",4,3/30/2012"
"29753,861,""Full-Finger Gloves, S"",3,6/30/2012"
"29755,709,""Mountain Bike Socks, M"",3,1/29/2012"
29757,712,AWC Logo Cap,3,6/30/2013
"29757,884,""Short-Sleeve Classic Jersey, XL"",3,9/30/2013"
29757,876,Hitch Rack - 4-Bike,4,6/30/2013
"29757,869,""Women's Mountain Shorts, L"",3,3/31/2014"
"29757,715,""Long-Sleeve Logo Jersey, L"",3,6/30/2013"
"29757,710,""Mountain Bike Socks, L"",3,7/1/2011"
"29757,854,""Women's Tights, L"",3,6/30/2012"
"29757,708,""Sport-100 Helmet, Black"",4,6/30/2013"
"29757,711,""Sport-100 Helmet, Blue"",4,6/30/2013"
"29757,867,""Women's Mountain Shorts, S"",3,3/31/2014"
"29757,862,""Full-Finger Gloves, M"",3,12/31/2012"
"29757,883,""Short-Sleeve Classic Jersey, L"",3,6/30/2013"
29757,870,Water Bottle - 30 oz.,4,6/30/2013
"29757,868,""Women's Mountain Shorts, M"",3,9/30/2013"
"29757,864,""Classic Vest, S"",3,3/31/2014"
"29757,709,""Mountain Bike Socks, M"",3,3/30/2012"
29757,880,Hydration Pack - 70 oz.,4,6/30/2013
29759,712,AWC Logo Cap,3,2/29/2012
29761,876,Hitch Rack - 4-Bike,4,3/1/2014
"29761,859,""Half-Finger Gloves, M"",3,5/30/2013"
"29761,714,""Long-Sleeve Logo Jersey, M"",3,5/30/2013"
29761,880,Hydration Pack - 70 oz.,4,5/30/2013
"29761,865,""Classic Vest, M"",3,5/30/2013"
"29761,884,""Short-Sleeve Classic Jersey, XL"",3,3/1/2014"
"29761,711,""Sport-100 Helmet, Blue"",4,5/30/2013"
"29761,883,""Short-Sleeve Classic Jersey, L"",3,3/1/2014"
"29761,881,""Short-Sleeve Classic Jersey, S"",3,5/30/2013"
"29761,852,""Women's Tights, S"",3,2/28/2013"
"29761,864,""Classic Vest, S"",3,3/1/2014"
"29761,854,""Women's Tights, L"",3,2/28/2013"
"29761,875,""Racing Socks, L"",3,3/1/2014"
"29761,856,""Men's Bib-Shorts, M"",3,5/30/2012"
"29761,707,""Sport-100 Helmet, Red"",4,5/30/2013"
"29761,708,""Sport-100 Helmet, Black"",4,5/30/2013"
29762,877,Bike Wash - Dissolver,4,5/1/2014
"29765,884,""Short-Sleeve Classic Jersey, XL"",3,12/31/2013"
"29765,716,""Long-Sleeve Logo Jersey, XL"",3,6/30/2012"
"29769,710,""Mountain Bike Socks, L"",3,10/31/2011"
"29769,715,""Long-Sleeve Logo Jersey, L"",3,4/30/2012"
29769,712,AWC Logo Cap,3,4/30/2012
"29770,884,""Short-Sleeve Classic Jersey, XL"",3,5/1/2014"
"29770,881,""Short-Sleeve Classic Jersey, S"",3,7/31/2013"
"29770,865,""Classic Vest, M"",3,10/30/2013"
29770,880,Hydration Pack - 70 oz.,4,5/1/2014
"29770,714,""Long-Sleeve Logo Jersey, M"",3,7/31/2013"
"29770,711,""Sport-100 Helmet, Blue"",4,5/1/2014"
"29770,864,""Classic Vest, S"",3,5/1/2014"
29770,877,Bike Wash - Dissolver,4,5/1/2014
29770,876,Hitch Rack - 4-Bike,4,5/1/2014
"29770,861,""Full-Finger Gloves, S"",3,4/30/2013"
"29770,883,""Short-Sleeve Classic Jersey, L"",3,5/1/2014"
"29770,716,""Long-Sleeve Logo Jersey, XL"",3,7/31/2013"
"29770,707,""Sport-100 Helmet, Red"",4,5/1/2014"
"29770,849,""Men's Sports Shorts, M"",3,7/31/2012"
"29770,858,""Half-Finger Gloves, S"",3,7/31/2013"
"29770,868,""Women's Mountain Shorts, M"",3,5/1/2014"
"29770,863,""Full-Finger Gloves, L"",3,1/28/2013"
"29770,867,""Women's Mountain Shorts, S"",3,5/1/2014"
29770,712,AWC Logo Cap,3,5/1/2014
"29770,715,""Long-Sleeve Logo Jersey, L"",3,5/1/2014"
"29771,711,""Sport-100 Helmet, Blue"",4,11/30/2012"
"29771,859,""Half-Finger Gloves, M"",3,8/30/2012"
"29771,855,""Men's Bib-Shorts, S"",3,2/28/2013"
"29771,856,""Men's Bib-Shorts, M"",3,11/30/2012"
"29772,875,""Racing Socks, L"",3,3/1/2014"
29772,876,Hitch Rack - 4-Bike,4,5/30/2013
"29772,874,""Racing Socks, M"",3,3/1/2014"
"29773,711,""Sport-100 Helmet, Blue"",4,1/1/2012"
"29773,708,""Sport-100 Helmet, Black"",4,1/1/2012"
"29774,714,""Long-Sleeve Logo Jersey, M"",3,3/30/2012"
"29774,716,""Long-Sleeve Logo Jersey, XL"",3,3/30/2012"
"29774,709,""Mountain Bike Socks, M"",3,3/30/2012"
"29774,708,""Sport-100 Helmet, Black"",4,10/1/2011"
29774,712,AWC Logo Cap,3,3/30/2012
"29774,715,""Long-Sleeve Logo Jersey, L"",3,3/30/2012"
"29776,881,""Short-Sleeve Classic Jersey, S"",3,3/1/2014"
"29776,714,""Long-Sleeve Logo Jersey, M"",3,3/1/2014"
"29776,859,""Half-Finger Gloves, M"",3,3/1/2014"
29776,877,Bike Wash - Dissolver,4,11/30/2013
"29776,883,""Short-Sleeve Classic Jersey, L"",3,11/30/2013"
29776,876,Hitch Rack - 4-Bike,4,11/30/2013
29776,870,Water Bottle - 30 oz.,4,11/30/2013
29776,712,AWC Logo Cap,3,11/30/2013
"29778,881,""Short-Sleeve Classic Jersey, S"",3,5/30/2013"
"29778,711,""Sport-100 Helmet, Blue"",4,8/30/2012"
29778,877,Bike Wash - Dissolver,4,3/1/2014
"29778,715,""Long-Sleeve Logo Jersey, L"",3,3/1/2014"
"29778,856,""Men's Bib-Shorts, M"",3,2/28/2013"
"29779,864,""Classic Vest, S"",3,12/31/2013"
"29779,883,""Short-Sleeve Classic Jersey, L"",3,3/31/2014"
"29779,881,""Short-Sleeve Classic Jersey, S"",3,6/30/2013"
"29779,714,""Long-Sleeve Logo Jersey, M"",3,6/30/2013"
29779,712,AWC Logo Cap,3,3/31/2014
29780,876,Hitch Rack - 4-Bike,4,3/31/2014
"29780,711,""Sport-100 Helmet, Blue"",4,6/30/2012"
"29780,707,""Sport-100 Helmet, Red"",4,6/30/2013"
"29780,715,""Long-Sleeve Logo Jersey, L"",3,3/30/2013"
"29780,869,""Women's Mountain Shorts, L"",3,9/30/2013"
"29780,867,""Women's Mountain Shorts, S"",3,3/31/2014"
"29780,854,""Women's Tights, L"",3,3/30/2013"
29780,870,Water Bottle - 30 oz.,4,6/30/2013
"29780,862,""Full-Finger Gloves, M"",3,3/30/2013"
"29780,708,""Sport-100 Helmet, Black"",4,6/30/2012"
"29780,859,""Half-Finger Gloves, M"",3,6/30/2013"
29780,712,AWC Logo Cap,3,9/30/2013
"29780,856,""Men's Bib-Shorts, M"",3,6/30/2012"
"29780,865,""Classic Vest, M"",3,6/30/2013"
"29780,852,""Women's Tights, S"",3,9/30/2012"
"29781,874,""Racing Socks, M"",3,5/1/2014"
29781,870,Water Bottle - 30 oz.,4,5/1/2014
"29782,854,""Women's Tights, L"",3,2/28/2013"
"29782,715,""Long-Sleeve Logo Jersey, L"",3,2/28/2013"
"29782,707,""Sport-100 Helmet, Red"",4,5/30/2012"
29782,712,AWC Logo Cap,3,2/28/2013
"29783,714,""Long-Sleeve Logo Jersey, M"",3,3/1/2014"
"29783,884,""Short-Sleeve Classic Jersey, XL"",3,3/1/2014"
"29783,856,""Men's Bib-Shorts, M"",3,2/28/2013"
"29783,864,""Classic Vest, S"",3,3/1/2014"
29783,844,Minipump,4,2/28/2013
"29783,874,""Racing Socks, M"",3,8/30/2013"
29783,876,Hitch Rack - 4-Bike,4,3/1/2014
"29783,883,""Short-Sleeve Classic Jersey, L"",3,3/1/2014"
"29783,854,""Women's Tights, L"",3,2/28/2013"
29783,870,Water Bottle - 30 oz.,4,3/1/2014
"29783,716,""Long-Sleeve Logo Jersey, XL"",3,3/1/2014"
"29783,853,""Women's Tights, M"",3,8/30/2012"
"29783,857,""Men's Bib-Shorts, L"",3,2/28/2013"
"29783,715,""Long-Sleeve Logo Jersey, L"",3,3/1/2014"
"29783,875,""Racing Socks, L"",3,8/30/2013"
"29783,860,""Half-Finger Gloves, L"",3,8/30/2013"
29783,843,Cable Lock,4,2/28/2013
"29783,858,""Half-Finger Gloves, S"",3,3/1/2014"
"29783,852,""Women's Tights, S"",3,2/28/2013"
29783,877,Bike Wash - Dissolver,4,3/1/2014
"29783,859,""Half-Finger Gloves, M"",3,3/1/2014"
"29783,849,""Men's Sports Shorts, M"",3,2/28/2013"
"29783,855,""Men's Bib-Shorts, S"",3,2/28/2013"
29783,712,AWC Logo Cap,3,3/1/2014
29783,880,Hydration Pack - 70 oz.,4,3/1/2014
"29783,708,""Sport-100 Helmet, Black"",4,3/1/2014"
"29784,875,""Racing Socks, L"",3,12/31/2013"
29786,873,Patch Kit/8 Patches,4,3/31/2014
"29786,852,""Women's Tights, S"",3,12/31/2012"
"29786,883,""Short-Sleeve Classic Jersey, L"",3,3/31/2014"
"29786,707,""Sport-100 Helmet, Red"",4,3/31/2014"
"29786,860,""Half-Finger Gloves, L"",3,9/30/2013"
29786,880,Hydration Pack - 70 oz.,4,3/31/2014
"29786,841,""Men's Sports Shorts, S"",3,3/30/2013"
"29786,716,""Long-Sleeve Logo Jersey, XL"",3,3/31/2014"
"29786,881,""Short-Sleeve Classic Jersey, S"",3,3/31/2014"
29786,876,Hitch Rack - 4-Bike,4,3/31/2014
"29786,864,""Classic Vest, S"",3,3/31/2014"
"29786,857,""Men's Bib-Shorts, L"",3,3/30/2013"
"29786,858,""Half-Finger Gloves, S"",3,3/31/2014"
"29786,714,""Long-Sleeve Logo Jersey, M"",3,3/31/2014"
"29786,884,""Short-Sleeve Classic Jersey, XL"",3,3/31/2014"
"29786,854,""Women's Tights, L"",3,3/30/2013"
"29786,853,""Women's Tights, M"",3,3/30/2013"
"29786,859,""Half-Finger Gloves, M"",3,3/31/2014"
"29786,850,""Men's Sports Shorts, L"",3,3/30/2013"
"29786,868,""Women's Mountain Shorts, M"",3,3/31/2014"
"29786,867,""Women's Mountain Shorts, S"",3,3/31/2014"
"29786,865,""Classic Vest, M"",3,3/31/2014"
"29786,711,""Sport-100 Helmet, Blue"",4,3/31/2014"
"29786,715,""Long-Sleeve Logo Jersey, L"",3,3/31/2014"
"29789,707,""Sport-100 Helmet, Red"",4,3/30/2013"
"29789,841,""Men's Sports Shorts, S"",3,12/31/2012"
"29789,850,""Men's Sports Shorts, L"",3,3/30/2013"
"29789,874,""Racing Socks, M"",3,6/30/2013"
"29789,858,""Half-Finger Gloves, S"",3,12/31/2012"
"29789,865,""Classic Vest, M"",3,3/31/2014"
"29789,853,""Women's Tights, M"",3,3/30/2013"
"29791,716,""Long-Sleeve Logo Jersey, XL"",3,3/30/2012"
"29791,715,""Long-Sleeve Logo Jersey, L"",3,3/30/2012"
29791,712,AWC Logo Cap,3,3/30/2012
"29791,707,""Sport-100 Helmet, Red"",4,3/30/2012"
"29791,708,""Sport-100 Helmet, Black"",4,3/30/2012"
"29792,863,""Full-Finger Gloves, L"",3,12/31/2012"
"29792,881,""Short-Sleeve Classic Jersey, S"",3,6/30/2013"
"29792,861,""Full-Finger Gloves, S"",3,6/30/2012"
29792,844,Minipump,4,3/30/2013
"29792,869,""Women's Mountain Shorts, L"",3,3/31/2014"
"29792,862,""Full-Finger Gloves, M"",3,3/30/2013"
"29792,868,""Women's Mountain Shorts, M"",3,3/31/2014"
"29792,711,""Sport-100 Helmet, Blue"",4,6/30/2013"
"29793,711,""Sport-100 Helmet, Blue"",4,4/30/2013"
"29793,861,""Full-Finger Gloves, S"",3,7/31/2012"
"29793,860,""Half-Finger Gloves, L"",3,7/31/2012"
"29793,850,""Men's Sports Shorts, L"",3,10/30/2012"
"29793,715,""Long-Sleeve Logo Jersey, L"",3,4/30/2013"
"29793,716,""Long-Sleeve Logo Jersey, XL"",3,4/30/2013"
29793,712,AWC Logo Cap,3,4/30/2013
"29793,854,""Women's Tights, L"",3,4/30/2013"
"29793,708,""Sport-100 Helmet, Black"",4,4/30/2013"
"29793,863,""Full-Finger Gloves, L"",3,4/30/2013"
"29793,707,""Sport-100 Helmet, Red"",4,4/30/2013"
"29793,858,""Half-Finger Gloves, S"",3,4/30/2013"
"29793,714,""Long-Sleeve Logo Jersey, M"",3,4/30/2013"
"29793,853,""Women's Tights, M"",3,10/30/2012"
"29793,841,""Men's Sports Shorts, S"",3,4/30/2013"
"29793,852,""Women's Tights, S"",3,4/30/2013"
"29793,857,""Men's Bib-Shorts, L"",3,4/30/2013"
"29793,859,""Half-Finger Gloves, M"",3,4/30/2013"
"29793,855,""Men's Bib-Shorts, S"",3,4/30/2013"
"29795,849,""Men's Sports Shorts, M"",3,2/28/2013"
29795,873,Patch Kit/8 Patches,4,3/1/2014
"29795,881,""Short-Sleeve Classic Jersey, S"",3,3/1/2014"
29795,876,Hitch Rack - 4-Bike,4,3/1/2014
"29795,841,""Men's Sports Shorts, S"",3,2/28/2013"
"29795,860,""Half-Finger Gloves, L"",3,3/1/2014"
"29795,852,""Women's Tights, S"",3,2/28/2013"
"29795,716,""Long-Sleeve Logo Jersey, XL"",3,3/1/2014"
"29795,711,""Sport-100 Helmet, Blue"",4,3/1/2014"
"29795,864,""Classic Vest, S"",3,3/1/2014"
"29795,854,""Women's Tights, L"",3,2/28/2013"
"29795,883,""Short-Sleeve Classic Jersey, L"",3,3/1/2014"
"29795,707,""Sport-100 Helmet, Red"",4,3/1/2014"
"29795,858,""Half-Finger Gloves, S"",3,3/1/2014"
"29795,850,""Men's Sports Shorts, L"",3,2/28/2013"
"29795,853,""Women's Tights, M"",3,2/28/2013"
29795,880,Hydration Pack - 70 oz.,4,3/1/2014
"29795,884,""Short-Sleeve Classic Jersey, XL"",3,3/1/2014"
29795,877,Bike Wash - Dissolver,4,3/1/2014
"29795,714,""Long-Sleeve Logo Jersey, M"",3,3/1/2014"
29795,844,Minipump,4,2/28/2013
"29795,875,""Racing Socks, L"",3,8/30/2013"
"29795,857,""Men's Bib-Shorts, L"",3,2/28/2013"
"29795,856,""Men's Bib-Shorts, M"",3,2/28/2013"
"29795,865,""Classic Vest, M"",3,3/1/2014"
29795,843,Cable Lock,4,2/28/2013
"29796,881,""Short-Sleeve Classic Jersey, S"",3,5/1/2014"
"29796,864,""Classic Vest, S"",3,5/1/2014"
29796,873,Patch Kit/8 Patches,4,5/1/2014
"29796,715,""Long-Sleeve Logo Jersey, L"",3,5/1/2014"
"29796,711,""Sport-100 Helmet, Blue"",4,5/1/2014"
29796,876,Hitch Rack - 4-Bike,4,5/1/2014
"29796,708,""Sport-100 Helmet, Black"",4,5/1/2014"
"29796,874,""Racing Socks, M"",3,10/30/2013"
"29796,707,""Sport-100 Helmet, Red"",4,5/1/2014"
29796,870,Water Bottle - 30 oz.,4,5/1/2014
"29796,859,""Half-Finger Gloves, M"",3,5/1/2014"
29796,877,Bike Wash - Dissolver,4,5/1/2014
"29796,858,""Half-Finger Gloves, S"",3,5/1/2014"
29796,712,AWC Logo Cap,3,5/1/2014
29796,880,Hydration Pack - 70 oz.,4,5/1/2014
"29796,865,""Classic Vest, M"",3,5/1/2014"
"29796,860,""Half-Finger Gloves, L"",3,5/1/2014"
"29797,707,""Sport-100 Helmet, Red"",4,6/30/2013"
"29797,884,""Short-Sleeve Classic Jersey, XL"",3,3/31/2014"
"29797,863,""Full-Finger Gloves, L"",3,3/30/2013"
"29797,856,""Men's Bib-Shorts, M"",3,6/30/2012"
"29797,861,""Full-Finger Gloves, S"",3,3/30/2013"
29797,870,Water Bottle - 30 oz.,4,6/30/2013
"29797,852,""Women's Tights, S"",3,6/30/2012"
"29797,883,""Short-Sleeve Classic Jersey, L"",3,6/30/2013"
"29797,864,""Classic Vest, S"",3,3/31/2014"
"29797,867,""Women's Mountain Shorts, S"",3,3/31/2014"
"29797,868,""Women's Mountain Shorts, M"",3,3/31/2014"
29797,880,Hydration Pack - 70 oz.,4,6/30/2013
"29797,865,""Classic Vest, M"",3,6/30/2013"
29797,877,Bike Wash - Dissolver,4,6/30/2013
"29797,711,""Sport-100 Helmet, Blue"",4,6/30/2013"
"29797,715,""Long-Sleeve Logo Jersey, L"",3,9/30/2013"
"29797,854,""Women's Tights, L"",3,9/30/2012"
"29797,862,""Full-Finger Gloves, M"",3,3/30/2013"
"29798,711,""Sport-100 Helmet, Blue"",4,3/30/2013"
"29798,874,""Racing Socks, M"",3,3/31/2014"
29798,870,Water Bottle - 30 oz.,4,3/31/2014
29798,877,Bike Wash - Dissolver,4,3/31/2014
"29798,856,""Men's Bib-Shorts, M"",3,3/30/2013"
"29798,852,""Women's Tights, S"",3,3/30/2013"
29799,877,Bike Wash - Dissolver,4,5/1/2014
"29803,710,""Mountain Bike Socks, L"",3,4/30/2012"
"29803,863,""Full-Finger Gloves, L"",3,4/30/2013"
"29803,715,""Long-Sleeve Logo Jersey, L"",3,4/30/2012"
"29803,869,""Women's Mountain Shorts, L"",3,5/1/2014"
"29803,861,""Full-Finger Gloves, S"",3,4/30/2013"
"29803,862,""Full-Finger Gloves, M"",3,4/30/2013"
"29803,867,""Women's Mountain Shorts, S"",3,5/1/2014"
"29803,709,""Mountain Bike Socks, M"",3,4/30/2012"
"29805,715,""Long-Sleeve Logo Jersey, L"",3,3/1/2014"
"29805,707,""Sport-100 Helmet, Red"",4,5/30/2013"
"29805,711,""Sport-100 Helmet, Blue"",4,5/30/2013"
"29805,854,""Women's Tights, L"",3,2/28/2013"
"29805,874,""Racing Socks, M"",3,3/1/2014"
"29805,708,""Sport-100 Helmet, Black"",4,5/30/2013"
"29805,856,""Men's Bib-Shorts, M"",3,5/30/2012"
"29805,881,""Short-Sleeve Classic Jersey, S"",3,5/30/2013"
29805,870,Water Bottle - 30 oz.,4,3/1/2014
"29805,859,""Half-Finger Gloves, M"",3,5/30/2013"
"29805,865,""Classic Vest, M"",3,5/30/2013"
29805,712,AWC Logo Cap,3,3/1/2014
29805,880,Hydration Pack - 70 oz.,4,5/30/2013
29805,876,Hitch Rack - 4-Bike,4,3/1/2014
29805,877,Bike Wash - Dissolver,4,5/30/2013
"29805,884,""Short-Sleeve Classic Jersey, XL"",3,3/1/2014"
"29807,710,""Mountain Bike Socks, L"",3,3/30/2012"
29807,712,AWC Logo Cap,3,10/1/2011
"29807,715,""Long-Sleeve Logo Jersey, L"",3,10/1/2011"
29808,712,AWC Logo Cap,3,4/30/2012
"29809,861,""Full-Finger Gloves, S"",3,4/30/2013"
"29809,883,""Short-Sleeve Classic Jersey, L"",3,7/31/2013"
"29809,715,""Long-Sleeve Logo Jersey, L"",3,10/30/2013"
"29809,864,""Classic Vest, S"",3,5/1/2014"
"29809,708,""Sport-100 Helmet, Black"",4,7/31/2013"
"29809,707,""Sport-100 Helmet, Red"",4,7/31/2013"
"29809,854,""Women's Tights, L"",3,4/30/2013"
"29809,869,""Women's Mountain Shorts, L"",3,5/1/2014"
"29809,862,""Full-Finger Gloves, M"",3,4/30/2013"
"29809,867,""Women's Mountain Shorts, S"",3,5/1/2014"
29809,712,AWC Logo Cap,3,10/30/2013
"29809,711,""Sport-100 Helmet, Blue"",4,7/31/2013"
"29809,884,""Short-Sleeve Classic Jersey, XL"",3,5/1/2014"
29809,876,Hitch Rack - 4-Bike,4,5/1/2014
"29809,859,""Half-Finger Gloves, M"",3,7/31/2013"
"29809,868,""Women's Mountain Shorts, M"",3,5/1/2014"
29809,870,Water Bottle - 30 oz.,4,5/1/2014
"29810,710,""Mountain Bike Socks, L"",3,10/31/2011"
"29810,852,""Women's Tights, S"",3,10/30/2012"
"29810,856,""Men's Bib-Shorts, M"",3,7/31/2012"
"29810,715,""Long-Sleeve Logo Jersey, L"",3,10/30/2013"
"29810,854,""Women's Tights, L"",3,4/30/2013"
"29810,861,""Full-Finger Gloves, S"",3,1/28/2013"
"29810,863,""Full-Finger Gloves, L"",3,4/30/2013"
"29810,708,""Sport-100 Helmet, Black"",4,7/31/2013"
"29810,867,""Women's Mountain Shorts, S"",3,5/1/2014"
"29810,862,""Full-Finger Gloves, M"",3,4/30/2013"
29810,870,Water Bottle - 30 oz.,4,5/1/2014
"29810,869,""Women's Mountain Shorts, L"",3,1/29/2014"
29810,712,AWC Logo Cap,3,10/30/2013
29810,876,Hitch Rack - 4-Bike,4,5/1/2014
29810,880,Hydration Pack - 70 oz.,4,7/31/2013
"29810,711,""Sport-100 Helmet, Blue"",4,7/31/2013"
"29810,709,""Mountain Bike Socks, M"",3,4/30/2012"
"29811,711,""Sport-100 Helmet, Blue"",4,5/30/2013"
"29811,863,""Full-Finger Gloves, L"",3,2/28/2013"
"29811,707,""Sport-100 Helmet, Red"",4,5/30/2013"
"29811,856,""Men's Bib-Shorts, M"",3,5/30/2012"
"29811,854,""Women's Tights, L"",3,2/28/2013"
"29811,861,""Full-Finger Gloves, S"",3,2/28/2013"
"29811,883,""Short-Sleeve Classic Jersey, L"",3,5/30/2013"
"29811,867,""Women's Mountain Shorts, S"",3,3/1/2014"
"29811,852,""Women's Tights, S"",3,8/30/2012"
"29811,868,""Women's Mountain Shorts, M"",3,11/30/2013"
29811,876,Hitch Rack - 4-Bike,4,3/1/2014
"29811,864,""Classic Vest, S"",3,3/1/2014"
"29811,859,""Half-Finger Gloves, M"",3,5/30/2013"
"29811,884,""Short-Sleeve Classic Jersey, XL"",3,3/1/2014"
29811,880,Hydration Pack - 70 oz.,4,5/30/2013
"29811,865,""Classic Vest, M"",3,5/30/2013"
"29811,709,""Mountain Bike Socks, M"",3,2/29/2012"
"29811,710,""Mountain Bike Socks, L"",3,2/29/2012"
"29811,715,""Long-Sleeve Logo Jersey, L"",3,8/30/2013"
"29811,869,""Women's Mountain Shorts, L"",3,3/1/2014"
"29812,863,""Full-Finger Gloves, L"",3,4/30/2014"
"29812,715,""Long-Sleeve Logo Jersey, L"",3,10/30/2013"
"29812,711,""Sport-100 Helmet, Blue"",4,7/31/2013"
"29812,856,""Men's Bib-Shorts, M"",3,7/31/2013"
"29812,707,""Sport-100 Helmet, Red"",4,7/31/2013"
"29812,854,""Women's Tights, L"",3,7/31/2013"
"29812,708,""Sport-100 Helmet, Black"",4,7/31/2013"
"29812,862,""Full-Finger Gloves, M"",3,4/30/2014"
"29812,867,""Women's Mountain Shorts, S"",3,5/1/2014"
"29812,869,""Women's Mountain Shorts, L"",3,5/1/2014"
29812,876,Hitch Rack - 4-Bike,4,10/30/2013
29812,870,Water Bottle - 30 oz.,4,7/31/2013
29812,880,Hydration Pack - 70 oz.,4,7/31/2013
"29812,852,""Women's Tights, S"",3,7/31/2013"
"29812,864,""Classic Vest, S"",3,5/1/2014"
29812,712,AWC Logo Cap,3,10/30/2013
"29812,865,""Classic Vest, M"",3,7/31/2013"
"29813,710,""Mountain Bike Socks, L"",3,3/30/2012"
29814,877,Bike Wash - Dissolver,4,3/31/2014
"29815,854,""Women's Tights, L"",3,4/30/2013"
"29815,852,""Women's Tights, S"",3,4/30/2013"
"29815,883,""Short-Sleeve Classic Jersey, L"",3,5/1/2014"
"29815,874,""Racing Socks, M"",3,5/1/2014"
29815,870,Water Bottle - 30 oz.,4,5/1/2014
"29815,715,""Long-Sleeve Logo Jersey, L"",3,5/1/2014"
"29815,875,""Racing Socks, L"",3,5/1/2014"
"29815,864,""Classic Vest, S"",3,1/29/2014"
"29815,707,""Sport-100 Helmet, Red"",4,7/31/2012"
29815,712,AWC Logo Cap,3,5/1/2014
29815,877,Bike Wash - Dissolver,4,5/1/2014
"29815,714,""Long-Sleeve Logo Jersey, M"",3,7/31/2013"
"29816,883,""Short-Sleeve Classic Jersey, L"",3,6/30/2013"
"29816,854,""Women's Tights, L"",3,3/30/2013"
29816,870,Water Bottle - 30 oz.,4,6/30/2013
"29816,715,""Long-Sleeve Logo Jersey, L"",3,9/30/2013"
29816,712,AWC Logo Cap,3,9/30/2013
"29816,869,""Women's Mountain Shorts, L"",3,12/31/2013"
"29816,707,""Sport-100 Helmet, Red"",4,6/30/2013"
"29816,868,""Women's Mountain Shorts, M"",3,12/31/2013"
29816,876,Hitch Rack - 4-Bike,4,3/31/2014
"29816,862,""Full-Finger Gloves, M"",3,3/30/2013"
"29816,867,""Women's Mountain Shorts, S"",3,3/31/2014"
"29816,859,""Half-Finger Gloves, M"",3,6/30/2013"
"29816,708,""Sport-100 Helmet, Black"",4,6/30/2013"
"29816,865,""Classic Vest, M"",3,6/30/2013"
"29816,711,""Sport-100 Helmet, Blue"",4,6/30/2013"
"29816,884,""Short-Sleeve Classic Jersey, XL"",3,3/31/2014"
"29816,852,""Women's Tights, S"",3,6/30/2012"
"29816,864,""Classic Vest, S"",3,3/31/2014"
"29817,707,""Sport-100 Helmet, Red"",4,3/31/2014"
"29817,716,""Long-Sleeve Logo Jersey, XL"",3,6/30/2013"
"29817,875,""Racing Socks, L"",3,3/31/2014"
"29817,715,""Long-Sleeve Logo Jersey, L"",3,3/31/2014"
"29817,859,""Half-Finger Gloves, M"",3,3/31/2014"
29817,870,Water Bottle - 30 oz.,4,3/31/2014
"29817,708,""Sport-100 Helmet, Black"",4,3/31/2014"
29817,876,Hitch Rack - 4-Bike,4,3/31/2014
29817,877,Bike Wash - Dissolver,4,3/31/2014
29817,880,Hydration Pack - 70 oz.,4,3/31/2014
"29817,714,""Long-Sleeve Logo Jersey, M"",3,3/31/2014"
"29817,883,""Short-Sleeve Classic Jersey, L"",3,3/31/2014"
"29817,864,""Classic Vest, S"",3,3/31/2014"
29817,712,AWC Logo Cap,3,3/31/2014
"29817,881,""Short-Sleeve Classic Jersey, S"",3,3/31/2014"
"29817,884,""Short-Sleeve Classic Jersey, XL"",3,3/31/2014"
"29818,716,""Long-Sleeve Logo Jersey, XL"",3,10/1/2011"
"29818,863,""Full-Finger Gloves, L"",3,3/30/2013"
"29818,715,""Long-Sleeve Logo Jersey, L"",3,3/30/2012"
"29818,707,""Sport-100 Helmet, Red"",4,3/31/2014"
"29818,861,""Full-Finger Gloves, S"",3,3/30/2013"
"29818,709,""Mountain Bike Socks, M"",3,3/30/2012"
"29818,868,""Women's Mountain Shorts, M"",3,3/31/2014"
"29818,867,""Women's Mountain Shorts, S"",3,3/31/2014"
"29818,708,""Sport-100 Helmet, Black"",4,3/30/2012"
"29818,869,""Women's Mountain Shorts, L"",3,3/31/2014"
"29818,711,""Sport-100 Helmet, Blue"",4,9/30/2013"
"29818,714,""Long-Sleeve Logo Jersey, M"",3,3/30/2012"
29818,712,AWC Logo Cap,3,3/30/2012
"29819,708,""Sport-100 Helmet, Black"",4,12/31/2012"
"29821,708,""Sport-100 Helmet, Black"",4,5/1/2014"
29821,877,Bike Wash - Dissolver,4,5/1/2014
"29821,858,""Half-Finger Gloves, S"",3,10/30/2013"
29821,870,Water Bottle - 30 oz.,4,5/1/2014
"29821,715,""Long-Sleeve Logo Jersey, L"",3,5/1/2014"
"29821,881,""Short-Sleeve Classic Jersey, S"",3,5/1/2014"
"29821,865,""Classic Vest, M"",3,5/1/2014"
"29821,859,""Half-Finger Gloves, M"",3,5/1/2014"
29821,880,Hydration Pack - 70 oz.,4,5/1/2014
29821,712,AWC Logo Cap,3,5/1/2014
29821,873,Patch Kit/8 Patches,4,7/31/2013
29821,876,Hitch Rack - 4-Bike,4,5/1/2014
"29821,707,""Sport-100 Helmet, Red"",4,5/1/2014"
"29821,711,""Sport-100 Helmet, Blue"",4,5/1/2014"
"29821,864,""Classic Vest, S"",3,5/1/2014"
"29822,868,""Women's Mountain Shorts, M"",3,10/30/2013"
"29822,867,""Women's Mountain Shorts, S"",3,5/1/2014"
"29822,863,""Full-Finger Gloves, L"",3,4/30/2013"
"29822,861,""Full-Finger Gloves, S"",3,7/31/2012"
29823,876,Hitch Rack - 4-Bike,4,5/1/2014
29823,877,Bike Wash - Dissolver,4,5/1/2014
"29823,881,""Short-Sleeve Classic Jersey, S"",3,5/1/2014"
"29823,859,""Half-Finger Gloves, M"",3,5/1/2014"
"29823,884,""Short-Sleeve Classic Jersey, XL"",3,5/1/2014"
"29823,865,""Classic Vest, M"",3,5/1/2014"
"29823,711,""Sport-100 Helmet, Blue"",4,5/1/2014"
"29823,858,""Half-Finger Gloves, S"",3,7/31/2013"
"29823,883,""Short-Sleeve Classic Jersey, L"",3,5/1/2014"
"29823,715,""Long-Sleeve Logo Jersey, L"",3,5/1/2014"
29823,712,AWC Logo Cap,3,5/1/2014
"29823,707,""Sport-100 Helmet, Red"",4,5/1/2014"
"29823,708,""Sport-100 Helmet, Black"",4,5/1/2014"
"29823,716,""Long-Sleeve Logo Jersey, XL"",3,7/31/2013"
"29824,875,""Racing Socks, L"",3,8/30/2013"
"29824,715,""Long-Sleeve Logo Jersey, L"",3,2/29/2012"
29824,712,AWC Logo Cap,3,2/29/2012
"29824,716,""Long-Sleeve Logo Jersey, XL"",3,2/29/2012"
"29824,708,""Sport-100 Helmet, Black"",4,2/29/2012"
"29824,714,""Long-Sleeve Logo Jersey, M"",3,2/29/2012"
"29825,707,""Sport-100 Helmet, Red"",4,3/1/2014"
"29825,857,""Men's Bib-Shorts, L"",3,5/30/2012"
"29825,855,""Men's Bib-Shorts, S"",3,2/28/2013"
29825,843,Cable Lock,4,2/28/2013
"29825,869,""Women's Mountain Shorts, L"",3,3/1/2014"
"29825,716,""Long-Sleeve Logo Jersey, XL"",3,5/30/2013"
"29825,715,""Long-Sleeve Logo Jersey, L"",3,3/1/2014"
"29825,854,""Women's Tights, L"",3,2/28/2013"
"29825,858,""Half-Finger Gloves, S"",3,8/30/2013"
"29825,708,""Sport-100 Helmet, Black"",4,3/1/2014"
"29825,710,""Mountain Bike Socks, L"",3,8/31/2011"
"29825,862,""Full-Finger Gloves, M"",3,2/28/2013"
"29825,867,""Women's Mountain Shorts, S"",3,11/30/2013"
"29825,714,""Long-Sleeve Logo Jersey, M"",3,3/1/2014"
29825,712,AWC Logo Cap,3,3/1/2014
29825,870,Water Bottle - 30 oz.,4,3/1/2014
"29825,881,""Short-Sleeve Classic Jersey, S"",3,3/1/2014"
"29825,865,""Classic Vest, M"",3,3/1/2014"
"29825,859,""Half-Finger Gloves, M"",3,3/1/2014"
"29825,868,""Women's Mountain Shorts, M"",3,3/1/2014"
"29825,884,""Short-Sleeve Classic Jersey, XL"",3,3/1/2014"
"29825,861,""Full-Finger Gloves, S"",3,8/30/2012"
"29825,711,""Sport-100 Helmet, Blue"",4,3/1/2014"
29825,876,Hitch Rack - 4-Bike,4,3/1/2014
"29825,883,""Short-Sleeve Classic Jersey, L"",3,3/1/2014"
"29825,863,""Full-Finger Gloves, L"",3,2/28/2013"
"29825,709,""Mountain Bike Socks, M"",3,2/29/2012"
"29827,716,""Long-Sleeve Logo Jersey, XL"",3,2/29/2012"
"29827,715,""Long-Sleeve Logo Jersey, L"",3,2/29/2012"
"29827,711,""Sport-100 Helmet, Blue"",4,11/30/2013"
"29827,707,""Sport-100 Helmet, Red"",4,2/29/2012"
"29827,708,""Sport-100 Helmet, Black"",4,11/30/2013"
"29827,714,""Long-Sleeve Logo Jersey, M"",3,3/1/2014"
"29827,875,""Racing Socks, L"",3,3/1/2014"
"29827,859,""Half-Finger Gloves, M"",3,8/30/2013"
29827,876,Hitch Rack - 4-Bike,4,11/30/2013
"29827,874,""Racing Socks, M"",3,3/1/2014"
29827,844,Minipump,4,2/28/2013
29827,870,Water Bottle - 30 oz.,4,11/30/2013
"29828,869,""Women's Mountain Shorts, L"",3,3/31/2014"
"29828,861,""Full-Finger Gloves, S"",3,3/30/2013"
"29828,854,""Women's Tights, L"",3,3/30/2013"
"29828,707,""Sport-100 Helmet, Red"",4,9/30/2012"
"29828,862,""Full-Finger Gloves, M"",3,3/30/2013"
"29828,867,""Women's Mountain Shorts, S"",3,3/31/2014"
"29830,716,""Long-Sleeve Logo Jersey, XL"",3,7/1/2011"
"29830,869,""Women's Mountain Shorts, L"",3,6/30/2013"
"29830,867,""Women's Mountain Shorts, S"",3,3/31/2014"
"29830,710,""Mountain Bike Socks, L"",3,10/1/2011"
"29834,869,""Women's Mountain Shorts, L"",3,1/29/2014"
"29834,861,""Full-Finger Gloves, S"",3,4/30/2013"
"29834,862,""Full-Finger Gloves, M"",3,4/30/2013"
"29834,708,""Sport-100 Helmet, Black"",4,4/30/2012"
"29834,868,""Women's Mountain Shorts, M"",3,5/1/2014"
"29834,867,""Women's Mountain Shorts, S"",3,1/29/2014"
"29834,855,""Men's Bib-Shorts, S"",3,7/31/2012"
29834,712,AWC Logo Cap,3,4/30/2012
"29834,714,""Long-Sleeve Logo Jersey, M"",3,4/30/2013"
"29834,707,""Sport-100 Helmet, Red"",4,4/30/2012"
"29834,711,""Sport-100 Helmet, Blue"",4,4/30/2012"
"29834,716,""Long-Sleeve Logo Jersey, XL"",3,4/30/2012"
"29836,857,""Men's Bib-Shorts, L"",3,6/30/2012"
"29836,859,""Half-Finger Gloves, M"",3,6/30/2012"
"29836,714,""Long-Sleeve Logo Jersey, M"",3,3/30/2013"
"29836,849,""Men's Sports Shorts, M"",3,3/30/2013"
"29836,852,""Women's Tights, S"",3,3/30/2013"
29836,844,Minipump,4,3/30/2013
"29836,856,""Men's Bib-Shorts, M"",3,3/30/2013"
"29836,716,""Long-Sleeve Logo Jersey, XL"",3,9/30/2012"
"29836,707,""Sport-100 Helmet, Red"",4,3/30/2013"
"29836,861,""Full-Finger Gloves, S"",3,3/30/2013"
"29836,863,""Full-Finger Gloves, L"",3,3/30/2013"
"29836,854,""Women's Tights, L"",3,3/30/2013"
"29836,711,""Sport-100 Helmet, Blue"",4,3/30/2013"
"29836,855,""Men's Bib-Shorts, S"",3,6/30/2012"
"29836,862,""Full-Finger Gloves, M"",3,3/30/2013"
"29837,855,""Men's Bib-Shorts, S"",3,2/28/2014"
"29838,856,""Men's Bib-Shorts, M"",3,1/28/2013"
29838,873,Patch Kit/8 Patches,4,7/31/2013
"29838,711,""Sport-100 Helmet, Blue"",4,1/29/2014"
"29838,865,""Classic Vest, M"",3,1/29/2014"
"29841,858,""Half-Finger Gloves, S"",3,5/1/2014"
29841,712,AWC Logo Cap,3,5/1/2014
"29841,859,""Half-Finger Gloves, M"",3,1/29/2014"
"29842,708,""Sport-100 Helmet, Black"",4,1/28/2013"
"29842,856,""Men's Bib-Shorts, M"",3,1/28/2013"
"29842,874,""Racing Socks, M"",3,5/1/2014"
29842,880,Hydration Pack - 70 oz.,4,1/29/2014
"29842,875,""Racing Socks, L"",3,5/1/2014"
"29842,858,""Half-Finger Gloves, S"",3,10/30/2013"
"29842,865,""Classic Vest, M"",3,1/29/2014"
29843,712,AWC Logo Cap,3,7/31/2013
"29844,855,""Men's Bib-Shorts, S"",3,5/30/2012"
"29844,708,""Sport-100 Helmet, Black"",4,3/1/2014"
29844,877,Bike Wash - Dissolver,4,3/1/2014
29844,843,Cable Lock,4,8/30/2012
"29844,859,""Half-Finger Gloves, M"",3,3/1/2014"
"29844,875,""Racing Socks, L"",3,3/1/2014"
29844,880,Hydration Pack - 70 oz.,4,3/1/2014
29844,870,Water Bottle - 30 oz.,4,3/1/2014
"29844,857,""Men's Bib-Shorts, L"",3,5/30/2012"
29844,712,AWC Logo Cap,3,3/1/2014
"29844,714,""Long-Sleeve Logo Jersey, M"",3,3/1/2014"
29844,844,Minipump,4,2/28/2013
"29844,865,""Classic Vest, M"",3,3/1/2014"
"29844,881,""Short-Sleeve Classic Jersey, S"",3,3/1/2014"
"29844,849,""Men's Sports Shorts, M"",3,2/28/2013"
29844,876,Hitch Rack - 4-Bike,4,3/1/2014
"29844,852,""Women's Tights, S"",3,2/28/2013"
"29844,864,""Classic Vest, S"",3,3/1/2014"
"29844,854,""Women's Tights, L"",3,2/28/2013"
"29844,874,""Racing Socks, M"",3,11/30/2013"
"29844,711,""Sport-100 Helmet, Blue"",4,3/1/2014"
"29844,856,""Men's Bib-Shorts, M"",3,2/28/2013"
29845,843,Cable Lock,4,9/30/2013
"29846,855,""Men's Bib-Shorts, S"",3,3/30/2013"
"29846,859,""Half-Finger Gloves, M"",3,9/30/2012"
"29846,711,""Sport-100 Helmet, Blue"",4,1/1/2012"
"29846,856,""Men's Bib-Shorts, M"",3,12/31/2012"
29853,712,AWC Logo Cap,3,3/30/2013
"29853,715,""Long-Sleeve Logo Jersey, L"",3,3/30/2013"
"29853,849,""Men's Sports Shorts, M"",3,3/30/2013"
"29853,857,""Men's Bib-Shorts, L"",3,6/30/2012"
"29853,707,""Sport-100 Helmet, Red"",4,3/30/2013"
"29853,856,""Men's Bib-Shorts, M"",3,3/30/2013"
"29853,855,""Men's Bib-Shorts, S"",3,3/30/2013"
"29853,708,""Sport-100 Helmet, Black"",4,3/30/2013"
29853,843,Cable Lock,4,3/30/2013
"29853,859,""Half-Finger Gloves, M"",3,3/30/2013"
"29853,852,""Women's Tights, S"",3,3/30/2013"
"29853,711,""Sport-100 Helmet, Blue"",4,3/30/2013"
"29854,707,""Sport-100 Helmet, Red"",4,1/29/2014"
"29854,860,""Half-Finger Gloves, L"",3,7/31/2013"
"29856,869,""Women's Mountain Shorts, L"",3,1/29/2014"
29856,877,Bike Wash - Dissolver,4,7/31/2013
"29856,862,""Full-Finger Gloves, M"",3,4/30/2013"
"29856,852,""Women's Tights, S"",3,10/30/2012"
"29856,868,""Women's Mountain Shorts, M"",3,1/29/2014"
"29856,884,""Short-Sleeve Classic Jersey, XL"",3,5/1/2014"
"29856,864,""Classic Vest, S"",3,5/1/2014"
29856,880,Hydration Pack - 70 oz.,4,7/31/2013
"29856,707,""Sport-100 Helmet, Red"",4,7/31/2013"
"29856,861,""Full-Finger Gloves, S"",3,4/30/2013"
"29856,863,""Full-Finger Gloves, L"",3,7/31/2012"
"29856,856,""Men's Bib-Shorts, M"",3,7/31/2012"
"29856,883,""Short-Sleeve Classic Jersey, L"",3,7/31/2013"
29856,870,Water Bottle - 30 oz.,4,5/1/2014
29856,712,AWC Logo Cap,3,10/30/2013
29856,876,Hitch Rack - 4-Bike,4,5/1/2014
"29856,708,""Sport-100 Helmet, Black"",4,7/31/2013"
"29856,867,""Women's Mountain Shorts, S"",3,5/1/2014"
"29858,856,""Men's Bib-Shorts, M"",3,2/28/2013"
"29861,714,""Long-Sleeve Logo Jersey, M"",3,3/30/2012"
"29861,716,""Long-Sleeve Logo Jersey, XL"",3,3/30/2012"
"29861,709,""Mountain Bike Socks, M"",3,3/30/2012"
"29861,707,""Sport-100 Helmet, Red"",4,3/30/2012"
"29861,711,""Sport-100 Helmet, Blue"",4,3/30/2012"
29861,712,AWC Logo Cap,3,3/30/2012
29863,873,Patch Kit/8 Patches,4,12/31/2013
29864,876,Hitch Rack - 4-Bike,4,5/1/2014
"29864,708,""Sport-100 Helmet, Black"",4,7/31/2013"
29864,877,Bike Wash - Dissolver,4,7/31/2013
"29864,859,""Half-Finger Gloves, M"",3,7/31/2013"
"29864,711,""Sport-100 Helmet, Blue"",4,7/31/2013"
"29864,865,""Classic Vest, M"",3,7/31/2013"
"29864,884,""Short-Sleeve Classic Jersey, XL"",3,5/1/2014"
"29864,874,""Racing Socks, M"",3,5/1/2014"
29864,870,Water Bottle - 30 oz.,4,10/30/2013
"29864,715,""Long-Sleeve Logo Jersey, L"",3,10/30/2013"
"29864,854,""Women's Tights, L"",3,4/30/2013"
29864,712,AWC Logo Cap,3,5/1/2014
"29864,856,""Men's Bib-Shorts, M"",3,7/31/2012"
"29864,707,""Sport-100 Helmet, Red"",4,7/31/2013"
29864,880,Hydration Pack - 70 oz.,4,7/31/2013
29865,876,Hitch Rack - 4-Bike,4,3/31/2014
29865,870,Water Bottle - 30 oz.,4,3/31/2014
29865,877,Bike Wash - Dissolver,4,3/31/2014
"29865,714,""Long-Sleeve Logo Jersey, M"",3,6/30/2013"
"29865,883,""Short-Sleeve Classic Jersey, L"",3,3/31/2014"
29865,712,AWC Logo Cap,3,3/31/2014
"29865,852,""Women's Tights, S"",3,3/30/2013"
"29865,874,""Racing Socks, M"",3,9/30/2013"
"29865,856,""Men's Bib-Shorts, M"",3,6/30/2012"
"29865,875,""Racing Socks, L"",3,3/31/2014"
"29865,864,""Classic Vest, S"",3,12/31/2013"
"29865,707,""Sport-100 Helmet, Red"",4,6/30/2012"
"29865,708,""Sport-100 Helmet, Black"",4,6/30/2013"
29866,712,AWC Logo Cap,3,3/30/2012
"29866,715,""Long-Sleeve Logo Jersey, L"",3,3/30/2012"
"29867,716,""Long-Sleeve Logo Jersey, XL"",3,5/30/2012"
"29867,856,""Men's Bib-Shorts, M"",3,2/28/2013"
"29867,852,""Women's Tights, S"",3,2/28/2013"
"29867,708,""Sport-100 Helmet, Black"",4,8/30/2013"
"29868,865,""Classic Vest, M"",3,6/30/2013"
29868,712,AWC Logo Cap,3,9/30/2013
29868,876,Hitch Rack - 4-Bike,4,3/31/2014
"29868,864,""Classic Vest, S"",3,3/31/2014"
"29868,884,""Short-Sleeve Classic Jersey, XL"",3,3/31/2014"
29868,880,Hydration Pack - 70 oz.,4,6/30/2013
"29868,715,""Long-Sleeve Logo Jersey, L"",3,9/30/2013"
"29868,707,""Sport-100 Helmet, Red"",4,6/30/2013"
"29868,883,""Short-Sleeve Classic Jersey, L"",3,6/30/2013"
"29868,867,""Women's Mountain Shorts, S"",3,3/31/2014"
"29868,859,""Half-Finger Gloves, M"",3,6/30/2013"
"29868,868,""Women's Mountain Shorts, M"",3,12/31/2013"
"29868,708,""Sport-100 Helmet, Black"",4,6/30/2013"
"29869,865,""Classic Vest, M"",3,6/30/2013"
"29869,852,""Women's Tights, S"",3,9/30/2012"
"29869,864,""Classic Vest, S"",3,3/31/2014"
29869,876,Hitch Rack - 4-Bike,4,3/31/2014
"29869,869,""Women's Mountain Shorts, L"",3,3/31/2014"
"29869,867,""Women's Mountain Shorts, S"",3,12/31/2013"
29869,880,Hydration Pack - 70 oz.,4,6/30/2013
"29869,711,""Sport-100 Helmet, Blue"",4,6/30/2013"
"29869,863,""Full-Finger Gloves, L"",3,3/30/2013"
"29869,861,""Full-Finger Gloves, S"",3,3/30/2013"
"29869,854,""Women's Tights, L"",3,3/30/2013"
29869,877,Bike Wash - Dissolver,4,6/30/2013
"29869,862,""Full-Finger Gloves, M"",3,3/30/2013"
"29869,859,""Half-Finger Gloves, M"",3,6/30/2013"
"29869,715,""Long-Sleeve Logo Jersey, L"",3,6/30/2013"
29869,870,Water Bottle - 30 oz.,4,6/30/2013
29869,712,AWC Logo Cap,3,9/30/2013
"29869,708,""Sport-100 Helmet, Black"",4,6/30/2013"
29873,877,Bike Wash - Dissolver,4,5/1/2014
29873,870,Water Bottle - 30 oz.,4,5/1/2014
"29873,859,""Half-Finger Gloves, M"",3,7/31/2013"
29873,876,Hitch Rack - 4-Bike,4,5/1/2014
29873,712,AWC Logo Cap,3,5/1/2014
"29873,865,""Classic Vest, M"",3,7/31/2013"
"29873,884,""Short-Sleeve Classic Jersey, XL"",3,5/1/2014"
"29873,711,""Sport-100 Helmet, Blue"",4,7/31/2013"
"29873,874,""Racing Socks, M"",3,5/1/2014"
"29873,881,""Short-Sleeve Classic Jersey, S"",3,7/31/2013"
"29873,715,""Long-Sleeve Logo Jersey, L"",3,5/1/2014"
"29873,883,""Short-Sleeve Classic Jersey, L"",3,10/30/2013"
"29873,707,""Sport-100 Helmet, Red"",4,7/31/2013"
"29873,854,""Women's Tights, L"",3,4/30/2013"
"29873,708,""Sport-100 Helmet, Black"",4,7/31/2013"
"29873,714,""Long-Sleeve Logo Jersey, M"",3,7/31/2013"
"29874,884,""Short-Sleeve Classic Jersey, XL"",3,3/1/2014"
29874,712,AWC Logo Cap,3,3/1/2014
"29874,859,""Half-Finger Gloves, M"",3,5/30/2013"
"29874,864,""Classic Vest, S"",3,3/1/2014"
29874,877,Bike Wash - Dissolver,4,5/30/2013
29874,880,Hydration Pack - 70 oz.,4,5/30/2013
"29874,883,""Short-Sleeve Classic Jersey, L"",3,5/30/2013"
"29874,708,""Sport-100 Helmet, Black"",4,5/30/2013"
"29874,715,""Long-Sleeve Logo Jersey, L"",3,3/1/2014"
29874,870,Water Bottle - 30 oz.,4,8/30/2013
"29874,865,""Classic Vest, M"",3,5/30/2013"
"29875,884,""Short-Sleeve Classic Jersey, XL"",3,11/30/2013"
"29875,714,""Long-Sleeve Logo Jersey, M"",3,5/30/2012"
"29875,711,""Sport-100 Helmet, Blue"",4,2/28/2013"
"29875,716,""Long-Sleeve Logo Jersey, XL"",3,5/30/2012"
"29876,863,""Full-Finger Gloves, L"",3,12/31/2012"
"29876,861,""Full-Finger Gloves, S"",3,3/30/2013"
"29877,865,""Classic Vest, M"",3,7/31/2013"
"29877,864,""Classic Vest, S"",3,5/1/2014"
29877,880,Hydration Pack - 70 oz.,4,7/31/2013
29877,876,Hitch Rack - 4-Bike,4,7/31/2013
"29877,711,""Sport-100 Helmet, Blue"",4,7/31/2013"
"29877,884,""Short-Sleeve Classic Jersey, XL"",3,5/1/2014"
"29877,708,""Sport-100 Helmet, Black"",4,7/31/2013"
"29877,883,""Short-Sleeve Classic Jersey, L"",3,7/31/2013"
"29877,707,""Sport-100 Helmet, Red"",4,7/31/2013"
29877,712,AWC Logo Cap,3,5/1/2014
"29877,859,""Half-Finger Gloves, M"",3,7/31/2013"
"29879,867,""Women's Mountain Shorts, S"",3,3/1/2014"
"29879,868,""Women's Mountain Shorts, M"",3,3/1/2014"
"29879,863,""Full-Finger Gloves, L"",3,11/30/2012"
"29879,861,""Full-Finger Gloves, S"",3,2/28/2013"
"29879,852,""Women's Tights, S"",3,8/30/2012"
"29879,707,""Sport-100 Helmet, Red"",4,5/30/2012"
"29879,854,""Women's Tights, L"",3,2/28/2013"
"29879,715,""Long-Sleeve Logo Jersey, L"",3,2/28/2013"
"29880,859,""Half-Finger Gloves, M"",3,6/30/2013"
"29880,710,""Mountain Bike Socks, L"",3,3/30/2012"
"29880,711,""Sport-100 Helmet, Blue"",4,6/30/2013"
"29880,865,""Classic Vest, M"",3,6/30/2013"
"29880,856,""Men's Bib-Shorts, M"",3,6/30/2012"
29880,880,Hydration Pack - 70 oz.,4,6/30/2013
29880,876,Hitch Rack - 4-Bike,4,3/31/2014
"29880,863,""Full-Finger Gloves, L"",3,3/30/2013"
29880,870,Water Bottle - 30 oz.,4,3/31/2014
29880,877,Bike Wash - Dissolver,4,6/30/2013
"29880,715,""Long-Sleeve Logo Jersey, L"",3,9/30/2013"
"29880,854,""Women's Tights, L"",3,3/30/2013"
29880,712,AWC Logo Cap,3,9/30/2013
"29880,707,""Sport-100 Helmet, Red"",4,6/30/2013"
"29880,869,""Women's Mountain Shorts, L"",3,3/31/2014"
"29880,708,""Sport-100 Helmet, Black"",4,6/30/2013"
"29880,867,""Women's Mountain Shorts, S"",3,3/31/2014"
"29880,862,""Full-Finger Gloves, M"",3,3/30/2013"
"29880,709,""Mountain Bike Socks, M"",3,3/30/2012"
"29880,852,""Women's Tights, S"",3,9/30/2012"
"29882,716,""Long-Sleeve Logo Jersey, XL"",3,4/30/2013"
29882,843,Cable Lock,4,4/30/2013
"29882,859,""Half-Finger Gloves, M"",3,10/30/2012"
"29882,708,""Sport-100 Helmet, Black"",4,1/28/2013"
"29885,714,""Long-Sleeve Logo Jersey, M"",3,3/30/2012"
"29885,857,""Men's Bib-Shorts, L"",3,6/30/2012"
"29885,711,""Sport-100 Helmet, Blue"",4,3/30/2012"
"29885,715,""Long-Sleeve Logo Jersey, L"",3,3/30/2012"
"29885,708,""Sport-100 Helmet, Black"",4,3/30/2012"
29885,712,AWC Logo Cap,3,3/30/2012
"29887,707,""Sport-100 Helmet, Red"",4,1/29/2014"
"29887,859,""Half-Finger Gloves, M"",3,1/29/2014"
"29887,865,""Classic Vest, M"",3,1/29/2014"
"29887,858,""Half-Finger Gloves, S"",3,5/1/2014"
"29888,714,""Long-Sleeve Logo Jersey, M"",3,9/30/2013"
"29888,857,""Men's Bib-Shorts, L"",3,6/30/2012"
"29888,707,""Sport-100 Helmet, Red"",4,3/30/2012"
"29888,716,""Long-Sleeve Logo Jersey, XL"",3,9/30/2012"
"29888,711,""Sport-100 Helmet, Blue"",4,3/30/2012"
"29888,875,""Racing Socks, L"",3,3/31/2014"
"29888,849,""Men's Sports Shorts, M"",3,3/30/2013"
"29888,852,""Women's Tights, S"",3,12/31/2012"
"29888,874,""Racing Socks, M"",3,12/31/2013"
"29888,715,""Long-Sleeve Logo Jersey, L"",3,3/30/2012"
29889,712,AWC Logo Cap,3,2/28/2013
"29889,711,""Sport-100 Helmet, Blue"",4,2/28/2013"
29889,843,Cable Lock,4,2/28/2013
"29889,715,""Long-Sleeve Logo Jersey, L"",3,2/28/2013"
"29889,856,""Men's Bib-Shorts, M"",3,2/28/2013"
"29889,716,""Long-Sleeve Logo Jersey, XL"",3,2/28/2013"
"29889,707,""Sport-100 Helmet, Red"",4,2/28/2013"
"29889,855,""Men's Bib-Shorts, S"",3,2/28/2013"
"29889,854,""Women's Tights, L"",3,2/28/2013"
"29889,708,""Sport-100 Helmet, Black"",4,2/28/2013"
"29889,859,""Half-Finger Gloves, M"",3,2/28/2013"
"29889,849,""Men's Sports Shorts, M"",3,2/28/2013"
29890,880,Hydration Pack - 70 oz.,4,11/30/2013
"29890,849,""Men's Sports Shorts, M"",3,11/30/2012"
"29890,841,""Men's Sports Shorts, S"",3,5/30/2012"
"29890,716,""Long-Sleeve Logo Jersey, XL"",3,2/28/2013"
"29890,856,""Men's Bib-Shorts, M"",3,11/30/2012"
"29890,714,""Long-Sleeve Logo Jersey, M"",3,5/31/2011"
"29890,708,""Sport-100 Helmet, Black"",4,12/1/2011"
"29891,865,""Classic Vest, M"",3,5/1/2014"
"29891,884,""Short-Sleeve Classic Jersey, XL"",3,5/1/2014"
29891,876,Hitch Rack - 4-Bike,4,5/1/2014
"29891,711,""Sport-100 Helmet, Blue"",4,5/1/2014"
29891,843,Cable Lock,4,7/31/2012
"29891,707,""Sport-100 Helmet, Red"",4,5/1/2014"
"29891,715,""Long-Sleeve Logo Jersey, L"",3,5/1/2014"
"29891,869,""Women's Mountain Shorts, L"",3,5/1/2014"
"29891,854,""Women's Tights, L"",3,4/30/2013"
"29891,881,""Short-Sleeve Classic Jersey, S"",3,5/1/2014"
"29891,708,""Sport-100 Helmet, Black"",4,5/1/2014"
"29891,716,""Long-Sleeve Logo Jersey, XL"",3,7/31/2013"
"29891,858,""Half-Finger Gloves, S"",3,7/31/2013"
"29891,867,""Women's Mountain Shorts, S"",3,5/1/2014"
"29891,714,""Long-Sleeve Logo Jersey, M"",3,5/1/2014"
29891,712,AWC Logo Cap,3,5/1/2014
"29891,855,""Men's Bib-Shorts, S"",3,7/31/2012"
"29891,883,""Short-Sleeve Classic Jersey, L"",3,5/1/2014"
"29891,862,""Full-Finger Gloves, M"",3,4/30/2013"
"29891,868,""Women's Mountain Shorts, M"",3,5/1/2014"
29891,870,Water Bottle - 30 oz.,4,5/1/2014
"29891,859,""Half-Finger Gloves, M"",3,5/1/2014"
"29891,864,""Classic Vest, S"",3,5/1/2014"
"29891,852,""Women's Tights, S"",3,4/30/2013"
29891,880,Hydration Pack - 70 oz.,4,5/1/2014
"29892,715,""Long-Sleeve Logo Jersey, L"",3,1/1/2012"
"29892,716,""Long-Sleeve Logo Jersey, XL"",3,3/30/2013"
"29892,708,""Sport-100 Helmet, Black"",4,12/31/2012"
"29894,859,""Half-Finger Gloves, M"",3,3/1/2014"
"29894,874,""Racing Socks, M"",3,11/30/2013"
"29894,881,""Short-Sleeve Classic Jersey, S"",3,8/30/2013"
29894,877,Bike Wash - Dissolver,4,11/30/2013
29894,870,Water Bottle - 30 oz.,4,11/30/2013
"29894,708,""Sport-100 Helmet, Black"",4,8/30/2013"
"29894,715,""Long-Sleeve Logo Jersey, L"",3,11/30/2013"
"29894,875,""Racing Socks, L"",3,3/1/2014"
"29895,884,""Short-Sleeve Classic Jersey, XL"",3,3/31/2014"
"29895,714,""Long-Sleeve Logo Jersey, M"",3,3/31/2014"
"29895,856,""Men's Bib-Shorts, M"",3,3/30/2013"
"29895,711,""Sport-100 Helmet, Blue"",4,3/31/2014"
"29895,864,""Classic Vest, S"",3,3/31/2014"
"29895,865,""Classic Vest, M"",3,3/31/2014"
"29895,881,""Short-Sleeve Classic Jersey, S"",3,3/31/2014"
"29895,854,""Women's Tights, L"",3,3/30/2013"
"29895,883,""Short-Sleeve Classic Jersey, L"",3,3/31/2014"
29895,877,Bike Wash - Dissolver,4,3/31/2014
29895,876,Hitch Rack - 4-Bike,4,3/31/2014
"29895,858,""Half-Finger Gloves, S"",3,9/30/2013"
"29895,716,""Long-Sleeve Logo Jersey, XL"",3,6/30/2013"
"29895,875,""Racing Socks, L"",3,3/31/2014"
29895,880,Hydration Pack - 70 oz.,4,3/31/2014
29895,844,Minipump,4,3/30/2013
"29895,707,""Sport-100 Helmet, Red"",4,3/31/2014"
"29895,849,""Men's Sports Shorts, M"",3,3/30/2013"
29895,873,Patch Kit/8 Patches,4,6/30/2013
"29895,852,""Women's Tights, S"",3,3/30/2013"
"29895,857,""Men's Bib-Shorts, L"",3,6/30/2012"
"29895,874,""Racing Socks, M"",3,3/31/2014"
29895,843,Cable Lock,4,3/30/2013
"29896,863,""Full-Finger Gloves, L"",3,3/30/2013"
"29896,867,""Women's Mountain Shorts, S"",3,3/31/2014"
"29896,862,""Full-Finger Gloves, M"",3,3/30/2013"
"29896,707,""Sport-100 Helmet, Red"",4,6/30/2012"
"29896,869,""Women's Mountain Shorts, L"",3,3/31/2014"
"29896,861,""Full-Finger Gloves, S"",3,3/30/2013"
"29897,707,""Sport-100 Helmet, Red"",4,5/1/2014"
"29897,716,""Long-Sleeve Logo Jersey, XL"",3,8/1/2011"
"29897,875,""Racing Socks, L"",3,10/30/2013"
"29897,849,""Men's Sports Shorts, M"",3,10/30/2012"
"29897,858,""Half-Finger Gloves, S"",3,10/30/2013"
"29897,711,""Sport-100 Helmet, Blue"",4,7/31/2012"
"29897,715,""Long-Sleeve Logo Jersey, L"",3,1/29/2012"
"29897,708,""Sport-100 Helmet, Black"",4,1/28/2013"
29897,876,Hitch Rack - 4-Bike,4,1/29/2014
"29898,710,""Mountain Bike Socks, L"",3,8/31/2011"
"29898,716,""Long-Sleeve Logo Jersey, XL"",3,2/29/2012"
"29898,709,""Mountain Bike Socks, M"",3,2/29/2012"
"29899,874,""Racing Socks, M"",3,3/31/2014"
29899,877,Bike Wash - Dissolver,4,9/30/2013
"29899,875,""Racing Socks, L"",3,3/31/2014"
29901,877,Bike Wash - Dissolver,4,12/31/2013
29901,844,Minipump,4,3/30/2013
29901,870,Water Bottle - 30 oz.,4,12/31/2013
"29901,715,""Long-Sleeve Logo Jersey, L"",3,9/30/2012"
"29901,709,""Mountain Bike Socks, M"",3,1/1/2012"
29901,712,AWC Logo Cap,3,3/30/2012
"29901,869,""Women's Mountain Shorts, L"",3,12/31/2013"
"29901,849,""Men's Sports Shorts, M"",3,6/30/2012"
"29901,868,""Women's Mountain Shorts, M"",3,3/31/2014"
"29901,716,""Long-Sleeve Logo Jersey, XL"",3,3/30/2012"
"29901,711,""Sport-100 Helmet, Blue"",4,3/30/2012"
"29901,714,""Long-Sleeve Logo Jersey, M"",3,3/30/2012"
"29901,862,""Full-Finger Gloves, M"",3,3/30/2013"
29901,843,Cable Lock,4,3/30/2013
"29901,863,""Full-Finger Gloves, L"",3,3/30/2013"
"29901,861,""Full-Finger Gloves, S"",3,3/30/2013"
"29904,864,""Classic Vest, S"",3,3/31/2014"
"29904,865,""Classic Vest, M"",3,3/31/2014"
"29904,856,""Men's Bib-Shorts, M"",3,3/30/2013"
29904,877,Bike Wash - Dissolver,4,3/31/2014
"29904,711,""Sport-100 Helmet, Blue"",4,3/31/2014"
"29904,884,""Short-Sleeve Classic Jersey, XL"",3,3/31/2014"
"29904,861,""Full-Finger Gloves, S"",3,3/30/2013"
"29904,881,""Short-Sleeve Classic Jersey, S"",3,3/31/2014"
29904,880,Hydration Pack - 70 oz.,4,3/31/2014
29904,876,Hitch Rack - 4-Bike,4,3/31/2014
"29904,883,""Short-Sleeve Classic Jersey, L"",3,3/31/2014"
"29904,716,""Long-Sleeve Logo Jersey, XL"",3,6/30/2013"
"29904,707,""Sport-100 Helmet, Red"",4,3/31/2014"
"29904,852,""Women's Tights, S"",3,3/30/2013"
"29904,849,""Men's Sports Shorts, M"",3,3/30/2013"
"29904,858,""Half-Finger Gloves, S"",3,9/30/2013"
29904,873,Patch Kit/8 Patches,4,6/30/2013
"29904,857,""Men's Bib-Shorts, L"",3,6/30/2012"
"29904,868,""Women's Mountain Shorts, M"",3,12/31/2013"
"29904,714,""Long-Sleeve Logo Jersey, M"",3,3/31/2014"
"29904,863,""Full-Finger Gloves, L"",3,3/30/2013"
"29904,867,""Women's Mountain Shorts, S"",3,3/31/2014"
29904,844,Minipump,4,3/30/2013
"29904,855,""Men's Bib-Shorts, S"",3,3/30/2013"
29904,843,Cable Lock,4,3/30/2013
29904,870,Water Bottle - 30 oz.,4,3/31/2014
"29907,707,""Sport-100 Helmet, Red"",4,3/31/2014"
"29907,716,""Long-Sleeve Logo Jersey, XL"",3,6/30/2013"
"29907,881,""Short-Sleeve Classic Jersey, S"",3,3/31/2014"
"29907,715,""Long-Sleeve Logo Jersey, L"",3,3/31/2014"
29907,876,Hitch Rack - 4-Bike,4,3/31/2014
29907,877,Bike Wash - Dissolver,4,3/31/2014
"29907,711,""Sport-100 Helmet, Blue"",4,3/31/2014"
"29907,708,""Sport-100 Helmet, Black"",4,3/31/2014"
"29907,858,""Half-Finger Gloves, S"",3,6/30/2013"
"29907,883,""Short-Sleeve Classic Jersey, L"",3,3/31/2014"
"29907,859,""Half-Finger Gloves, M"",3,3/31/2014"
29907,712,AWC Logo Cap,3,3/31/2014
"29907,865,""Classic Vest, M"",3,3/31/2014"
"29907,884,""Short-Sleeve Classic Jersey, XL"",3,3/31/2014"
"29908,860,""Half-Finger Gloves, L"",3,6/30/2013"
"29909,714,""Long-Sleeve Logo Jersey, M"",3,3/1/2014"
"29909,884,""Short-Sleeve Classic Jersey, XL"",3,3/1/2014"
"29909,711,""Sport-100 Helmet, Blue"",4,3/1/2014"
"29909,716,""Long-Sleeve Logo Jersey, XL"",3,5/30/2013"
"29909,854,""Women's Tights, L"",3,2/28/2013"
"29909,861,""Full-Finger Gloves, S"",3,2/28/2013"
"29909,881,""Short-Sleeve Classic Jersey, S"",3,3/1/2014"
29909,843,Cable Lock,4,2/28/2013
"29909,883,""Short-Sleeve Classic Jersey, L"",3,3/1/2014"
29909,876,Hitch Rack - 4-Bike,4,3/1/2014
"29909,708,""Sport-100 Helmet, Black"",4,3/1/2014"
"29909,858,""Half-Finger Gloves, S"",3,8/30/2013"
"29909,862,""Full-Finger Gloves, M"",3,2/28/2013"
"29909,864,""Classic Vest, S"",3,3/1/2014"
"29909,855,""Men's Bib-Shorts, S"",3,2/28/2013"
29909,712,AWC Logo Cap,3,3/1/2014
"29909,715,""Long-Sleeve Logo Jersey, L"",3,3/1/2014"
"29909,707,""Sport-100 Helmet, Red"",4,3/1/2014"
"29909,865,""Classic Vest, M"",3,3/1/2014"
"29909,859,""Half-Finger Gloves, M"",3,3/1/2014"
"29909,869,""Women's Mountain Shorts, L"",3,3/1/2014"
"29909,867,""Women's Mountain Shorts, S"",3,3/1/2014"
"29909,868,""Women's Mountain Shorts, M"",3,3/1/2014"
"29909,856,""Men's Bib-Shorts, M"",3,2/28/2013"
"29909,863,""Full-Finger Gloves, L"",3,2/28/2013"
"29910,864,""Classic Vest, S"",3,3/31/2014"
"29910,856,""Men's Bib-Shorts, M"",3,3/30/2013"
"29910,863,""Full-Finger Gloves, L"",3,3/30/2013"
"29910,711,""Sport-100 Helmet, Blue"",4,3/31/2014"
"29910,881,""Short-Sleeve Classic Jersey, S"",3,6/30/2013"
"29910,861,""Full-Finger Gloves, S"",3,3/30/2013"
"29910,862,""Full-Finger Gloves, M"",3,12/31/2012"
29910,843,Cable Lock,4,6/30/2012
"29910,854,""Women's Tights, L"",3,3/30/2013"
"29910,855,""Men's Bib-Shorts, S"",3,6/30/2012"
"29910,883,""Short-Sleeve Classic Jersey, L"",3,3/31/2014"
29910,870,Water Bottle - 30 oz.,4,3/31/2014
29910,876,Hitch Rack - 4-Bike,4,3/31/2014
29910,712,AWC Logo Cap,3,3/31/2014
29910,880,Hydration Pack - 70 oz.,4,3/31/2014
"29910,715,""Long-Sleeve Logo Jersey, L"",3,3/31/2014"
"29910,869,""Women's Mountain Shorts, L"",3,3/31/2014"
"29910,708,""Sport-100 Helmet, Black"",4,3/31/2014"
29910,877,Bike Wash - Dissolver,4,3/31/2014
"29910,849,""Men's Sports Shorts, M"",3,9/30/2012"
"29910,867,""Women's Mountain Shorts, S"",3,3/31/2014"
29910,844,Minipump,4,6/30/2012
"29910,714,""Long-Sleeve Logo Jersey, M"",3,6/30/2013"
"29910,852,""Women's Tights, S"",3,3/30/2013"
"29911,711,""Sport-100 Helmet, Blue"",4,3/31/2014"
"29911,881,""Short-Sleeve Classic Jersey, S"",3,3/31/2014"
"29911,883,""Short-Sleeve Classic Jersey, L"",3,3/31/2014"
"29911,884,""Short-Sleeve Classic Jersey, XL"",3,3/31/2014"
"29911,707,""Sport-100 Helmet, Red"",4,3/31/2014"
"29911,858,""Half-Finger Gloves, S"",3,6/30/2013"
"29911,864,""Classic Vest, S"",3,3/31/2014"
"29911,716,""Long-Sleeve Logo Jersey, XL"",3,6/30/2013"
"29911,715,""Long-Sleeve Logo Jersey, L"",3,3/31/2014"
"29911,875,""Racing Socks, L"",3,3/31/2014"
29911,880,Hydration Pack - 70 oz.,4,3/31/2014
"29911,714,""Long-Sleeve Logo Jersey, M"",3,3/31/2014"
29911,876,Hitch Rack - 4-Bike,4,3/31/2014
"29911,859,""Half-Finger Gloves, M"",3,3/31/2014"
"29911,865,""Classic Vest, M"",3,3/31/2014"
"29911,874,""Racing Socks, M"",3,3/31/2014"
"29913,852,""Women's Tights, S"",3,3/30/2013"
"29913,883,""Short-Sleeve Classic Jersey, L"",3,3/31/2014"
"29913,849,""Men's Sports Shorts, M"",3,3/30/2013"
"29913,716,""Long-Sleeve Logo Jersey, XL"",3,6/30/2013"
"29913,856,""Men's Bib-Shorts, M"",3,3/30/2013"
"29913,864,""Classic Vest, S"",3,3/31/2014"
"29913,863,""Full-Finger Gloves, L"",3,3/30/2013"
"29913,867,""Women's Mountain Shorts, S"",3,3/31/2014"
"29913,707,""Sport-100 Helmet, Red"",4,3/31/2014"
29913,844,Minipump,4,3/30/2013
"29913,714,""Long-Sleeve Logo Jersey, M"",3,3/31/2014"
29913,877,Bike Wash - Dissolver,4,3/31/2014
"29913,858,""Half-Finger Gloves, S"",3,9/30/2013"
"29913,868,""Women's Mountain Shorts, M"",3,3/31/2014"
"29913,711,""Sport-100 Helmet, Blue"",4,3/31/2014"
29913,880,Hydration Pack - 70 oz.,4,3/31/2014
"29913,857,""Men's Bib-Shorts, L"",3,6/30/2012"
"29913,884,""Short-Sleeve Classic Jersey, XL"",3,3/31/2014"
"29913,861,""Full-Finger Gloves, S"",3,3/30/2013"
"29913,865,""Classic Vest, M"",3,3/31/2014"
29913,843,Cable Lock,4,3/30/2013
"29913,881,""Short-Sleeve Classic Jersey, S"",3,3/31/2014"
"29913,715,""Long-Sleeve Logo Jersey, L"",3,3/31/2014"
"29913,854,""Women's Tights, L"",3,3/30/2013"
"29913,862,""Full-Finger Gloves, M"",3,3/30/2013"
"29914,711,""Sport-100 Helmet, Blue"",4,8/1/2011"
"29914,716,""Long-Sleeve Logo Jersey, XL"",3,8/1/2011"
"29914,708,""Sport-100 Helmet, Black"",4,8/1/2011"
"29914,707,""Sport-100 Helmet, Red"",4,8/1/2011"
"29915,861,""Full-Finger Gloves, S"",3,10/30/2012"
"29915,869,""Women's Mountain Shorts, L"",3,5/1/2014"
"29915,868,""Women's Mountain Shorts, M"",3,5/1/2014"
"29915,841,""Men's Sports Shorts, S"",3,7/31/2012"
"29916,716,""Long-Sleeve Logo Jersey, XL"",3,7/31/2013"
"29916,715,""Long-Sleeve Logo Jersey, L"",3,5/1/2014"
"29916,707,""Sport-100 Helmet, Red"",4,5/1/2014"
"29916,881,""Short-Sleeve Classic Jersey, S"",3,5/1/2014"
"29916,884,""Short-Sleeve Classic Jersey, XL"",3,5/1/2014"
"29916,711,""Sport-100 Helmet, Blue"",4,5/1/2014"
29916,876,Hitch Rack - 4-Bike,4,5/1/2014
"29916,883,""Short-Sleeve Classic Jersey, L"",3,5/1/2014"
"29916,858,""Half-Finger Gloves, S"",3,5/1/2014"
29916,870,Water Bottle - 30 oz.,4,5/1/2014
"29916,859,""Half-Finger Gloves, M"",3,5/1/2014"
"29916,708,""Sport-100 Helmet, Black"",4,5/1/2014"
"29916,714,""Long-Sleeve Logo Jersey, M"",3,5/1/2014"
"29916,865,""Classic Vest, M"",3,5/1/2014"
29916,712,AWC Logo Cap,3,5/1/2014
"29917,860,""Half-Finger Gloves, L"",3,7/31/2013"
"29918,869,""Women's Mountain Shorts, L"",3,3/31/2014"
"29918,867,""Women's Mountain Shorts, S"",3,12/31/2013"
"29918,868,""Women's Mountain Shorts, M"",3,3/31/2014"
"29919,708,""Sport-100 Helmet, Black"",4,3/30/2013"
"29919,859,""Half-Finger Gloves, M"",3,3/30/2013"
"29919,849,""Men's Sports Shorts, M"",3,3/30/2013"
29919,844,Minipump,4,3/30/2013
"29919,711,""Sport-100 Helmet, Blue"",4,3/30/2013"
"29919,714,""Long-Sleeve Logo Jersey, M"",3,3/30/2013"
"29919,874,""Racing Socks, M"",3,3/31/2014"
"29919,852,""Women's Tights, S"",3,3/30/2013"
"29919,857,""Men's Bib-Shorts, L"",3,6/30/2012"
29919,843,Cable Lock,4,3/30/2013
"29919,854,""Women's Tights, L"",3,3/30/2013"
"29919,856,""Men's Bib-Shorts, M"",3,3/30/2013"
"29919,715,""Long-Sleeve Logo Jersey, L"",3,6/30/2013"
"29919,875,""Racing Socks, L"",3,3/31/2014"
"29920,860,""Half-Finger Gloves, L"",3,5/30/2013"
"29920,861,""Full-Finger Gloves, S"",3,8/30/2012"
"29920,856,""Men's Bib-Shorts, M"",3,11/30/2012"
"29920,716,""Long-Sleeve Logo Jersey, XL"",3,2/28/2013"
"29920,849,""Men's Sports Shorts, M"",3,11/30/2012"
"29920,865,""Classic Vest, M"",3,11/30/2013"
29920,873,Patch Kit/8 Patches,4,5/30/2013
"29921,715,""Long-Sleeve Logo Jersey, L"",3,4/30/2012"
"29921,707,""Sport-100 Helmet, Red"",4,4/30/2012"
"29921,708,""Sport-100 Helmet, Black"",4,4/30/2012"
29921,712,AWC Logo Cap,3,4/30/2012
"29921,711,""Sport-100 Helmet, Blue"",4,4/30/2012"
"29922,858,""Half-Finger Gloves, S"",3,10/30/2013"
"29922,868,""Women's Mountain Shorts, M"",3,5/1/2014"
"29922,867,""Women's Mountain Shorts, S"",3,5/1/2014"
29922,870,Water Bottle - 30 oz.,4,1/29/2014
"29924,716,""Long-Sleeve Logo Jersey, XL"",3,6/30/2013"
"29924,874,""Racing Socks, M"",3,3/31/2014"
"29924,856,""Men's Bib-Shorts, M"",3,3/30/2013"
"29924,715,""Long-Sleeve Logo Jersey, L"",3,3/31/2014"
"29924,884,""Short-Sleeve Classic Jersey, XL"",3,3/31/2014"
29924,843,Cable Lock,4,3/30/2013
"29924,858,""Half-Finger Gloves, S"",3,6/30/2013"
"29924,855,""Men's Bib-Shorts, S"",3,6/30/2012"
"29924,708,""Sport-100 Helmet, Black"",4,3/31/2014"
"29924,883,""Short-Sleeve Classic Jersey, L"",3,3/31/2014"
"29924,714,""Long-Sleeve Logo Jersey, M"",3,3/31/2014"
"29924,875,""Racing Socks, L"",3,3/31/2014"
29924,844,Minipump,4,3/30/2013
"29924,852,""Women's Tights, S"",3,3/30/2013"
29924,712,AWC Logo Cap,3,3/31/2014
29924,870,Water Bottle - 30 oz.,4,3/31/2014
"29924,859,""Half-Finger Gloves, M"",3,3/31/2014"
29924,880,Hydration Pack - 70 oz.,4,3/31/2014
"29924,864,""Classic Vest, S"",3,3/31/2014"
"29924,849,""Men's Sports Shorts, M"",3,3/30/2013"
29924,877,Bike Wash - Dissolver,4,3/31/2014
"29924,857,""Men's Bib-Shorts, L"",3,6/30/2012"
"29925,708,""Sport-100 Helmet, Black"",4,3/30/2012"
"29925,711,""Sport-100 Helmet, Blue"",4,3/30/2012"
"29925,707,""Sport-100 Helmet, Red"",4,3/30/2012"
"29925,710,""Mountain Bike Socks, L"",3,10/1/2011"
29925,712,AWC Logo Cap,3,3/30/2012
"29925,716,""Long-Sleeve Logo Jersey, XL"",3,3/30/2012"
"29925,715,""Long-Sleeve Logo Jersey, L"",3,3/30/2012"
"29925,714,""Long-Sleeve Logo Jersey, M"",3,3/30/2012"
"29929,715,""Long-Sleeve Logo Jersey, L"",3,5/1/2014"
"29929,863,""Full-Finger Gloves, L"",3,4/30/2013"
"29929,856,""Men's Bib-Shorts, M"",3,4/30/2013"
"29929,716,""Long-Sleeve Logo Jersey, XL"",3,7/31/2013"
"29929,707,""Sport-100 Helmet, Red"",4,5/1/2014"
"29929,861,""Full-Finger Gloves, S"",3,4/30/2013"
"29929,867,""Women's Mountain Shorts, S"",3,5/1/2014"
29929,880,Hydration Pack - 70 oz.,4,5/1/2014
"29929,858,""Half-Finger Gloves, S"",3,7/31/2013"
"29929,711,""Sport-100 Helmet, Blue"",4,5/1/2014"
29929,844,Minipump,4,7/31/2012
"29929,868,""Women's Mountain Shorts, M"",3,1/29/2014"
"29929,852,""Women's Tights, S"",3,4/30/2013"
"29929,884,""Short-Sleeve Classic Jersey, XL"",3,5/1/2014"
"29929,714,""Long-Sleeve Logo Jersey, M"",3,5/1/2014"
"29929,864,""Classic Vest, S"",3,5/1/2014"
"29929,881,""Short-Sleeve Classic Jersey, S"",3,5/1/2014"
"29929,883,""Short-Sleeve Classic Jersey, L"",3,5/1/2014"
"29929,865,""Classic Vest, M"",3,5/1/2014"
"29929,849,""Men's Sports Shorts, M"",3,4/30/2013"
29929,877,Bike Wash - Dissolver,4,5/1/2014
"29929,857,""Men's Bib-Shorts, L"",3,7/31/2012"
29929,876,Hitch Rack - 4-Bike,4,5/1/2014
"29929,854,""Women's Tights, L"",3,4/30/2013"
"29929,708,""Sport-100 Helmet, Black"",4,5/1/2014"
29933,880,Hydration Pack - 70 oz.,4,1/29/2014
"29933,860,""Half-Finger Gloves, L"",3,7/31/2013"
"29933,858,""Half-Finger Gloves, S"",3,5/1/2014"
"29935,868,""Women's Mountain Shorts, M"",3,3/31/2014"
29935,844,Minipump,4,3/30/2013
"29935,867,""Women's Mountain Shorts, S"",3,3/31/2014"
"29935,714,""Long-Sleeve Logo Jersey, M"",3,3/31/2014"
29935,876,Hitch Rack - 4-Bike,4,12/31/2013
"29935,881,""Short-Sleeve Classic Jersey, S"",3,3/31/2014"
29935,877,Bike Wash - Dissolver,4,12/31/2013
29935,843,Cable Lock,4,3/30/2013
29935,870,Water Bottle - 30 oz.,4,3/31/2014
"29935,852,""Women's Tights, S"",3,3/30/2013"
"29935,863,""Full-Finger Gloves, L"",3,12/31/2012"
"29935,861,""Full-Finger Gloves, S"",3,3/30/2013"
"29935,854,""Women's Tights, L"",3,12/31/2012"
"29935,855,""Men's Bib-Shorts, S"",3,3/30/2013"
"29935,711,""Sport-100 Helmet, Blue"",4,6/30/2012"
"29937,856,""Men's Bib-Shorts, M"",3,2/28/2013"
"29937,707,""Sport-100 Helmet, Red"",4,2/28/2013"
"29937,863,""Full-Finger Gloves, L"",3,11/30/2012"
"29937,715,""Long-Sleeve Logo Jersey, L"",3,2/28/2013"
"29937,708,""Sport-100 Helmet, Black"",4,2/28/2013"
"29937,854,""Women's Tights, L"",3,2/28/2013"
"29937,852,""Women's Tights, S"",3,2/28/2013"
"29937,850,""Men's Sports Shorts, L"",3,5/30/2012"
"29937,862,""Full-Finger Gloves, M"",3,2/28/2013"
"29937,861,""Full-Finger Gloves, S"",3,5/30/2012"
"29937,859,""Half-Finger Gloves, M"",3,2/28/2013"
29937,712,AWC Logo Cap,3,2/28/2013
"29937,855,""Men's Bib-Shorts, S"",3,2/28/2013"
"29937,849,""Men's Sports Shorts, M"",3,2/28/2013"
"29937,711,""Sport-100 Helmet, Blue"",4,2/28/2013"
29937,844,Minipump,4,2/28/2013
29937,843,Cable Lock,4,2/28/2013
"29937,857,""Men's Bib-Shorts, L"",3,8/30/2012"
"29938,716,""Long-Sleeve Logo Jersey, XL"",3,4/30/2012"
"29938,707,""Sport-100 Helmet, Red"",4,1/29/2012"
"29938,711,""Sport-100 Helmet, Blue"",4,4/30/2012"
"29938,863,""Full-Finger Gloves, L"",3,4/30/2013"
"29938,861,""Full-Finger Gloves, S"",3,7/31/2012"
"29938,868,""Women's Mountain Shorts, M"",3,10/30/2013"
"29938,867,""Women's Mountain Shorts, S"",3,5/1/2014"
"29938,714,""Long-Sleeve Logo Jersey, M"",3,1/29/2012"
"29938,884,""Short-Sleeve Classic Jersey, XL"",3,7/31/2013"
"29938,709,""Mountain Bike Socks, M"",3,4/30/2012"
"29938,864,""Classic Vest, S"",3,7/31/2013"
"29938,715,""Long-Sleeve Logo Jersey, L"",3,5/1/2014"
"29938,862,""Full-Finger Gloves, M"",3,4/30/2013"
"29938,708,""Sport-100 Helmet, Black"",4,4/30/2012"
"29940,883,""Short-Sleeve Classic Jersey, L"",3,9/30/2013"
"29940,884,""Short-Sleeve Classic Jersey, XL"",3,6/30/2013"
"29941,858,""Half-Finger Gloves, S"",3,3/1/2014"
"29941,881,""Short-Sleeve Classic Jersey, S"",3,3/1/2014"
"29941,883,""Short-Sleeve Classic Jersey, L"",3,3/1/2014"
"29941,716,""Long-Sleeve Logo Jersey, XL"",3,3/1/2014"
29941,870,Water Bottle - 30 oz.,4,3/1/2014
"29941,859,""Half-Finger Gloves, M"",3,3/1/2014"
29941,712,AWC Logo Cap,3,3/1/2014
"29941,707,""Sport-100 Helmet, Red"",4,3/1/2014"
"29941,715,""Long-Sleeve Logo Jersey, L"",3,3/1/2014"
"29941,865,""Classic Vest, M"",3,3/1/2014"
"29941,708,""Sport-100 Helmet, Black"",4,3/1/2014"
"29941,867,""Women's Mountain Shorts, S"",3,3/1/2014"
29941,876,Hitch Rack - 4-Bike,4,3/1/2014
29941,873,Patch Kit/8 Patches,4,3/1/2014
"29941,869,""Women's Mountain Shorts, L"",3,11/30/2013"
"29941,860,""Half-Finger Gloves, L"",3,3/1/2014"
"29941,714,""Long-Sleeve Logo Jersey, M"",3,3/1/2014"
"29941,711,""Sport-100 Helmet, Blue"",4,3/1/2014"
"29942,860,""Half-Finger Gloves, L"",3,9/30/2013"
"29945,867,""Women's Mountain Shorts, S"",3,3/31/2014"
"29945,868,""Women's Mountain Shorts, M"",3,12/31/2013"
"29946,708,""Sport-100 Helmet, Black"",4,10/1/2011"
29947,877,Bike Wash - Dissolver,4,3/31/2014
"29947,883,""Short-Sleeve Classic Jersey, L"",3,3/31/2014"
"29947,858,""Half-Finger Gloves, S"",3,3/31/2014"
29947,870,Water Bottle - 30 oz.,4,3/31/2014
"29947,853,""Women's Tights, M"",3,3/30/2013"
29947,844,Minipump,4,3/30/2013
"29947,850,""Men's Sports Shorts, L"",3,3/30/2013"
"29947,857,""Men's Bib-Shorts, L"",3,3/30/2013"
"29947,875,""Racing Socks, L"",3,6/30/2013"
"29947,714,""Long-Sleeve Logo Jersey, M"",3,3/31/2014"
"29947,884,""Short-Sleeve Classic Jersey, XL"",3,3/31/2014"
29947,880,Hydration Pack - 70 oz.,4,3/31/2014
"29947,856,""Men's Bib-Shorts, M"",3,3/30/2013"
"29947,865,""Classic Vest, M"",3,3/31/2014"
"29947,860,""Half-Finger Gloves, L"",3,3/31/2014"
"29947,852,""Women's Tights, S"",3,3/30/2013"
"29947,841,""Men's Sports Shorts, S"",3,3/30/2013"
29947,873,Patch Kit/8 Patches,4,3/31/2014
"29947,716,""Long-Sleeve Logo Jersey, XL"",3,3/31/2014"
"29947,849,""Men's Sports Shorts, M"",3,3/30/2013"
29947,843,Cable Lock,4,3/30/2013
"29947,864,""Classic Vest, S"",3,3/31/2014"
"29947,707,""Sport-100 Helmet, Red"",4,3/31/2014"
"29947,708,""Sport-100 Helmet, Black"",4,3/31/2014"
"29947,854,""Women's Tights, L"",3,3/30/2013"
"29947,855,""Men's Bib-Shorts, S"",3,3/30/2013"
"29950,711,""Sport-100 Helmet, Blue"",4,5/1/2014"
"29950,884,""Short-Sleeve Classic Jersey, XL"",3,5/1/2014"
"29950,841,""Men's Sports Shorts, S"",3,4/30/2013"
"29950,859,""Half-Finger Gloves, M"",3,5/1/2014"
"29950,714,""Long-Sleeve Logo Jersey, M"",3,5/1/2014"
29950,873,Patch Kit/8 Patches,4,5/1/2014
"29950,865,""Classic Vest, M"",3,5/1/2014"
"29950,881,""Short-Sleeve Classic Jersey, S"",3,5/1/2014"
"29950,850,""Men's Sports Shorts, L"",3,4/30/2013"
"29950,861,""Full-Finger Gloves, S"",3,7/31/2012"
"29950,862,""Full-Finger Gloves, M"",3,4/30/2013"
29950,876,Hitch Rack - 4-Bike,4,5/1/2014
"29950,883,""Short-Sleeve Classic Jersey, L"",3,5/1/2014"
"29950,853,""Women's Tights, M"",3,4/30/2013"
29950,870,Water Bottle - 30 oz.,4,1/29/2014
"29950,716,""Long-Sleeve Logo Jersey, XL"",3,5/1/2014"
"29950,707,""Sport-100 Helmet, Red"",4,5/1/2014"
"29950,715,""Long-Sleeve Logo Jersey, L"",3,5/1/2014"
"29950,858,""Half-Finger Gloves, S"",3,5/1/2014"
"29950,860,""Half-Finger Gloves, L"",3,5/1/2014"
"29950,854,""Women's Tights, L"",3,4/30/2013"
"29950,867,""Women's Mountain Shorts, S"",3,5/1/2014"
"29950,868,""Women's Mountain Shorts, M"",3,5/1/2014"
29950,712,AWC Logo Cap,3,5/1/2014
"29950,855,""Men's Bib-Shorts, S"",3,4/30/2013"
"29950,869,""Women's Mountain Shorts, L"",3,5/1/2014"
"29950,708,""Sport-100 Helmet, Black"",4,5/1/2014"
29950,843,Cable Lock,4,4/30/2013
"29950,863,""Full-Finger Gloves, L"",3,4/30/2013"
29950,844,Minipump,4,4/30/2013
"29951,864,""Classic Vest, S"",3,1/29/2014"
"29951,711,""Sport-100 Helmet, Blue"",4,7/31/2013"
"29951,862,""Full-Finger Gloves, M"",3,1/28/2013"
"29951,868,""Women's Mountain Shorts, M"",3,10/30/2013"
"29953,850,""Men's Sports Shorts, L"",3,3/30/2013"
"29953,861,""Full-Finger Gloves, S"",3,6/30/2012"
"29953,708,""Sport-100 Helmet, Black"",4,3/30/2013"
"29953,862,""Full-Finger Gloves, M"",3,3/30/2013"
29953,843,Cable Lock,4,3/30/2013
"29953,854,""Women's Tights, L"",3,3/30/2013"
"29953,863,""Full-Finger Gloves, L"",3,9/30/2012"
"29953,852,""Women's Tights, S"",3,3/30/2013"
"29953,859,""Half-Finger Gloves, M"",3,3/30/2013"
"29953,855,""Men's Bib-Shorts, S"",3,3/30/2013"
"29953,856,""Men's Bib-Shorts, M"",3,3/30/2013"
29953,844,Minipump,4,3/30/2013
29953,712,AWC Logo Cap,3,3/30/2013
"29953,849,""Men's Sports Shorts, M"",3,3/30/2013"
"29953,857,""Men's Bib-Shorts, L"",3,3/30/2013"
"29953,715,""Long-Sleeve Logo Jersey, L"",3,3/30/2013"
"29953,711,""Sport-100 Helmet, Blue"",4,3/30/2013"
"29953,860,""Half-Finger Gloves, L"",3,3/30/2013"
"29953,707,""Sport-100 Helmet, Red"",4,3/30/2013"
"29954,854,""Women's Tights, L"",3,4/30/2013"
"29954,857,""Men's Bib-Shorts, L"",3,4/30/2013"
"29954,850,""Men's Sports Shorts, L"",3,4/30/2013"
"29954,856,""Men's Bib-Shorts, M"",3,4/30/2013"
"29954,858,""Half-Finger Gloves, S"",3,4/30/2013"
"29954,853,""Women's Tights, M"",3,4/30/2013"
29954,844,Minipump,4,4/30/2013
"29954,714,""Long-Sleeve Logo Jersey, M"",3,4/30/2013"
"29954,852,""Women's Tights, S"",3,4/30/2013"
"29954,849,""Men's Sports Shorts, M"",3,4/30/2013"
"29954,860,""Half-Finger Gloves, L"",3,4/30/2013"
"29954,707,""Sport-100 Helmet, Red"",4,4/30/2013"
"29954,716,""Long-Sleeve Logo Jersey, XL"",3,4/30/2013"
"29954,841,""Men's Sports Shorts, S"",3,4/30/2013"
"29954,711,""Sport-100 Helmet, Blue"",4,4/30/2013"
29954,843,Cable Lock,4,4/30/2013
"29955,862,""Full-Finger Gloves, M"",3,3/30/2013"
"29955,854,""Women's Tights, L"",3,12/31/2012"
"29955,869,""Women's Mountain Shorts, L"",3,3/31/2014"
"29955,867,""Women's Mountain Shorts, S"",3,12/31/2013"
"29955,859,""Half-Finger Gloves, M"",3,9/30/2012"
"29955,709,""Mountain Bike Socks, M"",3,3/30/2012"
"29955,863,""Full-Finger Gloves, L"",3,3/30/2013"
"29955,868,""Women's Mountain Shorts, M"",3,3/31/2014"
"29956,858,""Half-Finger Gloves, S"",3,1/28/2013"
"29956,862,""Full-Finger Gloves, M"",3,4/30/2013"
"29956,869,""Women's Mountain Shorts, L"",3,5/1/2014"
29956,844,Minipump,4,4/30/2013
"29956,860,""Half-Finger Gloves, L"",3,5/1/2014"
"29956,868,""Women's Mountain Shorts, M"",3,5/1/2014"
"29956,884,""Short-Sleeve Classic Jersey, XL"",3,10/30/2013"
"29956,863,""Full-Finger Gloves, L"",3,4/30/2013"
"29956,716,""Long-Sleeve Logo Jersey, XL"",3,1/29/2014"
"29957,859,""Half-Finger Gloves, M"",3,5/1/2014"
"29957,715,""Long-Sleeve Logo Jersey, L"",3,5/1/2014"
"29957,707,""Sport-100 Helmet, Red"",4,5/1/2014"
"29957,855,""Men's Bib-Shorts, S"",3,4/30/2013"
29957,712,AWC Logo Cap,3,5/1/2014
29957,844,Minipump,4,4/30/2013
"29957,853,""Women's Tights, M"",3,4/30/2013"
"29957,716,""Long-Sleeve Logo Jersey, XL"",3,5/1/2014"
29957,870,Water Bottle - 30 oz.,4,5/1/2014
29957,843,Cable Lock,4,4/30/2013
"29957,708,""Sport-100 Helmet, Black"",4,5/1/2014"
29957,877,Bike Wash - Dissolver,4,5/1/2014
"29957,865,""Classic Vest, M"",3,5/1/2014"
"29957,884,""Short-Sleeve Classic Jersey, XL"",3,5/1/2014"
"29957,711,""Sport-100 Helmet, Blue"",4,5/1/2014"
"29957,841,""Men's Sports Shorts, S"",3,4/30/2013"
29957,873,Patch Kit/8 Patches,4,5/1/2014
"29957,881,""Short-Sleeve Classic Jersey, S"",3,5/1/2014"
"29957,850,""Men's Sports Shorts, L"",3,4/30/2013"
"29957,874,""Racing Socks, M"",3,10/30/2013"
"29957,858,""Half-Finger Gloves, S"",3,5/1/2014"
29957,876,Hitch Rack - 4-Bike,4,5/1/2014
"29957,854,""Women's Tights, L"",3,4/30/2013"
"29957,883,""Short-Sleeve Classic Jersey, L"",3,5/1/2014"
"29957,875,""Racing Socks, L"",3,5/1/2014"
"29957,857,""Men's Bib-Shorts, L"",3,4/30/2013"
"29958,708,""Sport-100 Helmet, Black"",4,2/28/2013"
29959,873,Patch Kit/8 Patches,4,1/29/2014
"29962,850,""Men's Sports Shorts, L"",3,1/28/2013"
"29963,875,""Racing Socks, L"",3,3/31/2014"
"29963,860,""Half-Finger Gloves, L"",3,9/30/2012"
"29963,850,""Men's Sports Shorts, L"",3,12/31/2012"
"29963,707,""Sport-100 Helmet, Red"",4,3/30/2012"
"29966,864,""Classic Vest, S"",3,5/1/2014"
"29966,865,""Classic Vest, M"",3,5/1/2014"
"29966,883,""Short-Sleeve Classic Jersey, L"",3,5/1/2014"
"29966,881,""Short-Sleeve Classic Jersey, S"",3,5/1/2014"
"29966,874,""Racing Socks, M"",3,10/30/2013"
"29966,711,""Sport-100 Helmet, Blue"",4,5/1/2014"
"29966,854,""Women's Tights, L"",3,4/30/2013"
"29966,884,""Short-Sleeve Classic Jersey, XL"",3,5/1/2014"
"29966,858,""Half-Finger Gloves, S"",3,5/1/2014"
29966,876,Hitch Rack - 4-Bike,4,5/1/2014
"29966,855,""Men's Bib-Shorts, S"",3,4/30/2013"
"29966,716,""Long-Sleeve Logo Jersey, XL"",3,5/1/2014"
"29966,715,""Long-Sleeve Logo Jersey, L"",3,5/1/2014"
"29966,860,""Half-Finger Gloves, L"",3,5/1/2014"
"29966,853,""Women's Tights, M"",3,4/30/2013"
"29966,850,""Men's Sports Shorts, L"",3,4/30/2013"
29966,870,Water Bottle - 30 oz.,4,5/1/2014
"29966,707,""Sport-100 Helmet, Red"",4,5/1/2014"
29966,712,AWC Logo Cap,3,5/1/2014
"29966,859,""Half-Finger Gloves, M"",3,5/1/2014"
29966,873,Patch Kit/8 Patches,4,5/1/2014
29966,843,Cable Lock,4,4/30/2013
"29966,708,""Sport-100 Helmet, Black"",4,5/1/2014"
"29966,841,""Men's Sports Shorts, S"",3,4/30/2013"
"29966,714,""Long-Sleeve Logo Jersey, M"",3,5/1/2014"
29966,877,Bike Wash - Dissolver,4,5/1/2014
"29967,716,""Long-Sleeve Logo Jersey, XL"",3,4/30/2012"
"29967,715,""Long-Sleeve Logo Jersey, L"",3,4/30/2012"
29967,712,AWC Logo Cap,3,4/30/2012
"29967,708,""Sport-100 Helmet, Black"",4,4/30/2012"
"29967,714,""Long-Sleeve Logo Jersey, M"",3,4/30/2012"
"29968,869,""Women's Mountain Shorts, L"",3,3/31/2014"
"29968,858,""Half-Finger Gloves, S"",3,9/30/2013"
"29968,868,""Women's Mountain Shorts, M"",3,3/31/2014"
"29968,867,""Women's Mountain Shorts, S"",3,3/31/2014"
"29968,850,""Men's Sports Shorts, L"",3,9/30/2012"
"29968,707,""Sport-100 Helmet, Red"",4,7/1/2011"
"29968,715,""Long-Sleeve Logo Jersey, L"",3,1/1/2012"
"29968,881,""Short-Sleeve Classic Jersey, S"",3,12/31/2013"
"29969,854,""Women's Tights, L"",3,10/30/2012"
"29969,714,""Long-Sleeve Logo Jersey, M"",3,7/31/2012"
29969,712,AWC Logo Cap,3,4/30/2012
"29971,849,""Men's Sports Shorts, M"",3,7/31/2012"
"29971,856,""Men's Bib-Shorts, M"",3,4/30/2013"
"29971,711,""Sport-100 Helmet, Blue"",4,4/30/2013"
"29971,708,""Sport-100 Helmet, Black"",4,5/1/2014"
"29972,865,""Classic Vest, M"",3,7/31/2013"
29972,880,Hydration Pack - 70 oz.,4,7/31/2013
"29972,864,""Classic Vest, S"",3,5/1/2014"
29972,877,Bike Wash - Dissolver,4,5/1/2014
"29972,714,""Long-Sleeve Logo Jersey, M"",3,7/31/2013"
"29972,884,""Short-Sleeve Classic Jersey, XL"",3,5/1/2014"
"29972,883,""Short-Sleeve Classic Jersey, L"",3,5/1/2014"
"29972,707,""Sport-100 Helmet, Red"",4,7/31/2013"
29972,870,Water Bottle - 30 oz.,4,5/1/2014
"29972,715,""Long-Sleeve Logo Jersey, L"",3,5/1/2014"
"29972,859,""Half-Finger Gloves, M"",3,7/31/2013"
29972,712,AWC Logo Cap,3,5/1/2014
"29974,869,""Women's Mountain Shorts, L"",3,11/30/2013"
"29974,709,""Mountain Bike Socks, M"",3,2/29/2012"
29974,712,AWC Logo Cap,3,2/29/2012
"29974,710,""Mountain Bike Socks, L"",3,2/29/2012"
"29975,714,""Long-Sleeve Logo Jersey, M"",3,7/31/2012"
"29975,884,""Short-Sleeve Classic Jersey, XL"",3,1/29/2014"
"29975,711,""Sport-100 Helmet, Blue"",4,5/1/2014"
"29975,874,""Racing Socks, M"",3,5/1/2014"
"29976,862,""Full-Finger Gloves, M"",3,4/30/2013"
"29976,861,""Full-Finger Gloves, S"",3,4/30/2013"
"29977,867,""Women's Mountain Shorts, S"",3,12/31/2013"
"29977,868,""Women's Mountain Shorts, M"",3,3/31/2014"
"29979,865,""Classic Vest, M"",3,6/30/2013"
"29979,864,""Classic Vest, S"",3,3/31/2014"
29979,880,Hydration Pack - 70 oz.,4,6/30/2013
"29979,714,""Long-Sleeve Logo Jersey, M"",3,6/30/2013"
29979,876,Hitch Rack - 4-Bike,4,3/31/2014
"29979,884,""Short-Sleeve Classic Jersey, XL"",3,3/31/2014"
29979,877,Bike Wash - Dissolver,4,3/31/2014
"29979,883,""Short-Sleeve Classic Jersey, L"",3,3/31/2014"
"29979,881,""Short-Sleeve Classic Jersey, S"",3,6/30/2013"
"29979,711,""Sport-100 Helmet, Blue"",4,6/30/2013"
"29979,707,""Sport-100 Helmet, Red"",4,6/30/2013"
29979,712,AWC Logo Cap,3,9/30/2013
"29980,863,""Full-Finger Gloves, L"",3,4/30/2013"
"29980,862,""Full-Finger Gloves, M"",3,4/30/2013"
"29980,852,""Women's Tights, S"",3,7/31/2012"
"29981,852,""Women's Tights, S"",3,2/28/2013"
29981,870,Water Bottle - 30 oz.,4,3/1/2014
"29981,707,""Sport-100 Helmet, Red"",4,5/30/2012"
"29981,883,""Short-Sleeve Classic Jersey, L"",3,3/1/2014"
"29981,875,""Racing Socks, L"",3,3/1/2014"
"29981,864,""Classic Vest, S"",3,11/30/2013"
"29981,714,""Long-Sleeve Logo Jersey, M"",3,5/30/2013"
29981,877,Bike Wash - Dissolver,4,3/1/2014
"29981,874,""Racing Socks, M"",3,3/1/2014"
"29981,881,""Short-Sleeve Classic Jersey, S"",3,5/30/2013"
"29981,715,""Long-Sleeve Logo Jersey, L"",3,3/1/2014"
"29982,854,""Women's Tights, L"",3,7/31/2012"
"29982,883,""Short-Sleeve Classic Jersey, L"",3,7/31/2013"
"29982,874,""Racing Socks, M"",3,1/29/2014"
"29982,707,""Sport-100 Helmet, Red"",4,7/31/2013"
29982,870,Water Bottle - 30 oz.,4,7/31/2013
"29982,715,""Long-Sleeve Logo Jersey, L"",3,7/31/2013"
29982,876,Hitch Rack - 4-Bike,4,5/1/2014
29982,712,AWC Logo Cap,3,7/31/2013
"29982,708,""Sport-100 Helmet, Black"",4,7/31/2013"
"29982,859,""Half-Finger Gloves, M"",3,7/31/2013"
29982,877,Bike Wash - Dissolver,4,7/31/2013
"29982,711,""Sport-100 Helmet, Blue"",4,7/31/2013"
"29982,865,""Classic Vest, M"",3,7/31/2013"
"29982,884,""Short-Sleeve Classic Jersey, XL"",3,5/1/2014"
"29982,852,""Women's Tights, S"",3,7/31/2012"
"29983,852,""Women's Tights, S"",3,9/30/2012"
"29983,883,""Short-Sleeve Classic Jersey, L"",3,6/30/2013"
"29983,715,""Long-Sleeve Logo Jersey, L"",3,9/30/2013"
29983,870,Water Bottle - 30 oz.,4,6/30/2013
"29983,856,""Men's Bib-Shorts, M"",3,6/30/2012"
"29983,864,""Classic Vest, S"",3,3/31/2014"
29983,712,AWC Logo Cap,3,6/30/2013
"29983,863,""Full-Finger Gloves, L"",3,3/30/2013"
"29983,862,""Full-Finger Gloves, M"",3,3/30/2013"
"29983,708,""Sport-100 Helmet, Black"",4,6/30/2013"
29983,877,Bike Wash - Dissolver,4,6/30/2013
"29983,868,""Women's Mountain Shorts, M"",3,12/31/2013"
"29983,859,""Half-Finger Gloves, M"",3,6/30/2013"
29983,880,Hydration Pack - 70 oz.,4,6/30/2013
"29983,861,""Full-Finger Gloves, S"",3,3/30/2013"
"29983,869,""Women's Mountain Shorts, L"",3,6/30/2013"
"29983,884,""Short-Sleeve Classic Jersey, XL"",3,3/31/2014"
"29983,854,""Women's Tights, L"",3,9/30/2012"
"29984,867,""Women's Mountain Shorts, S"",3,3/31/2014"
29984,876,Hitch Rack - 4-Bike,4,3/31/2014
29984,870,Water Bottle - 30 oz.,4,6/30/2013
"29984,868,""Women's Mountain Shorts, M"",3,3/31/2014"
"29984,859,""Half-Finger Gloves, M"",3,6/30/2013"
"29984,869,""Women's Mountain Shorts, L"",3,3/31/2014"
"29984,865,""Classic Vest, M"",3,6/30/2013"
29984,712,AWC Logo Cap,3,9/30/2013
"29984,711,""Sport-100 Helmet, Blue"",4,6/30/2013"
"29984,707,""Sport-100 Helmet, Red"",4,6/30/2013"
"29984,884,""Short-Sleeve Classic Jersey, XL"",3,3/31/2014"
"29984,883,""Short-Sleeve Classic Jersey, L"",3,6/30/2013"
"29984,715,""Long-Sleeve Logo Jersey, L"",3,9/30/2013"
"29985,868,""Women's Mountain Shorts, M"",3,3/31/2014"
29985,712,AWC Logo Cap,3,3/30/2013
"29985,863,""Full-Finger Gloves, L"",3,3/30/2013"
"29985,862,""Full-Finger Gloves, M"",3,12/31/2012"
"29985,861,""Full-Finger Gloves, S"",3,12/31/2012"
"29986,863,""Full-Finger Gloves, L"",3,3/30/2013"
"29986,868,""Women's Mountain Shorts, M"",3,12/31/2013"
"29986,861,""Full-Finger Gloves, S"",3,3/30/2013"
"29986,867,""Women's Mountain Shorts, S"",3,3/31/2014"
"29987,865,""Classic Vest, M"",3,11/30/2013"
"29987,860,""Half-Finger Gloves, L"",3,3/1/2014"
29992,880,Hydration Pack - 70 oz.,4,3/1/2014
29992,844,Minipump,4,2/28/2013
"29992,884,""Short-Sleeve Classic Jersey, XL"",3,3/1/2014"
"29992,714,""Long-Sleeve Logo Jersey, M"",3,3/1/2014"
"29992,853,""Women's Tights, M"",3,2/28/2013"
"29992,855,""Men's Bib-Shorts, S"",3,2/28/2013"
29992,712,AWC Logo Cap,3,3/1/2014
"29992,864,""Classic Vest, S"",3,3/1/2014"
"29992,874,""Racing Socks, M"",3,8/30/2013"
"29992,860,""Half-Finger Gloves, L"",3,3/1/2014"
29992,877,Bike Wash - Dissolver,4,3/1/2014
"29992,857,""Men's Bib-Shorts, L"",3,2/28/2013"
"29992,856,""Men's Bib-Shorts, M"",3,2/28/2013"
"29992,883,""Short-Sleeve Classic Jersey, L"",3,3/1/2014"
"29992,875,""Racing Socks, L"",3,8/30/2013"
29992,876,Hitch Rack - 4-Bike,4,3/1/2014
"29992,716,""Long-Sleeve Logo Jersey, XL"",3,3/1/2014"
"29992,858,""Half-Finger Gloves, S"",3,3/1/2014"
"29992,715,""Long-Sleeve Logo Jersey, L"",3,3/1/2014"
29992,843,Cable Lock,4,11/30/2012
"29992,708,""Sport-100 Helmet, Black"",4,3/1/2014"
"29992,854,""Women's Tights, L"",3,2/28/2013"
"29992,852,""Women's Tights, S"",3,2/28/2013"
"29992,849,""Men's Sports Shorts, M"",3,2/28/2013"
29992,870,Water Bottle - 30 oz.,4,3/1/2014
"29992,859,""Half-Finger Gloves, M"",3,3/1/2014"
"29994,860,""Half-Finger Gloves, L"",3,8/30/2012"
"29994,711,""Sport-100 Helmet, Blue"",4,8/31/2011"
"29994,857,""Men's Bib-Shorts, L"",3,2/28/2013"
"29994,715,""Long-Sleeve Logo Jersey, L"",3,2/29/2012"
"29994,850,""Men's Sports Shorts, L"",3,11/30/2012"
"29994,874,""Racing Socks, M"",3,8/30/2013"
"29994,881,""Short-Sleeve Classic Jersey, S"",3,8/30/2013"
29994,870,Water Bottle - 30 oz.,4,3/1/2014
"29994,714,""Long-Sleeve Logo Jersey, M"",3,5/30/2012"
"29994,875,""Racing Socks, L"",3,3/1/2014"
29995,876,Hitch Rack - 4-Bike,4,3/31/2014
29995,873,Patch Kit/8 Patches,4,3/31/2014
"29995,707,""Sport-100 Helmet, Red"",4,3/31/2014"
"29995,711,""Sport-100 Helmet, Blue"",4,3/31/2014"
"29995,860,""Half-Finger Gloves, L"",3,3/31/2014"
"29995,716,""Long-Sleeve Logo Jersey, XL"",3,3/31/2014"
"29995,864,""Classic Vest, S"",3,3/31/2014"
"29995,881,""Short-Sleeve Classic Jersey, S"",3,3/31/2014"
"29995,883,""Short-Sleeve Classic Jersey, L"",3,3/31/2014"
"29995,858,""Half-Finger Gloves, S"",3,3/31/2014"
29995,880,Hydration Pack - 70 oz.,4,3/31/2014
"29995,884,""Short-Sleeve Classic Jersey, XL"",3,3/31/2014"
"29995,714,""Long-Sleeve Logo Jersey, M"",3,3/31/2014"
"29995,859,""Half-Finger Gloves, M"",3,3/31/2014"
"29995,865,""Classic Vest, M"",3,3/31/2014"
"29995,715,""Long-Sleeve Logo Jersey, L"",3,3/31/2014"
"29996,854,""Women's Tights, L"",3,3/30/2013"
"29996,850,""Men's Sports Shorts, L"",3,3/30/2013"
"29996,881,""Short-Sleeve Classic Jersey, S"",3,3/31/2014"
"29996,707,""Sport-100 Helmet, Red"",4,3/31/2014"
"29996,862,""Full-Finger Gloves, M"",3,3/30/2013"
29996,870,Water Bottle - 30 oz.,4,3/31/2014
"29996,857,""Men's Bib-Shorts, L"",3,3/30/2013"
"29996,708,""Sport-100 Helmet, Black"",4,3/31/2014"
"29996,859,""Half-Finger Gloves, M"",3,3/31/2014"
29996,877,Bike Wash - Dissolver,4,3/31/2014
29996,844,Minipump,4,3/30/2013
"29996,715,""Long-Sleeve Logo Jersey, L"",3,3/31/2014"
"29996,855,""Men's Bib-Shorts, S"",3,3/30/2013"
29996,712,AWC Logo Cap,3,3/31/2014
"29996,856,""Men's Bib-Shorts, M"",3,3/30/2013"
"29996,865,""Classic Vest, M"",3,3/31/2014"
"29996,867,""Women's Mountain Shorts, S"",3,3/31/2014"
29996,843,Cable Lock,4,3/30/2013
"29996,841,""Men's Sports Shorts, S"",3,3/30/2013"
"29996,869,""Women's Mountain Shorts, L"",3,3/31/2014"
"29996,849,""Men's Sports Shorts, M"",3,3/30/2013"
29996,880,Hydration Pack - 70 oz.,4,3/31/2014
"29996,863,""Full-Finger Gloves, L"",3,12/31/2012"
29996,876,Hitch Rack - 4-Bike,4,3/31/2014
29996,873,Patch Kit/8 Patches,4,3/31/2014
"29996,711,""Sport-100 Helmet, Blue"",4,3/31/2014"
"29996,864,""Classic Vest, S"",3,3/31/2014"
"29996,852,""Women's Tights, S"",3,3/30/2013"
"29996,883,""Short-Sleeve Classic Jersey, L"",3,3/31/2014"
"29997,858,""Half-Finger Gloves, S"",3,9/30/2013"
"29997,883,""Short-Sleeve Classic Jersey, L"",3,6/30/2013"
"29997,707,""Sport-100 Helmet, Red"",4,3/30/2013"
"29997,860,""Half-Finger Gloves, L"",3,3/30/2013"
"29997,853,""Women's Tights, M"",3,3/30/2013"
"29997,850,""Men's Sports Shorts, L"",3,3/30/2013"
29997,877,Bike Wash - Dissolver,4,6/30/2013
"29997,852,""Women's Tights, S"",3,3/30/2013"
"29997,716,""Long-Sleeve Logo Jersey, XL"",3,3/30/2013"
"29997,857,""Men's Bib-Shorts, L"",3,3/30/2013"
"29997,856,""Men's Bib-Shorts, M"",3,3/30/2013"
"29997,867,""Women's Mountain Shorts, S"",3,3/31/2014"
"29997,868,""Women's Mountain Shorts, M"",3,3/31/2014"
"29997,841,""Men's Sports Shorts, S"",3,3/30/2013"
29997,843,Cable Lock,4,3/30/2013
"29997,849,""Men's Sports Shorts, M"",3,3/30/2013"
29997,844,Minipump,4,3/30/2013
"29997,714,""Long-Sleeve Logo Jersey, M"",3,12/31/2013"
"29997,863,""Full-Finger Gloves, L"",3,3/30/2013"
"29997,861,""Full-Finger Gloves, S"",3,6/30/2012"
"29997,862,""Full-Finger Gloves, M"",3,3/30/2013"
"29997,854,""Women's Tights, L"",3,3/30/2013"
"29997,855,""Men's Bib-Shorts, S"",3,3/30/2013"
"29998,857,""Men's Bib-Shorts, L"",3,4/30/2013"
"29998,853,""Women's Tights, M"",3,4/30/2013"
"29998,716,""Long-Sleeve Logo Jersey, XL"",3,4/30/2013"
"29998,850,""Men's Sports Shorts, L"",3,4/30/2013"
"29998,858,""Half-Finger Gloves, S"",3,4/30/2013"
"29998,855,""Men's Bib-Shorts, S"",3,4/30/2013"
"29998,715,""Long-Sleeve Logo Jersey, L"",3,4/30/2013"
29998,712,AWC Logo Cap,3,4/30/2013
29998,843,Cable Lock,4,1/28/2013
"29998,707,""Sport-100 Helmet, Red"",4,4/30/2013"
"29998,708,""Sport-100 Helmet, Black"",4,4/30/2013"
"29998,841,""Men's Sports Shorts, S"",3,4/30/2013"
29998,844,Minipump,4,4/30/2013
"29998,859,""Half-Finger Gloves, M"",3,4/30/2013"
"29998,849,""Men's Sports Shorts, M"",3,4/30/2013"
"29998,711,""Sport-100 Helmet, Blue"",4,4/30/2013"
"30000,861,""Full-Finger Gloves, S"",3,5/30/2012"
"30000,862,""Full-Finger Gloves, M"",3,2/28/2013"
"30000,868,""Women's Mountain Shorts, M"",3,3/1/2014"
"30000,867,""Women's Mountain Shorts, S"",3,3/1/2014"
"30004,868,""Women's Mountain Shorts, M"",3,12/31/2013"
"30004,709,""Mountain Bike Socks, M"",3,1/1/2012"
"30004,710,""Mountain Bike Socks, L"",3,7/1/2011"
"30004,715,""Long-Sleeve Logo Jersey, L"",3,3/30/2012"
"30007,711,""Sport-100 Helmet, Blue"",4,7/31/2013"
"30007,865,""Classic Vest, M"",3,7/31/2013"
"30007,874,""Racing Socks, M"",3,5/1/2014"
"30007,884,""Short-Sleeve Classic Jersey, XL"",3,5/1/2014"
30007,876,Hitch Rack - 4-Bike,4,5/1/2014
30007,877,Bike Wash - Dissolver,4,7/31/2013
"30007,883,""Short-Sleeve Classic Jersey, L"",3,7/31/2013"
30007,870,Water Bottle - 30 oz.,4,7/31/2013
"30007,715,""Long-Sleeve Logo Jersey, L"",3,7/31/2013"
"30007,854,""Women's Tights, L"",3,7/31/2012"
30007,712,AWC Logo Cap,3,7/31/2013
"30007,707,""Sport-100 Helmet, Red"",4,7/31/2013"
"30007,708,""Sport-100 Helmet, Black"",4,7/31/2013"
"30007,859,""Half-Finger Gloves, M"",3,7/31/2013"
"30007,864,""Classic Vest, S"",3,5/1/2014"
"30008,863,""Full-Finger Gloves, L"",3,4/30/2013"
"30008,869,""Women's Mountain Shorts, L"",3,5/1/2014"
"30009,874,""Racing Socks, M"",3,3/31/2014"
30009,876,Hitch Rack - 4-Bike,4,9/30/2013
"30009,711,""Sport-100 Helmet, Blue"",4,3/30/2013"
"30009,875,""Racing Socks, L"",3,3/31/2014"
"30009,716,""Long-Sleeve Logo Jersey, XL"",3,6/30/2012"
"30009,881,""Short-Sleeve Classic Jersey, S"",3,6/30/2013"
"30009,715,""Long-Sleeve Logo Jersey, L"",3,3/31/2014"
"30009,883,""Short-Sleeve Classic Jersey, L"",3,3/31/2014"
"30009,714,""Long-Sleeve Logo Jersey, M"",3,6/30/2013"
"30009,884,""Short-Sleeve Classic Jersey, XL"",3,12/31/2013"
30009,712,AWC Logo Cap,3,3/31/2014
"30009,852,""Women's Tights, S"",3,3/30/2013"
"30011,707,""Sport-100 Helmet, Red"",4,6/30/2013"
"30011,715,""Long-Sleeve Logo Jersey, L"",3,3/31/2014"
"30011,864,""Classic Vest, S"",3,3/31/2014"
"30011,711,""Sport-100 Helmet, Blue"",4,6/30/2013"
"30011,708,""Sport-100 Helmet, Black"",4,6/30/2013"
"30011,883,""Short-Sleeve Classic Jersey, L"",3,6/30/2013"
30011,876,Hitch Rack - 4-Bike,4,9/30/2013
30011,880,Hydration Pack - 70 oz.,4,6/30/2013
"30011,859,""Half-Finger Gloves, M"",3,6/30/2013"
"30011,875,""Racing Socks, L"",3,3/31/2014"
"30011,884,""Short-Sleeve Classic Jersey, XL"",3,3/31/2014"
"30011,865,""Classic Vest, M"",3,6/30/2013"
"30013,715,""Long-Sleeve Logo Jersey, L"",3,10/31/2011"
"30014,715,""Long-Sleeve Logo Jersey, L"",3,3/31/2014"
30014,880,Hydration Pack - 70 oz.,4,6/30/2013
30014,712,AWC Logo Cap,3,3/31/2014
"30014,708,""Sport-100 Helmet, Black"",4,6/30/2013"
"30014,707,""Sport-100 Helmet, Red"",4,6/30/2013"
"30014,859,""Half-Finger Gloves, M"",3,6/30/2013"
"30014,711,""Sport-100 Helmet, Blue"",4,6/30/2013"
"30014,881,""Short-Sleeve Classic Jersey, S"",3,6/30/2013"
"30014,865,""Classic Vest, M"",3,6/30/2013"
30014,876,Hitch Rack - 4-Bike,4,3/31/2014
30014,870,Water Bottle - 30 oz.,4,3/31/2014
30014,877,Bike Wash - Dissolver,4,9/30/2013
30015,877,Bike Wash - Dissolver,4,6/30/2013
"30015,864,""Classic Vest, S"",3,3/31/2014"
"30015,883,""Short-Sleeve Classic Jersey, L"",3,3/31/2014"
30015,880,Hydration Pack - 70 oz.,4,6/30/2013
30015,870,Water Bottle - 30 oz.,4,3/31/2014
"30015,707,""Sport-100 Helmet, Red"",4,6/30/2013"
"30015,884,""Short-Sleeve Classic Jersey, XL"",3,3/31/2014"
30015,712,AWC Logo Cap,3,3/31/2014
30015,876,Hitch Rack - 4-Bike,4,3/31/2014
"30015,708,""Sport-100 Helmet, Black"",4,6/30/2013"
"30015,859,""Half-Finger Gloves, M"",3,6/30/2013"
"30015,865,""Classic Vest, M"",3,6/30/2013"
"30017,852,""Women's Tights, S"",3,9/30/2012"
"30017,863,""Full-Finger Gloves, L"",3,3/30/2013"
"30017,715,""Long-Sleeve Logo Jersey, L"",3,3/30/2013"
"30017,862,""Full-Finger Gloves, M"",3,3/30/2013"
"30017,856,""Men's Bib-Shorts, M"",3,6/30/2012"
"30017,861,""Full-Finger Gloves, S"",3,3/30/2013"
"30017,854,""Women's Tights, L"",3,3/30/2013"
"30017,708,""Sport-100 Helmet, Black"",4,6/30/2012"
"30018,852,""Women's Tights, S"",3,5/30/2012"
"30018,715,""Long-Sleeve Logo Jersey, L"",3,5/30/2012"
"30018,862,""Full-Finger Gloves, M"",3,5/30/2012"
"30018,854,""Women's Tights, L"",3,5/30/2012"
"30018,711,""Sport-100 Helmet, Blue"",4,5/30/2013"
"30018,868,""Women's Mountain Shorts, M"",3,3/1/2014"
"30018,861,""Full-Finger Gloves, S"",3,2/28/2013"
"30018,867,""Women's Mountain Shorts, S"",3,11/30/2013"
"30018,708,""Sport-100 Helmet, Black"",4,5/30/2013"
"30019,861,""Full-Finger Gloves, S"",3,4/30/2013"
"30019,862,""Full-Finger Gloves, M"",3,4/30/2013"
30019,870,Water Bottle - 30 oz.,4,7/31/2013
"30019,863,""Full-Finger Gloves, L"",3,4/30/2013"
"30019,869,""Women's Mountain Shorts, L"",3,5/1/2014"
"30019,867,""Women's Mountain Shorts, S"",3,5/1/2014"
"30020,884,""Short-Sleeve Classic Jersey, XL"",3,5/1/2014"
30020,876,Hitch Rack - 4-Bike,4,7/31/2013
"30020,883,""Short-Sleeve Classic Jersey, L"",3,7/31/2013"
"30020,859,""Half-Finger Gloves, M"",3,7/31/2013"
"30020,865,""Classic Vest, M"",3,7/31/2013"
"30020,864,""Classic Vest, S"",3,5/1/2014"
"30020,715,""Long-Sleeve Logo Jersey, L"",3,7/31/2013"
30020,870,Water Bottle - 30 oz.,4,7/31/2013
30021,876,Hitch Rack - 4-Bike,4,6/30/2013
"30021,869,""Women's Mountain Shorts, L"",3,12/31/2013"
"30021,867,""Women's Mountain Shorts, S"",3,3/31/2014"
"30022,865,""Classic Vest, M"",3,6/30/2013"
"30022,864,""Classic Vest, S"",3,3/31/2014"
"30022,707,""Sport-100 Helmet, Red"",4,6/30/2013"
"30022,884,""Short-Sleeve Classic Jersey, XL"",3,3/31/2014"
"30022,883,""Short-Sleeve Classic Jersey, L"",3,6/30/2013"
30022,870,Water Bottle - 30 oz.,4,6/30/2013
"30022,856,""Men's Bib-Shorts, M"",3,6/30/2012"
"30022,875,""Racing Socks, L"",3,12/31/2013"
30022,877,Bike Wash - Dissolver,4,6/30/2013
30022,880,Hydration Pack - 70 oz.,4,6/30/2013
"30022,852,""Women's Tights, S"",3,6/30/2012"
"30022,874,""Racing Socks, M"",3,3/31/2014"
"30022,711,""Sport-100 Helmet, Blue"",4,6/30/2013"
"30022,854,""Women's Tights, L"",3,6/30/2012"
"30023,874,""Racing Socks, M"",3,3/31/2014"
"30023,707,""Sport-100 Helmet, Red"",4,6/30/2013"
30023,870,Water Bottle - 30 oz.,4,9/30/2013
"30023,715,""Long-Sleeve Logo Jersey, L"",3,9/30/2013"
30023,712,AWC Logo Cap,3,3/31/2014
"30023,854,""Women's Tights, L"",3,3/30/2013"
"30023,708,""Sport-100 Helmet, Black"",4,6/30/2013"
30023,877,Bike Wash - Dissolver,4,6/30/2013
30023,876,Hitch Rack - 4-Bike,4,3/31/2014
"30023,859,""Half-Finger Gloves, M"",3,6/30/2013"
"30023,884,""Short-Sleeve Classic Jersey, XL"",3,3/31/2014"
"30023,711,""Sport-100 Helmet, Blue"",4,6/30/2013"
"30023,865,""Classic Vest, M"",3,6/30/2013"
"30023,852,""Women's Tights, S"",3,9/30/2012"
"30023,883,""Short-Sleeve Classic Jersey, L"",3,6/30/2013"
"30024,869,""Women's Mountain Shorts, L"",3,12/31/2013"
"30024,868,""Women's Mountain Shorts, M"",3,3/31/2014"
"30026,874,""Racing Socks, M"",3,3/31/2014"
30027,712,AWC Logo Cap,3,5/1/2014
"30027,881,""Short-Sleeve Classic Jersey, S"",3,7/31/2013"
"30027,715,""Long-Sleeve Logo Jersey, L"",3,5/1/2014"
"30027,883,""Short-Sleeve Classic Jersey, L"",3,5/1/2014"
"30028,715,""Long-Sleeve Logo Jersey, L"",3,3/30/2013"
30028,712,AWC Logo Cap,3,3/30/2013
"30028,863,""Full-Finger Gloves, L"",3,3/30/2013"
"30028,711,""Sport-100 Helmet, Blue"",4,6/30/2012"
"30028,856,""Men's Bib-Shorts, M"",3,6/30/2012"
"30028,861,""Full-Finger Gloves, S"",3,3/30/2013"
"30028,854,""Women's Tights, L"",3,3/30/2013"
"30028,708,""Sport-100 Helmet, Black"",4,6/30/2012"
30029,876,Hitch Rack - 4-Bike,4,5/1/2014
"30029,867,""Women's Mountain Shorts, S"",3,5/1/2014"
"30029,868,""Women's Mountain Shorts, M"",3,5/1/2014"
"30029,861,""Full-Finger Gloves, S"",3,4/30/2013"
"30029,863,""Full-Finger Gloves, L"",3,4/30/2013"
"30030,708,""Sport-100 Helmet, Black"",4,3/31/2014"
30030,880,Hydration Pack - 70 oz.,4,6/30/2013
30030,877,Bike Wash - Dissolver,4,3/31/2014
"30030,849,""Men's Sports Shorts, M"",3,6/30/2012"
"30030,711,""Sport-100 Helmet, Blue"",4,3/31/2014"
"30030,881,""Short-Sleeve Classic Jersey, S"",3,6/30/2013"
"30030,874,""Racing Socks, M"",3,3/31/2014"
"30030,854,""Women's Tights, L"",3,3/30/2013"
"30030,715,""Long-Sleeve Logo Jersey, L"",3,3/30/2013"
30030,712,AWC Logo Cap,3,3/31/2014
"30030,864,""Classic Vest, S"",3,12/31/2013"
"30030,707,""Sport-100 Helmet, Red"",4,6/30/2012"
"30030,852,""Women's Tights, S"",3,3/30/2013"
"30030,856,""Men's Bib-Shorts, M"",3,3/30/2013"
"30030,884,""Short-Sleeve Classic Jersey, XL"",3,12/31/2013"
"30034,881,""Short-Sleeve Classic Jersey, S"",3,7/31/2013"
"30034,875,""Racing Socks, L"",3,7/31/2013"
"30034,714,""Long-Sleeve Logo Jersey, M"",3,7/31/2013"
"30037,707,""Sport-100 Helmet, Red"",4,7/31/2012"
"30037,852,""Women's Tights, S"",3,10/30/2012"
"30037,862,""Full-Finger Gloves, M"",3,4/30/2013"
"30037,861,""Full-Finger Gloves, S"",3,4/30/2013"
"30037,854,""Women's Tights, L"",3,4/30/2013"
"30037,715,""Long-Sleeve Logo Jersey, L"",3,4/30/2013"
30037,870,Water Bottle - 30 oz.,4,5/1/2014
"30037,856,""Men's Bib-Shorts, M"",3,7/31/2012"
30037,712,AWC Logo Cap,3,4/30/2013
"30037,869,""Women's Mountain Shorts, L"",3,5/1/2014"
"30037,708,""Sport-100 Helmet, Black"",4,7/31/2012"
30037,876,Hitch Rack - 4-Bike,4,5/1/2014
"30037,867,""Women's Mountain Shorts, S"",3,5/1/2014"
"30039,707,""Sport-100 Helmet, Red"",4,5/30/2013"
"30039,715,""Long-Sleeve Logo Jersey, L"",3,8/30/2013"
"30039,716,""Long-Sleeve Logo Jersey, XL"",3,5/30/2012"
30039,870,Water Bottle - 30 oz.,4,3/1/2014
30039,712,AWC Logo Cap,3,3/1/2014
"30039,854,""Women's Tights, L"",3,2/28/2013"
"30039,708,""Sport-100 Helmet, Black"",4,3/1/2014"
30039,877,Bike Wash - Dissolver,4,8/30/2013
"30039,859,""Half-Finger Gloves, M"",3,5/30/2013"
30039,876,Hitch Rack - 4-Bike,4,3/1/2014
"30039,856,""Men's Bib-Shorts, M"",3,5/30/2012"
"30039,865,""Classic Vest, M"",3,5/30/2013"
"30039,874,""Racing Socks, M"",3,3/1/2014"
"30039,881,""Short-Sleeve Classic Jersey, S"",3,5/30/2013"
"30039,711,""Sport-100 Helmet, Blue"",4,3/1/2014"
30039,880,Hydration Pack - 70 oz.,4,5/30/2013
"30039,852,""Women's Tights, S"",3,8/30/2012"
"30041,711,""Sport-100 Helmet, Blue"",4,8/30/2012"
"30043,865,""Classic Vest, M"",3,5/1/2014"
30043,712,AWC Logo Cap,3,5/1/2014
"30043,864,""Classic Vest, S"",3,5/1/2014"
30043,876,Hitch Rack - 4-Bike,4,5/1/2014
"30043,860,""Half-Finger Gloves, L"",3,5/1/2014"
"30043,857,""Men's Bib-Shorts, L"",3,1/28/2013"
30043,873,Patch Kit/8 Patches,4,5/1/2014
"30043,716,""Long-Sleeve Logo Jersey, XL"",3,5/1/2014"
"30043,874,""Racing Socks, M"",3,10/30/2013"
"30043,711,""Sport-100 Helmet, Blue"",4,5/1/2014"
"30043,881,""Short-Sleeve Classic Jersey, S"",3,5/1/2014"
"30043,884,""Short-Sleeve Classic Jersey, XL"",3,5/1/2014"
"30043,708,""Sport-100 Helmet, Black"",4,5/1/2014"
"30043,715,""Long-Sleeve Logo Jersey, L"",3,5/1/2014"
"30043,707,""Sport-100 Helmet, Red"",4,5/1/2014"
"30043,714,""Long-Sleeve Logo Jersey, M"",3,5/1/2014"
"30043,858,""Half-Finger Gloves, S"",3,5/1/2014"
"30043,850,""Men's Sports Shorts, L"",3,4/30/2013"
"30043,883,""Short-Sleeve Classic Jersey, L"",3,5/1/2014"
"30043,875,""Racing Socks, L"",3,5/1/2014"
30044,843,Cable Lock,4,3/30/2013
"30044,711,""Sport-100 Helmet, Blue"",4,3/30/2013"
"30044,714,""Long-Sleeve Logo Jersey, M"",3,3/30/2013"
"30044,849,""Men's Sports Shorts, M"",3,3/30/2013"
"30044,863,""Full-Finger Gloves, L"",3,3/30/2013"
"30044,860,""Half-Finger Gloves, L"",3,6/30/2012"
"30044,857,""Men's Bib-Shorts, L"",3,3/30/2013"
"30044,861,""Full-Finger Gloves, S"",3,6/30/2012"
"30044,850,""Men's Sports Shorts, L"",3,9/30/2012"
"30044,854,""Women's Tights, L"",3,3/30/2013"
"30044,708,""Sport-100 Helmet, Black"",4,3/30/2013"
"30044,862,""Full-Finger Gloves, M"",3,3/30/2013"
30044,844,Minipump,4,3/30/2013
30044,712,AWC Logo Cap,3,3/30/2013
"30044,855,""Men's Bib-Shorts, S"",3,3/30/2013"
"30044,715,""Long-Sleeve Logo Jersey, L"",3,3/30/2013"
"30044,852,""Women's Tights, S"",3,3/30/2013"
"30044,859,""Half-Finger Gloves, M"",3,3/30/2013"
"30044,856,""Men's Bib-Shorts, M"",3,3/30/2013"
30045,844,Minipump,4,3/30/2013
"30045,849,""Men's Sports Shorts, M"",3,3/30/2013"
"30045,859,""Half-Finger Gloves, M"",3,3/30/2013"
"30045,841,""Men's Sports Shorts, S"",3,3/30/2013"
"30045,711,""Sport-100 Helmet, Blue"",4,3/30/2013"
"30045,714,""Long-Sleeve Logo Jersey, M"",3,3/30/2013"
"30045,863,""Full-Finger Gloves, L"",3,3/30/2013"
"30045,861,""Full-Finger Gloves, S"",3,6/30/2012"
"30045,854,""Women's Tights, L"",3,3/30/2013"
"30045,850,""Men's Sports Shorts, L"",3,3/30/2013"
"30045,860,""Half-Finger Gloves, L"",3,3/30/2013"
"30045,858,""Half-Finger Gloves, S"",3,3/30/2013"
"30045,852,""Women's Tights, S"",3,3/30/2013"
"30045,707,""Sport-100 Helmet, Red"",4,3/30/2013"
"30045,853,""Women's Tights, M"",3,3/30/2013"
"30045,716,""Long-Sleeve Logo Jersey, XL"",3,3/30/2013"
"30045,857,""Men's Bib-Shorts, L"",3,3/30/2013"
"30045,856,""Men's Bib-Shorts, M"",3,3/30/2013"
"30045,708,""Sport-100 Helmet, Black"",4,3/30/2013"
"30046,867,""Women's Mountain Shorts, S"",3,5/1/2014"
"30046,841,""Men's Sports Shorts, S"",3,10/30/2012"
"30046,863,""Full-Finger Gloves, L"",3,4/30/2013"
"30046,881,""Short-Sleeve Classic Jersey, S"",3,10/30/2013"
"30046,707,""Sport-100 Helmet, Red"",4,7/31/2012"
"30046,869,""Women's Mountain Shorts, L"",3,5/1/2014"
"30046,862,""Full-Finger Gloves, M"",3,4/30/2013"
"30046,868,""Women's Mountain Shorts, M"",3,5/1/2014"
"30047,850,""Men's Sports Shorts, L"",3,12/31/2012"
"30047,860,""Half-Finger Gloves, L"",3,9/30/2012"
"30048,841,""Men's Sports Shorts, S"",3,2/28/2013"
"30048,856,""Men's Bib-Shorts, M"",3,2/28/2013"
"30048,716,""Long-Sleeve Logo Jersey, XL"",3,3/1/2014"
"30048,715,""Long-Sleeve Logo Jersey, L"",3,3/1/2014"
"30048,850,""Men's Sports Shorts, L"",3,2/28/2013"
"30048,869,""Women's Mountain Shorts, L"",3,3/1/2014"
"30048,854,""Women's Tights, L"",3,2/28/2013"
"30048,862,""Full-Finger Gloves, M"",3,2/28/2013"
"30048,867,""Women's Mountain Shorts, S"",3,3/1/2014"
"30048,708,""Sport-100 Helmet, Black"",4,3/1/2014"
30048,843,Cable Lock,4,2/28/2013
"30048,858,""Half-Finger Gloves, S"",3,3/1/2014"
"30048,707,""Sport-100 Helmet, Red"",4,3/1/2014"
30048,844,Minipump,4,2/28/2013
30048,870,Water Bottle - 30 oz.,4,3/1/2014
"30048,859,""Half-Finger Gloves, M"",3,3/1/2014"
"30048,853,""Women's Tights, M"",3,2/28/2013"
30048,712,AWC Logo Cap,3,3/1/2014
"30048,884,""Short-Sleeve Classic Jersey, XL"",3,3/1/2014"
"30048,881,""Short-Sleeve Classic Jersey, S"",3,3/1/2014"
30048,876,Hitch Rack - 4-Bike,4,3/1/2014
"30048,855,""Men's Bib-Shorts, S"",3,2/28/2013"
"30048,865,""Classic Vest, M"",3,3/1/2014"
"30048,711,""Sport-100 Helmet, Blue"",4,3/1/2014"
30048,873,Patch Kit/8 Patches,4,3/1/2014
30048,877,Bike Wash - Dissolver,4,3/1/2014
"30048,849,""Men's Sports Shorts, M"",3,2/28/2013"
"30048,863,""Full-Finger Gloves, L"",3,2/28/2013"
"30048,860,""Half-Finger Gloves, L"",3,8/30/2013"
"30049,874,""Racing Socks, M"",3,10/30/2013"
"30049,875,""Racing Socks, L"",3,5/1/2014"
"30049,852,""Women's Tights, S"",3,4/30/2013"
30049,712,AWC Logo Cap,3,10/30/2012
"30049,711,""Sport-100 Helmet, Blue"",4,1/29/2014"
"30050,862,""Full-Finger Gloves, M"",3,4/30/2013"
"30050,707,""Sport-100 Helmet, Red"",4,5/1/2014"
"30050,867,""Women's Mountain Shorts, S"",3,5/1/2014"
"30050,868,""Women's Mountain Shorts, M"",3,5/1/2014"
"30050,853,""Women's Tights, M"",3,4/30/2013"
"30050,858,""Half-Finger Gloves, S"",3,7/31/2013"
"30050,869,""Women's Mountain Shorts, L"",3,5/1/2014"
"30050,841,""Men's Sports Shorts, S"",3,1/28/2013"
"30050,716,""Long-Sleeve Logo Jersey, XL"",3,1/29/2014"
"30050,860,""Half-Finger Gloves, L"",3,5/1/2014"
"30055,715,""Long-Sleeve Logo Jersey, L"",3,9/30/2012"
"30055,863,""Full-Finger Gloves, L"",3,12/31/2012"
"30055,862,""Full-Finger Gloves, M"",3,3/30/2013"
30055,843,Cable Lock,4,6/30/2012
"30055,869,""Women's Mountain Shorts, L"",3,12/31/2013"
"30055,867,""Women's Mountain Shorts, S"",3,12/31/2013"
"30055,859,""Half-Finger Gloves, M"",3,12/31/2013"
30055,712,AWC Logo Cap,3,6/30/2013
30059,873,Patch Kit/8 Patches,4,12/31/2013
"30059,716,""Long-Sleeve Logo Jersey, XL"",3,12/31/2013"
"30059,711,""Sport-100 Helmet, Blue"",4,3/31/2014"
"30059,881,""Short-Sleeve Classic Jersey, S"",3,6/30/2013"
"30060,849,""Men's Sports Shorts, M"",3,9/30/2012"
"30060,714,""Long-Sleeve Logo Jersey, M"",3,12/31/2013"
"30060,864,""Classic Vest, S"",3,9/30/2013"
"30060,861,""Full-Finger Gloves, S"",3,6/30/2012"
"30060,863,""Full-Finger Gloves, L"",3,3/30/2013"
30060,870,Water Bottle - 30 oz.,4,3/31/2014
"30065,861,""Full-Finger Gloves, S"",3,2/28/2013"
"30065,869,""Women's Mountain Shorts, L"",3,3/1/2014"
"30065,862,""Full-Finger Gloves, M"",3,2/28/2013"
"30065,868,""Women's Mountain Shorts, M"",3,3/1/2014"
"30067,862,""Full-Finger Gloves, M"",3,2/28/2013"
"30067,869,""Women's Mountain Shorts, L"",3,3/1/2014"
"30067,868,""Women's Mountain Shorts, M"",3,3/1/2014"
"30067,709,""Mountain Bike Socks, M"",3,2/29/2012"
"30067,863,""Full-Finger Gloves, L"",3,2/28/2013"
30070,873,Patch Kit/8 Patches,4,5/30/2013
"30070,707,""Sport-100 Helmet, Red"",4,3/1/2014"
"30070,714,""Long-Sleeve Logo Jersey, M"",3,3/1/2014"
"30070,865,""Classic Vest, M"",3,11/30/2013"
"30070,883,""Short-Sleeve Classic Jersey, L"",3,11/30/2013"
30070,876,Hitch Rack - 4-Bike,4,11/30/2013
"30070,858,""Half-Finger Gloves, S"",3,8/30/2013"
"30070,711,""Sport-100 Helmet, Blue"",4,11/30/2013"
"30070,881,""Short-Sleeve Classic Jersey, S"",3,3/1/2014"
30071,877,Bike Wash - Dissolver,4,5/1/2014
"30071,869,""Women's Mountain Shorts, L"",3,5/1/2014"
30071,876,Hitch Rack - 4-Bike,4,5/1/2014
"30071,708,""Sport-100 Helmet, Black"",4,5/1/2014"
30071,870,Water Bottle - 30 oz.,4,5/1/2014
"30071,859,""Half-Finger Gloves, M"",3,5/1/2014"
"30071,865,""Classic Vest, M"",3,5/1/2014"
30071,712,AWC Logo Cap,3,5/1/2014
"30071,867,""Women's Mountain Shorts, S"",3,5/1/2014"
"30071,707,""Sport-100 Helmet, Red"",4,10/30/2013"
"30071,715,""Long-Sleeve Logo Jersey, L"",3,5/1/2014"
"30071,711,""Sport-100 Helmet, Blue"",4,5/1/2014"
"30071,881,""Short-Sleeve Classic Jersey, S"",3,10/30/2013"
30071,880,Hydration Pack - 70 oz.,4,5/1/2014
"30071,864,""Classic Vest, S"",3,5/1/2014"
"30071,858,""Half-Finger Gloves, S"",3,7/31/2013"
30074,844,Minipump,4,3/30/2013
"30074,855,""Men's Bib-Shorts, S"",3,3/30/2013"
"30074,857,""Men's Bib-Shorts, L"",3,6/30/2012"
"30074,714,""Long-Sleeve Logo Jersey, M"",3,3/30/2013"
30074,712,AWC Logo Cap,3,3/30/2013
"30074,849,""Men's Sports Shorts, M"",3,3/30/2013"
"30074,707,""Sport-100 Helmet, Red"",4,3/30/2013"
"30074,852,""Women's Tights, S"",3,3/30/2013"
"30074,856,""Men's Bib-Shorts, M"",3,3/30/2013"
30074,843,Cable Lock,4,3/30/2013
"30074,708,""Sport-100 Helmet, Black"",4,3/30/2013"
"30074,716,""Long-Sleeve Logo Jersey, XL"",3,3/30/2013"
"30075,841,""Men's Sports Shorts, S"",3,5/30/2012"
"30075,884,""Short-Sleeve Classic Jersey, XL"",3,3/1/2014"
"30075,860,""Half-Finger Gloves, L"",3,5/30/2013"
"30075,707,""Sport-100 Helmet, Red"",4,3/1/2014"
"30075,711,""Sport-100 Helmet, Blue"",4,3/1/2014"
"30075,868,""Women's Mountain Shorts, M"",3,3/1/2014"
"30075,716,""Long-Sleeve Logo Jersey, XL"",3,5/30/2013"
30075,873,Patch Kit/8 Patches,4,5/30/2013
"30075,715,""Long-Sleeve Logo Jersey, L"",3,3/1/2014"
"30075,708,""Sport-100 Helmet, Black"",4,3/1/2014"
"30075,854,""Women's Tights, L"",3,2/28/2013"
"30075,858,""Half-Finger Gloves, S"",3,3/1/2014"
30075,876,Hitch Rack - 4-Bike,4,3/1/2014
"30075,881,""Short-Sleeve Classic Jersey, S"",3,3/1/2014"
"30075,855,""Men's Bib-Shorts, S"",3,2/28/2013"
"30075,883,""Short-Sleeve Classic Jersey, L"",3,3/1/2014"
"30075,862,""Full-Finger Gloves, M"",3,2/28/2013"
"30075,714,""Long-Sleeve Logo Jersey, M"",3,3/1/2014"
"30075,859,""Half-Finger Gloves, M"",3,3/1/2014"
30075,712,AWC Logo Cap,3,3/1/2014
"30075,865,""Classic Vest, M"",3,3/1/2014"
"30075,869,""Women's Mountain Shorts, L"",3,3/1/2014"
30075,843,Cable Lock,4,2/28/2013
30075,870,Water Bottle - 30 oz.,4,3/1/2014
"30075,867,""Women's Mountain Shorts, S"",3,3/1/2014"
"30075,852,""Women's Tights, S"",3,2/28/2013"
"30075,856,""Men's Bib-Shorts, M"",3,2/28/2013"
"30075,861,""Full-Finger Gloves, S"",3,2/28/2013"
"30076,714,""Long-Sleeve Logo Jersey, M"",3,3/30/2012"
30076,712,AWC Logo Cap,3,1/1/2012
"30076,716,""Long-Sleeve Logo Jersey, XL"",3,3/30/2012"
"30076,708,""Sport-100 Helmet, Black"",4,3/30/2012"
"30076,715,""Long-Sleeve Logo Jersey, L"",3,3/30/2012"
30082,877,Bike Wash - Dissolver,4,5/1/2014
30082,870,Water Bottle - 30 oz.,4,5/1/2014
"30082,859,""Half-Finger Gloves, M"",3,5/1/2014"
"30082,865,""Classic Vest, M"",3,5/1/2014"
30082,712,AWC Logo Cap,3,5/1/2014
"30082,711,""Sport-100 Helmet, Blue"",4,5/1/2014"
"30082,884,""Short-Sleeve Classic Jersey, XL"",3,5/1/2014"
"30082,716,""Long-Sleeve Logo Jersey, XL"",3,7/31/2013"
"30082,715,""Long-Sleeve Logo Jersey, L"",3,5/1/2014"
"30082,707,""Sport-100 Helmet, Red"",4,5/1/2014"
30082,873,Patch Kit/8 Patches,4,7/31/2013
"30082,881,""Short-Sleeve Classic Jersey, S"",3,5/1/2014"
"30082,883,""Short-Sleeve Classic Jersey, L"",3,5/1/2014"
"30082,708,""Sport-100 Helmet, Black"",4,5/1/2014"
30082,876,Hitch Rack - 4-Bike,4,5/1/2014
30083,844,Minipump,4,4/30/2013
"30083,859,""Half-Finger Gloves, M"",3,4/30/2013"
"30083,715,""Long-Sleeve Logo Jersey, L"",3,4/30/2013"
"30083,855,""Men's Bib-Shorts, S"",3,4/30/2013"
30083,712,AWC Logo Cap,3,4/30/2013
30083,843,Cable Lock,4,4/30/2013
"30083,849,""Men's Sports Shorts, M"",3,4/30/2013"
"30083,857,""Men's Bib-Shorts, L"",3,7/31/2012"
"30083,716,""Long-Sleeve Logo Jersey, XL"",3,4/30/2013"
"30083,856,""Men's Bib-Shorts, M"",3,4/30/2013"
"30083,714,""Long-Sleeve Logo Jersey, M"",3,4/30/2013"
"30083,852,""Women's Tights, S"",3,4/30/2013"
"30085,859,""Half-Finger Gloves, M"",3,9/30/2012"
"30085,856,""Men's Bib-Shorts, M"",3,12/31/2012"
"30085,867,""Women's Mountain Shorts, S"",3,9/30/2013"
30085,873,Patch Kit/8 Patches,4,6/30/2013
"30088,709,""Mountain Bike Socks, M"",3,4/30/2012"
"30088,714,""Long-Sleeve Logo Jersey, M"",3,10/31/2011"
"30088,711,""Sport-100 Helmet, Blue"",4,4/30/2012"
"30088,707,""Sport-100 Helmet, Red"",4,4/30/2012"
"30088,716,""Long-Sleeve Logo Jersey, XL"",3,4/30/2012"
30088,712,AWC Logo Cap,3,4/30/2012
"30090,711,""Sport-100 Helmet, Blue"",4,4/30/2012"
"30090,715,""Long-Sleeve Logo Jersey, L"",3,4/30/2012"
"30090,708,""Sport-100 Helmet, Black"",4,4/30/2012"
"30092,884,""Short-Sleeve Classic Jersey, XL"",3,5/1/2014"
"30092,883,""Short-Sleeve Classic Jersey, L"",3,5/1/2014"
30092,712,AWC Logo Cap,3,5/1/2014
30092,870,Water Bottle - 30 oz.,4,5/1/2014
"30092,859,""Half-Finger Gloves, M"",3,10/30/2013"
"30092,715,""Long-Sleeve Logo Jersey, L"",3,5/1/2014"
"30092,864,""Classic Vest, S"",3,5/1/2014"
"30092,708,""Sport-100 Helmet, Black"",4,5/1/2014"
30092,880,Hydration Pack - 70 oz.,4,5/1/2014
30092,877,Bike Wash - Dissolver,4,5/1/2014
"30092,707,""Sport-100 Helmet, Red"",4,5/1/2014"
"30092,711,""Sport-100 Helmet, Blue"",4,5/1/2014"
"30093,881,""Short-Sleeve Classic Jersey, S"",3,6/30/2013"
"30093,858,""Half-Finger Gloves, S"",3,6/30/2013"
"30093,707,""Sport-100 Helmet, Red"",4,3/31/2014"
"30093,883,""Short-Sleeve Classic Jersey, L"",3,3/31/2014"
"30093,715,""Long-Sleeve Logo Jersey, L"",3,3/31/2014"
"30093,716,""Long-Sleeve Logo Jersey, XL"",3,6/30/2013"
30093,712,AWC Logo Cap,3,3/31/2014
"30093,864,""Classic Vest, S"",3,3/31/2014"
"30093,708,""Sport-100 Helmet, Black"",4,3/31/2014"
"30093,884,""Short-Sleeve Classic Jersey, XL"",3,3/31/2014"
"30093,714,""Long-Sleeve Logo Jersey, M"",3,6/30/2013"
"30093,711,""Sport-100 Helmet, Blue"",4,3/31/2014"
"30093,859,""Half-Finger Gloves, M"",3,9/30/2013"
"30093,865,""Classic Vest, M"",3,3/31/2014"
"30094,874,""Racing Socks, M"",3,3/31/2014"
"30094,875,""Racing Socks, L"",3,12/31/2013"
"30095,875,""Racing Socks, L"",3,3/31/2014"
"30096,710,""Mountain Bike Socks, L"",3,8/31/2011"
"30096,861,""Full-Finger Gloves, S"",3,2/28/2013"
"30096,862,""Full-Finger Gloves, M"",3,2/28/2013"
"30097,884,""Short-Sleeve Classic Jersey, XL"",3,5/1/2014"
"30097,714,""Long-Sleeve Logo Jersey, M"",3,7/31/2013"
"30097,865,""Classic Vest, M"",3,5/1/2014"
"30097,864,""Classic Vest, S"",3,5/1/2014"
30097,880,Hydration Pack - 70 oz.,4,5/1/2014
"30097,711,""Sport-100 Helmet, Blue"",4,5/1/2014"
30097,877,Bike Wash - Dissolver,4,5/1/2014
"30097,883,""Short-Sleeve Classic Jersey, L"",3,5/1/2014"
30097,870,Water Bottle - 30 oz.,4,5/1/2014
"30097,707,""Sport-100 Helmet, Red"",4,5/1/2014"
"30097,859,""Half-Finger Gloves, M"",3,5/1/2014"
30097,712,AWC Logo Cap,3,5/1/2014
"30100,708,""Sport-100 Helmet, Black"",4,3/30/2012"
"30100,714,""Long-Sleeve Logo Jersey, M"",3,3/30/2012"
"30100,711,""Sport-100 Helmet, Blue"",4,3/30/2012"
"30100,707,""Sport-100 Helmet, Red"",4,3/30/2012"
"30100,715,""Long-Sleeve Logo Jersey, L"",3,3/30/2012"
"30101,868,""Women's Mountain Shorts, M"",3,9/30/2013"
"30101,869,""Women's Mountain Shorts, L"",3,3/31/2014"
30103,844,Minipump,4,3/30/2013
"30103,859,""Half-Finger Gloves, M"",3,3/31/2014"
30103,880,Hydration Pack - 70 oz.,4,3/31/2014
"30103,865,""Classic Vest, M"",3,3/31/2014"
"30103,711,""Sport-100 Helmet, Blue"",4,3/31/2014"
"30103,714,""Long-Sleeve Logo Jersey, M"",3,3/31/2014"
"30103,855,""Men's Bib-Shorts, S"",3,3/30/2013"
30103,712,AWC Logo Cap,3,3/31/2014
"30103,864,""Classic Vest, S"",3,3/31/2014"
"30103,874,""Racing Socks, M"",3,9/30/2013"
"30103,857,""Men's Bib-Shorts, L"",3,3/30/2013"
"30103,850,""Men's Sports Shorts, L"",3,3/30/2013"
30103,876,Hitch Rack - 4-Bike,4,3/31/2014
30103,877,Bike Wash - Dissolver,4,3/31/2014
"30103,875,""Racing Socks, L"",3,3/31/2014"
"30103,856,""Men's Bib-Shorts, M"",3,3/30/2013"
"30103,881,""Short-Sleeve Classic Jersey, S"",3,3/31/2014"
"30103,860,""Half-Finger Gloves, L"",3,3/31/2014"
"30103,715,""Long-Sleeve Logo Jersey, L"",3,3/31/2014"
30103,843,Cable Lock,4,3/30/2013
30103,870,Water Bottle - 30 oz.,4,3/31/2014
"30103,849,""Men's Sports Shorts, M"",3,3/30/2013"
"30103,852,""Women's Tights, S"",3,3/30/2013"
"30103,708,""Sport-100 Helmet, Black"",4,3/31/2014"
"30103,854,""Women's Tights, L"",3,3/30/2013"
"30103,884,""Short-Sleeve Classic Jersey, XL"",3,3/31/2014"
"30104,716,""Long-Sleeve Logo Jersey, XL"",3,2/28/2013"
"30104,850,""Men's Sports Shorts, L"",3,5/30/2012"
"30105,874,""Racing Socks, M"",3,10/30/2013"
"30105,850,""Men's Sports Shorts, L"",3,1/28/2013"
"30105,860,""Half-Finger Gloves, L"",3,10/30/2012"
"30106,707,""Sport-100 Helmet, Red"",4,4/30/2012"
"30106,714,""Long-Sleeve Logo Jersey, M"",3,4/30/2012"
"30106,850,""Men's Sports Shorts, L"",3,1/28/2013"
"30106,716,""Long-Sleeve Logo Jersey, XL"",3,1/29/2012"
"30106,708,""Sport-100 Helmet, Black"",4,4/30/2012"
"30106,711,""Sport-100 Helmet, Blue"",4,1/29/2012"
"30107,883,""Short-Sleeve Classic Jersey, L"",3,3/31/2014"
"30107,858,""Half-Finger Gloves, S"",3,3/31/2014"
30107,877,Bike Wash - Dissolver,4,3/31/2014
"30107,881,""Short-Sleeve Classic Jersey, S"",3,3/31/2014"
"30107,862,""Full-Finger Gloves, M"",3,12/31/2012"
"30107,708,""Sport-100 Helmet, Black"",4,3/31/2014"
"30107,715,""Long-Sleeve Logo Jersey, L"",3,3/31/2014"
"30107,859,""Half-Finger Gloves, M"",3,3/31/2014"
30107,870,Water Bottle - 30 oz.,4,3/31/2014
30107,712,AWC Logo Cap,3,3/31/2014
30107,873,Patch Kit/8 Patches,4,3/31/2014
"30107,865,""Classic Vest, M"",3,3/31/2014"
30107,843,Cable Lock,4,6/30/2012
"30107,869,""Women's Mountain Shorts, L"",3,3/31/2014"
"30107,707,""Sport-100 Helmet, Red"",4,3/31/2014"
"30107,867,""Women's Mountain Shorts, S"",3,3/31/2014"
30107,876,Hitch Rack - 4-Bike,4,3/31/2014
"30107,884,""Short-Sleeve Classic Jersey, XL"",3,3/31/2014"
"30107,711,""Sport-100 Helmet, Blue"",4,3/31/2014"
"30107,868,""Women's Mountain Shorts, M"",3,12/31/2013"
"30107,716,""Long-Sleeve Logo Jersey, XL"",3,3/31/2014"
"30108,862,""Full-Finger Gloves, M"",3,3/30/2013"
"30108,855,""Men's Bib-Shorts, S"",3,12/31/2012"
"30108,863,""Full-Finger Gloves, L"",3,3/30/2013"
"30109,855,""Men's Bib-Shorts, S"",3,2/28/2013"
"30109,860,""Half-Finger Gloves, L"",3,3/1/2014"
"30109,858,""Half-Finger Gloves, S"",3,3/1/2014"
30109,870,Water Bottle - 30 oz.,4,3/1/2014
"30109,853,""Women's Tights, M"",3,2/28/2013"
"30109,716,""Long-Sleeve Logo Jersey, XL"",3,3/1/2014"
"30109,850,""Men's Sports Shorts, L"",3,2/28/2013"
"30109,715,""Long-Sleeve Logo Jersey, L"",3,3/1/2014"
30109,712,AWC Logo Cap,3,3/1/2014
"30109,708,""Sport-100 Helmet, Black"",4,3/1/2014"
30109,843,Cable Lock,4,2/28/2013
"30109,707,""Sport-100 Helmet, Red"",4,3/1/2014"
"30109,714,""Long-Sleeve Logo Jersey, M"",3,3/1/2014"
30109,873,Patch Kit/8 Patches,4,3/1/2014
"30109,841,""Men's Sports Shorts, S"",3,2/28/2013"
"30109,865,""Classic Vest, M"",3,3/1/2014"
"30109,854,""Women's Tights, L"",3,2/28/2013"
"30109,859,""Half-Finger Gloves, M"",3,3/1/2014"
"30109,884,""Short-Sleeve Classic Jersey, XL"",3,3/1/2014"
"30109,874,""Racing Socks, M"",3,5/30/2013"
"30109,711,""Sport-100 Helmet, Blue"",4,3/1/2014"
"30109,881,""Short-Sleeve Classic Jersey, S"",3,3/1/2014"
"30109,883,""Short-Sleeve Classic Jersey, L"",3,3/1/2014"
30109,876,Hitch Rack - 4-Bike,4,3/1/2014
"30109,852,""Women's Tights, S"",3,2/28/2013"
"30109,857,""Men's Bib-Shorts, L"",3,2/28/2013"
"30111,709,""Mountain Bike Socks, M"",3,3/30/2012"
"30111,711,""Sport-100 Helmet, Blue"",4,1/1/2012"
30112,712,AWC Logo Cap,3,3/30/2013
"30112,711,""Sport-100 Helmet, Blue"",4,3/30/2013"
"30112,874,""Racing Socks, M"",3,3/31/2014"
"30112,715,""Long-Sleeve Logo Jersey, L"",3,3/30/2013"
"30112,849,""Men's Sports Shorts, M"",3,3/30/2013"
"30112,857,""Men's Bib-Shorts, L"",3,6/30/2012"
"30112,875,""Racing Socks, L"",3,12/31/2013"
"30112,854,""Women's Tights, L"",3,3/30/2013"
"30112,855,""Men's Bib-Shorts, S"",3,3/30/2013"
"30112,856,""Men's Bib-Shorts, M"",3,3/30/2013"
30112,843,Cable Lock,4,3/30/2013
"30112,708,""Sport-100 Helmet, Black"",4,3/30/2013"
"30112,859,""Half-Finger Gloves, M"",3,3/30/2013"
30112,844,Minipump,4,3/30/2013
"30112,707,""Sport-100 Helmet, Red"",4,3/30/2013"
"30113,849,""Men's Sports Shorts, M"",3,10/30/2012"
30113,880,Hydration Pack - 70 oz.,4,5/1/2014
"30113,861,""Full-Finger Gloves, S"",3,7/31/2012"
"30113,858,""Half-Finger Gloves, S"",3,7/31/2013"
"30113,863,""Full-Finger Gloves, L"",3,4/30/2013"
"30113,867,""Women's Mountain Shorts, S"",3,5/1/2014"
"30113,868,""Women's Mountain Shorts, M"",3,7/31/2013"
"30113,856,""Men's Bib-Shorts, M"",3,10/30/2012"
30113,712,AWC Logo Cap,3,1/28/2013
"30113,715,""Long-Sleeve Logo Jersey, L"",3,1/28/2013"
"30113,862,""Full-Finger Gloves, M"",3,4/30/2013"
30113,870,Water Bottle - 30 oz.,4,10/30/2013
30114,873,Patch Kit/8 Patches,4,5/30/2013
30114,843,Cable Lock,4,8/30/2012
"30114,711,""Sport-100 Helmet, Blue"",4,11/30/2013"
"30114,862,""Full-Finger Gloves, M"",3,11/30/2012"
"30114,708,""Sport-100 Helmet, Black"",4,11/30/2013"
30114,844,Minipump,4,2/28/2013
"30114,859,""Half-Finger Gloves, M"",3,8/30/2012"
"30114,856,""Men's Bib-Shorts, M"",3,11/30/2012"
"30114,865,""Classic Vest, M"",3,11/30/2013"
"30115,714,""Long-Sleeve Logo Jersey, M"",3,3/30/2013"
"30115,857,""Men's Bib-Shorts, L"",3,6/30/2012"
30115,844,Minipump,4,3/30/2013
30115,843,Cable Lock,4,3/30/2013
30117,844,Minipump,4,6/30/2012
"30117,714,""Long-Sleeve Logo Jersey, M"",3,9/30/2013"
"30117,859,""Half-Finger Gloves, M"",3,3/31/2014"
"30117,884,""Short-Sleeve Classic Jersey, XL"",3,3/31/2014"
"30117,856,""Men's Bib-Shorts, M"",3,3/30/2013"
"30117,864,""Classic Vest, S"",3,3/31/2014"
"30117,883,""Short-Sleeve Classic Jersey, L"",3,3/31/2014"
30117,877,Bike Wash - Dissolver,4,3/31/2014
30117,870,Water Bottle - 30 oz.,4,3/31/2014
"30117,874,""Racing Socks, M"",3,3/31/2014"
"30117,854,""Women's Tights, L"",3,3/30/2013"
"30117,857,""Men's Bib-Shorts, L"",3,6/30/2012"
"30117,716,""Long-Sleeve Logo Jersey, XL"",3,6/30/2013"
"30117,875,""Racing Socks, L"",3,12/31/2013"
"30117,858,""Half-Finger Gloves, S"",3,6/30/2013"
"30117,715,""Long-Sleeve Logo Jersey, L"",3,3/31/2014"
"30117,849,""Men's Sports Shorts, M"",3,3/30/2013"
"30117,852,""Women's Tights, S"",3,3/30/2013"
30117,880,Hydration Pack - 70 oz.,4,3/31/2014
"30117,855,""Men's Bib-Shorts, S"",3,6/30/2012"
30117,712,AWC Logo Cap,3,3/31/2014
"30117,708,""Sport-100 Helmet, Black"",4,3/31/2014"
"30118,865,""Classic Vest, M"",3,5/1/2014"
"30118,711,""Sport-100 Helmet, Blue"",4,5/1/2014"
"30118,884,""Short-Sleeve Classic Jersey, XL"",3,5/1/2014"
"30118,714,""Long-Sleeve Logo Jersey, M"",3,5/1/2014"
"30118,864,""Classic Vest, S"",3,5/1/2014"
"30118,883,""Short-Sleeve Classic Jersey, L"",3,5/1/2014"
30118,876,Hitch Rack - 4-Bike,4,5/1/2014
"30118,881,""Short-Sleeve Classic Jersey, S"",3,5/1/2014"
"30118,861,""Full-Finger Gloves, S"",3,4/30/2013"
"30118,715,""Long-Sleeve Logo Jersey, L"",3,5/1/2014"
"30118,716,""Long-Sleeve Logo Jersey, XL"",3,7/31/2013"
"30118,862,""Full-Finger Gloves, M"",3,1/28/2013"
"30118,707,""Sport-100 Helmet, Red"",4,5/1/2014"
"30118,858,""Half-Finger Gloves, S"",3,7/31/2013"
"30118,868,""Women's Mountain Shorts, M"",3,5/1/2014"
"30118,854,""Women's Tights, L"",3,4/30/2013"
30118,712,AWC Logo Cap,3,5/1/2014
"30118,857,""Men's Bib-Shorts, L"",3,7/31/2012"
"30118,855,""Men's Bib-Shorts, S"",3,4/30/2013"
"30118,859,""Half-Finger Gloves, M"",3,5/1/2014"
"30118,867,""Women's Mountain Shorts, S"",3,5/1/2014"
"30118,708,""Sport-100 Helmet, Black"",4,5/1/2014"
"30118,869,""Women's Mountain Shorts, L"",3,5/1/2014"
"30118,856,""Men's Bib-Shorts, M"",3,4/30/2013"
30118,880,Hydration Pack - 70 oz.,4,5/1/2014
